"","fips","1","2","3","4","5","6","7","8","9","10","11","12","13","14","15","16","17","18","19","20","21","22","23","24","25","26","27","28","29","30","31","32","33","34","35","36","37","38","39","40","41","42","43","44"
"1","01001",19.617755579559,4.71170345068653,0,0,0,0,1.35830738894249,1.62888530105036,3.4119619088316,2.89333805024901,0,0,0,0,0,5.67299398410543,3.43980089877184,2.58619217836454,0,0,3.30556028298111,0.756190345871665,1.41211604465269,0,0,0.776744835638178,1.72961468456422,1.81099748770549,1.73703479227312,0.795383033399781,2.14789028109971,0,0.642969353715924,1.31220925451726,0.677926104977998,2.06583994432903,0.671335813303799,0,2.03282587706576,1.95244313693088,2.88294341129278,NA,NA,NA
"2","01003",5.3593048205652,2.69871990544466,0,1.53357174155489,0,6.31072620603599,4.52394120856377,1.88113511758076,0.483209830265118,0.423472708440328,1.60596838985728,1.54609745663957,0.378465026810402,0,3.55446569538601,1.44310079450049,0.651675215704856,3.42124909956476,0.723481544029601,1.48445597959867,0.962286946231083,0.185337796898836,2.72065107626934,0.686407874357471,1.62082601760343,0.308271899402456,0.914722373329759,0.4679671985795,0.82653865258299,1.06038465695498,1.65116671626941,1.95412614863601,0.659918961199164,0,2.20330407690979,1.06428089775392,0.447917956860647,0.45723322667705,0,0.188273702058454,1.34371407963785,1.53917913420685,0.277899366090762,NA
"3","01005",9.50379865884122,0,0,2.83242606908575,0,2.39868300884941,9.00791854577554,0,0.934427497907382,0,0.812357174546331,0.854332743526066,1.81326226689775,0.926226406809061,2.65371670918521,1.5560405456083,1.35049550268805,3.39639068764122,0.470456350899431,0.425149951302144,0.826194355948571,0,0.479959802184596,1.10819219890662,1.25072713119407,0,1.47415483027889,2.20296013305306,0.691660317345531,1.30209121188672,0,NA,NA,NA,NA,NA,NA,NA,NA,NA,NA,NA,NA,NA
"4","01007",5.3593048205652,0,2.07379171298768,0,0,1.78339607117151,3.5400054383723,1.56482038434684,1.33987087684844,0,2.2379536392061,2.03603801644417,2.64531281855158,0.752194633152651,0,0.684055977344848,2.73279818774865,1.29274047290826,1.2007677618851,1.11290143229055,2.03856977347906,0,0.933811766593254,0,0.537327602288981,0,2.90829441888058,2.88741394828943,0,0,0,0,0,1.20404833525803,0,NA,NA,NA,NA,NA,NA,NA,NA,NA
"5","01009",9.50379865884122,7.64133496367432,2.07425218773497,0,0,0,0,1.91063772278947,6.04967684362824,1.63366508401838,0,0,0,0,1.68540444105762,1.99391944640627,0,2.18727217486502,1.98627658074956,3.30117525118906,1.32452256912515,1.11623849034386,1.94649032138394,0,0.875665528119305,0.896987290974898,3.51056963974756,2.28311151915686,1.26970223001795,0,0,1.71448841264657,0,0,1.62421996507135,0.9029343792208,1.87675094439288,0.909012785423347,0,0,NA,NA,NA,NA
"6","01011",0,3.45810439938785,0,0,0,0,0,0,0,0,0,0,32.5135346365349,0,6.35462034214673,0,0,2.99895406766939,6.92953635652246,0,0,0,1.37028877543688,0,3.25771978582175,0,0,1.70285822119899,0,0,0,0,0,0,7.74698091566344,6.08223950019502,0,0,5.22442345471649,NA,NA,NA,NA,NA
"7","01013",0,0,0,0,0,0,0,0,0,0,0,0,40.6838341098687,0,6.38671325301259,0,8.09554894630522,1.73146780823555,1.276793785444,0,1.02079049516076,1.9954131460397,4.42944366547951,0,0.654384550377221,0,0.662751789260242,1.44258113994862,1.53171172339844,1.53153005331607,0,6.99814513259384,0.938083014192878,3.82747890788974,1.30889860429293,0.65117102680359,2.28552326747298,4.22889472571615,1.58376001546366,0.898969300632921,NA,NA,NA,NA
"8","01015",9.50379865884122,0,0,0,2.96787517096382,0,0,12.2667249596553,1.49145454948611,2.04592453941387,0.790420206176659,3.82182252881401,1.52395892085415,0.860162103305668,3.96220173639183,1.99468871065461,1.82922328726695,0.771663318783102,0.177875670065967,0.537782672867661,0.387071917316953,0.44216825895904,0.263302267192866,0,0,0.560322969365194,2.15937107163991,3.81143263376355,5.34566412538282,1.24657036147299,0.646409361907733,0.844113155869964,0.27011822571969,0,0.660683504698158,0,1.00927417363674,0.620063137781453,0.729468283237137,0,4.29267251802099,4.85758886268791,0,NA
"9","01017",0,8.90531749049252,7.25626132747068,2.48117841619479,0,1.9665771334195,4.03158960658486,1.90098681090288,0.782918477514063,1.37125020481549,4.74365231082558,1.8942589183346,0.823104547500012,0.208883133168199,0.511046718972835,0.750205864991879,0.932494214840392,4.83658236472435,1.63506127743794,1.030379809203,1.15887049445729,0.866931302292993,0.241557613318942,0.318529557343254,0.711092743170519,0.409597451765673,0.386225815944301,0.573376586422801,1.58069441362672,0.28670089629275,1.65110466808401,0.75076300743357,1.04222394341065,0,0.484853200401217,0.718845254735166,0.409861139144182,0.477087678177712,0.558796712086269,0,1.54517911689566,2.47200233520928,0.794457436879689,NA
"10","01019",0,0,0,5.25744058045737,0,0,0,7.64483179363838,2.78398531316915,2.01305931733543,0,0,0,1.73303070560257,0,0,0,3.46037229205675,3.31843216579945,0,0,4.67562079701267,1.89886457215476,0,0,0,1.79263612678536,0,0,0,0,8.11728611736882,0,2.65345713615945,0,0,0,0,3.04309862134464,0,NA,NA,NA,NA
"11","01021",19.617755579559,4.71170345068653,1.33792433793579,0,2.55164457573106,0.759086693506406,1.42270305433567,0.683420897127006,0.680019010548915,0,0,3.52417772330291,0.876537911498155,0,3.9749422845723,0.681893194375985,2.34726964942017,0,1.46633000553907,0,1.00983495378156,1.07150341292154,0,1.2645421918458,1.33891129863241,1.35070337981153,0.663232881595685,1.29762700851418,0.636882818461382,1.26792890204259,0,1.35859175747895,0,0.798898346246522,0.884012818366011,0,0,2.62494010881791,3.83323806966623,1.08118732845133,NA,NA,NA,NA
"12","01023",0,0,0,5.25744058045737,3.96894916870393,2.84469980356561,0,0,0,2.15911980657445,0,2.51398345149906,0,0,0,5.74977331010761,4.51045669984304,0,2.68977554432634,0,1.05623840854057,0,1.13817935529824,0,4.02407409170181,1.23373338685225,3.11813357855896,0.846939692133803,2.13548115142418,0,3.93380652520551,3.1644536410227,0,0,1.32130303369171,1.96789835140827,0,0,0.763466654852598,NA,NA,NA,NA,NA
"13","01025",5.3593048205652,7.17278374541353,2.66606182896547,0.925807583368105,0.758199409720853,0,1.4433442254698,0.755704347183124,1.57737981457967,3.01557213398888,0,1.25906954977853,0,1.84939837884471,0,0,0,0,0,1.90582479653368,0,0,0,4.28892984706002,6.80527863316941,2.2740370513506,3.13716897212793,2.26392829329826,1.74806122131314,2.78697800682479,2.21969258046289,0.464884936270283,NA,NA,NA,NA,NA,NA,NA,NA,NA,NA,NA,NA
"14","01027",0,0,5.35623193094833,0,0,0,0,13.8076148388219,3.90090712175009,0,1.00647051554742,0,0,1.06334351869548,1.23026299485181,0,1.58269068312247,3.13342280766195,0,0,0,0,0,7.20907473692493,2.04209395072646,1.58272421464339,0,0,0,0,0,0,0,0,19.5148808632449,0,0,0,2.79562716380509,0,NA,NA,NA,NA
"15","01029",0,11.0886817491692,2.86173001875628,1.86253776518953,0,0,1.38031620179178,0,1.67039052705724,0,0,4.36731254939041,0,5.13686327339409,0,0,0,0,0,0,0,0,0,0,0,0,0,0,0,0,0,0,0,0,0,0,0,0,0,0,NA,NA,NA,NA
"16","01031",0,17.5388058105992,3.73113209819276,0,0.91970854299747,0,0,4.63943298928905,0.860573690823251,2.26987699179774,7.59789041024847,1.76484916526855,0,0.930654672193583,1.5220678112174,0.842778252718967,0.844021605031216,0.860461269613519,1.09855609075188,0.891824501704752,1.12448641291953,1.55252741424362,1.47921971109391,0,1.61011904278725,0.600297995336707,1.40687830447549,0.405131688664692,0.835698934937779,1.29173340263919,0.222438533246227,2.69728568454312,0.85264092499008,NA,NA,NA,NA,NA,NA,NA,NA,NA,NA,NA
"17","01033",0,0,0,5.25744058045737,7.25145641180397,0,0,1.77475181999236,0,0,2.01049997533336,0,2.35314793562858,0,0,2.53800573204696,0,2.52881427214474,2.29762343613036,1.9596069083073,0,1.58499988020511,1.48402615007499,2.69461318905595,1.17835588916771,0,0,4.25753713528,1.87050519626078,0.808326418410977,0,0,0,3.74295506999279,0,1.907009105965,3.36151675171524,2.66233600771947,2.06470470334725,0,NA,NA,NA,NA
"18","01035",0,6.38923392032348,0,0,0,6.10305376245841,0,0,0,4.53995096093765,0,0,0,5.9795195478887,0,2.8638953824084,0,0,0,0,0,0,0,0,0,0,0,0,0,0,0,0,NA,NA,NA,NA,NA,NA,NA,NA,NA,NA,NA,NA
"19","01037",0,0,2.86085361663031,0,2.22230697874396,0,2.08870780759733,1.9610999234637,0,1.75694609279673,1.64873825242362,1.51742346434421,0,0,1.56228053627597,1.63507078949155,9.20939731319908,0,0,0.638663669042994,0.634942735636876,0,1.57157098864146,0,1.02604040036227,1.12270046586074,0,4.70102145691691,1.00504393913724,0,0,0.906234574296577,0.988049473669292,0,0,0,2.0160955224618,0,0,NA,NA,NA,NA,NA
"20","01039",9.50379865884122,0,0,0,2.96787517096382,0,2.87266704783146,0,0,0,3.10689677701912,9.77963722155622,1.54789825301911,0,0.966495268498726,1.7613801308449,0,2.53126592133703,0.80949132389801,0.782782670326036,0.770779446371909,1.5261028503293,0.752675823793127,1.48491324296532,1.42965651233016,0.684584207327467,1.32434983142019,1.27414566574633,0,1.29062972079792,0.668150104226122,0.703543714336687,0.7485805465834,0,1.7860034337513,4.3065515087289,1.43794702782411,0,NA,NA,NA,NA,NA,NA
"21","01041",0,0,0,0,0,0,0,14.0040270250776,0,0,0,0,0,0,0,14.0010617912474,0,0,0,9.25211706169841,0,2.48109471022565,0,0,0,0,5.62145225464583,4.74706097348674,0,1.45395579696498,1.24928764998747,4.19985508718739,0.852867386550986,1.45488908435931,0,1.29132950350787,1.28372661725562,1.27279437588949,NA,NA,NA,NA,NA,NA
"22","01043",0,3.45810439938785,2.3206362711029,3.36447716593153,0,1.18248884085632,0,1.18382209263475,0,1.42695115817247,0,8.65129687614363,0,0,3.67444251614106,0.621965116973184,0.568194750610552,0,4.40050542170487,0.490685584272023,3.36661126181197,0,0.328762827807334,0,0,5.30384183415366,0,0,0.717056058158775,0.371533862686602,0,0,1.86055703059951,0,2.53381518602725,1.64679359891947,0,2.15449967913561,0,1.35241782318421,0,0.751450782669955,0,NA
"23","01045",0,6.38923392032348,0,5.76834489338417,0,0,3.34403701855653,0,0,3.02658066496676,5.14092548427262,0,0,1.64587462765701,0,2.48485888652796,2.34651327454825,0.705752483831694,0,0.665992833238211,0,0.816150607669498,0,2.31112187714484,0,0,0,3.46430970185616,0,1.71941872893485,8.11929793666297,0,NA,NA,NA,NA,NA,NA,NA,NA,NA,NA,NA,NA
"24","01047",0,0,0,0,0,0,0,14.0040270250776,10.4882164428069,0,0,0,0,0,0,9.42525668656271,0,5.4885212854107,0,2.3288540770827,0.66046836565631,1.79258655774861,0,0.578440166712475,1.80358495689389,0.614303346415521,1.84418989606425,0.596739266418227,0,1.84214864908877,0,0.678485644586122,2.8161409771388,0,0,2.83474536065494,0.67952836282501,4.22778961049292,4.51354130693701,1.92586880793229,NA,NA,NA,NA
"25","01049",0,14.6904074042041,0,0,0,1.57092994155016,4.47043974610007,2.46010242100239,2.84402541462539,0.744368926904015,0,0,0,0.872859857160463,2.11991027906863,4.3277042845201,4.20664856423341,0.616447566627581,0.997633978157685,0,1.34068883137474,0.917209828552268,2.74490401311594,0.854104985819434,1.56489378905287,1.75060620469241,2.1385521082992,0.803907980543082,0,0,2.50488704763394,1.13383679120675,0.566926529888392,0.287762063943579,0,0,0.428562526637047,1.08982134893613,6.44226923377992,NA,NA,NA,NA,NA
"26","01051",0,2.3705768629988,0.859344977214641,0.730630469701288,1.36254795940517,0,0.724881325309175,0,0,1.1872885266337,3.9655965595178,2.38573646750978,0,0,0,3.00522690295535,0,4.83950567956351,1.57458316805556,0.651408762402312,1.69699773155369,1.01701537707124,3.58329826717194,1.49387454837576,2.17251207703179,0,1.01019729768942,1.23347416684079,1.45623529391596,0.949881309934494,0.237209822461355,0,0,0,2.20921421867153,0,1.82381047315526,1.23411339506595,1.17353429424161,1.09843279436576,2.51004423090405,4.13446737142243,2.49596398747,NA
"27","01053",0,0,0,0,5.8621602337794,0,0,4.2688406547888,0,0,0,6.80006981049464,0,7.99246368592858,0,0,1.959736530869,0,1.8840659036815,2.69817358112404,0,1.56196718231972,1.45620423950033,0.687363325424179,0.674715263778431,1.99805573842913,0.646505804851574,0,2.00501189700527,0.670523100154577,0.680621596641632,0,0.782450506954453,0.869867127249339,0.960623121032856,1.0330220228578,1.07102805596103,NA,NA,NA,NA,NA,NA,NA
"28","01055",0,3.45810439938785,0,0,2.08260457966999,2.00452361357465,2.71522920677462,4.29873482831024,3.5515831216201,3.16866345294544,1.54857690508583,0.423288331128275,0,1.20540902240608,2.82768874688011,2.04514656528697,0.167469510971998,0.319086859820549,0.163320875394939,0,1.70777087873874,0.248304623727496,1.68076084914791,1.44227321822263,0.562119507192621,2.37776817193437,1.65139530848479,0.846501911717288,0.200505743878039,0,0.909501142662806,0.260818609624227,1.21937827750959,2.94651687416792,0,0,0.649881418486149,0.700217171809248,1.1540528866883,NA,NA,NA,NA,NA
"29","01057",0,0,0,0,0,0,0,0,0,0,34.1314925026599,9.31702604297353,4.19089439215172,0,0,0,0,0,0,0,0,14.7639526593333,0,0,0,0,5.85181249731057,0,0,4.2687669638991,0,0,0,0,0,NA,NA,NA,NA,NA,NA,NA,NA,NA
"30","01059",0,6.38923392032348,3.73038711983005,0,0,0,0,0,0,6.17593279404992,5.43191550542132,3.59160631605823,0,0,1.98930129707773,0,2.01965872361959,0,0,4.51182856451099,0,3.58532646561733,2.8343548736753,3.19416815678581,0.824003526673532,0,0,0.764619346712975,0,4.02953556579842,2.81593817618503,4.96508954618214,0,3.6144072779913,0.641307550792924,0.285623795880276,0.281944386952713,3.63055855893355,4.67142282927445,3.67571810587644,3.63351879585676,0.33348205399225,NA,NA
"31","01061",0,0,0,0,5.8621602337794,0,0,7.74874105599061,0,0,0,2.29032299604169,2.23725235192109,0,0,4.18863728025656,0,0,1.81073652512609,0,0,2.20809023466685,0,2.4633586140348,NA,NA,NA,NA,NA,NA,NA,NA,NA,NA,NA,NA,NA,NA,NA,NA,NA,NA,NA,NA
"32","01063",15.495240879053,0,0,0,1.98689756136669,0,2.16564621564934,0,2.25298947748137,3.9764632079357,3.05959473093887,0,2.05924489840637,0.911381985481256,0.85396656524228,2.4165289230876,0.745358141248372,0,0,1.65425776382573,3.36195472767821,3.59481435306201,0,1.50686489386759,0,3.46689719170498,0.393740128454903,1.11057895831199,0,0.75522742707147,0,0.481750378157855,1.69412511831719,2.97673464342365,0,0.541673072263094,1.57465495267663,1.50765425365726,NA,NA,NA,NA,NA,NA
"33","01065",0,0,0,9.34328727054725,0,0,2.3392145325111,5.6264957623515,0,0,0,4.77082624106124,3.89405318706439,0,1.31397412961694,0.596594058651126,1.7023713697476,0.552048661645886,0.560624602249864,1.16332485674247,3.38871188996144,1.48623477155487,0.864744977544243,0.397112514708373,0.777855462242373,0,0.905592011831216,0,0,1.57537131493974,3.45212558756834,2.3314045646049,1.28836336933687,0,2.05999757278787,NA,NA,NA,NA,NA,NA,NA,NA,NA
"34","01067",0,3.45810439938785,2.3206362711029,0,1.63177271318158,2.91728024940523,3.58876636573452,0,0.864134786668245,1.60295957113288,0.763497545332789,0,0.824791231481405,0.90061621410044,0.97914896507749,0,1.17122952281317,2.42332504346567,0,2.29002978117731,0,0,0,0,0,2.62803262376946,3.04406984331016,0,4.89882530322211,1.83167438186705,0,NA,NA,NA,NA,NA,NA,NA,NA,NA,NA,NA,NA,NA
"35","01069",0,6.38923392032348,3.73038711983005,0,2.14548227446624,3.49697615653393,3.95781523689403,0,0,0.885027734566328,2.63624301709187,1.65225720143411,0.763031933928534,4.57169566736927,1.53438457953166,0,1.93283527093073,1.0682863287841,1.34446889042384,2.18317518541624,0.851802471171644,1.31145939848524,0.497428828094618,0.741490864474787,1.73991394611556,0,0.7927740476167,1.11755571095474,0.877503027920614,0.611548572563,0.960238609672221,0,0,0.450848278681923,1.09269223300784,3.06524262715314,1.7594882394686,1.53831626799802,0,1.28911766520684,0.841411208044085,0.853515629358575,NA,NA
"36","01071",0,6.38923392032348,0,5.76834489338417,0,1.75691666697775,0,0,4.74917522825101,0,1.32312298583788,3.46861078914437,0,1.77974241773292,2.3665073842942,0.699323222551655,0.652572059557026,1.86809075554417,0,0,1.38624565429517,1.48788520022196,2.23054701613072,1.37055572143676,0.624492981519934,0,3.47844931575473,0,0.528654932024656,1.07044217324035,0.552792346068509,0.587799057843647,1.25946348781063,0,0,0,1.11090024077304,1.34163695482371,2.89060433282552,0,1.3049638980826,0,0,NA
"37","01073",2.44496706637087,0.4647339222297,2.55628890702188,1.60214608809488,0.831818285966512,0.77707365320112,2.06400353049934,0.355970874195154,0.631579161856638,0.891125581612951,0.926005581267133,1.59596065160702,0.943211438894624,1.77849514131294,0.276217414949286,1.31080495721433,0.836005709573193,1.06400386166335,1.10373640536536,1.60922382261198,0.652550707867079,0.539420761078018,0.297665239186642,0.203620975892241,0.42381078118894,0.951281557586403,1.29729388368357,0.781282715334873,0.450100691939236,0.784646084966735,2.21856049179579,3.69533828456711,1.11402129712144,0,1.9791401559729,0,1.00969767997688,0.909727493410952,0.306279287553065,2.30453423520119,0.899043339410732,1.17328996630693,1.11909875013948,NA
"38","01075",0,0,0,0,0,0,0,0,0,0,0,0,40.6838341098687,9.48354193556468,7.63953196537435,0,0,2.91337916997855,0,0,1.42379986302746,0,0,0,0,0,5.14369344121544,0,4.6405389178233,0,0,2.94691706194714,2.58092141649933,0,0,0,0,0,4.34557862540524,0,0,0,4.79715076480493,NA
"39","01077",5.3593048205652,0,5.66133751912525,3.69812231147032,0,2.25206253354571,0,0,0,0,2.25255778679354,0,3.00417670302046,0,0,2.80441178523594,0,2.59880671567519,0,1.20444898596246,0,1.28335948414116,0,0,0,2.34920531323479,0,0,3.30139491674367,2.9728993251112,0,0,0,0,13.9484378225996,0,0,0.92894505006476,5.44481290729352,6.35893407271056,2.0685830016738,1.2574644941311,0.416473605905126,NA
"40","01079",0,2.3705768629988,0,0,0,0,0,3.56926329898297,0,7.52983421535247,4.81343269786498,0,0,0,0,0,0,0,0,0,0,0,33.7961739431995,0,6.3657926880294,0,5.7677302712769,0,0,0,0,0,0,0,0,12.2294609334081,0,5.94532639516513,0,NA,NA,NA,NA,NA
"41","01081",2.1842376862296,2.76279488745271,3.58326393977259,1.29990405832026,0.155340417824003,1.15879325844986,0.432317533572688,1.7742197472735,0.600652648258429,0.919542624581158,1.53479461191734,1.19249835688462,0.436195341526312,1.01823909640941,0.593795334969208,2.24769065264338,2.76315521140141,5.45188025678816,0.775138139652479,0.565021285236992,1.00850392017926,0.75105533197794,0.814355482255739,0.230267560592288,1.43631811125797,0.599815792883687,0.286327245321096,0.236781241202512,0.271053962629944,0.850600099194147,1.47240797908902,1.19457992171845,1.46723248484089,0,1.79848059394928,0.379196977760171,1.14950347800517,1.160910915173,1.03376994630306,0,0.838088135677496,0.454834687289157,0.508052755979748,NA
"42","01083",0,14.6904074042041,4.39889092061137,7.82963210851792,0.66932373313458,1.00194411955332,0,1.68773850378226,0.840552698930908,0.434150309080633,0.918815692175004,2.3414167991391,0.453458301667954,0,0.942488847813496,0,0,1.42805536959434,1.64392823672107,0,0.946118428638212,0,0,0,1.65335112546234,3.70567448292501,0,0,0,0,0,2.97216244274683,3.21173935091691,0,0,2.60622058145569,4.39383041091754,0,0,0,0,2.13021875045222,4.42152769515994,NA
"43","01085",0,0,0,0,0,0,9.82330751988082,0,5.48292375749834,9.13705877984213,0,2.64067976646236,2.0414054833514,1.66702506407492,0,1.41222021011461,0,0.759507421571767,3.14610191750492,0.748012262863747,2.69329406455868,0.586119509713679,1.06336961696374,0.506667720187068,1.504282717139,0.50405482503959,0,1.16103566182655,1.25175811846396,0,1.43850803680493,0.751075465304246,8.78301456738652,1.68929506940456,2.40435760916702,0.470257407094995,0.62370927922901,0.203796197678157,0.865821513254448,NA,NA,NA,NA,NA
"44","01087",0,0,0,9.34328727054725,5.5994655684742,0,0,0,1.47950192327621,0,5.06027547278525,0,2.63285857214913,3.16902470966104,0.845963313129203,2.78991114177838,0,1.11398325875298,1.5997047483634,0,0.550384076845922,0.598620750220026,0.667083425238046,0.748972012563146,0,1.90669711673552,0,4.99012872888823,0,0.765419490094899,0.722059620474375,0.718856233638798,0,0.8546021143779,1.89563572412656,0,NA,NA,NA,NA,NA,NA,NA,NA
"45","01089",3.51820688381362,0,3.88588228483456,1.664613141454,0.691661503585518,2.28086878766056,2.23571442130713,1.35645016534465,0.804237083531579,0.567777772019559,0.845755641030852,0.679021744685424,0.415618084265529,1.023174371265,0.862700944881205,1.17362702859531,0.406230414385344,2.69936516330167,0.633462745189095,0.961006620205604,0.118212175161621,0,0.56979020074762,0,1.49138537009421,4.39416632298679,0,0.386322554962168,0.556701951524435,0.191073870208821,0.424708221153254,0,0,0,5.05693336634198,1.64842625869422,3.55911039402806,0.686363436212132,0.865452741688671,0,2.13446727091728,0.268213661255179,0.837144705998556,NA
"46","01091",9.50379865884122,4.20373720110854,4.71051550791952,0,0,0,1.43907153702873,3.02254542257589,1.43281895224886,0,5.66274679014871,0.873470454953096,0,0,0.745816710476311,3.13112448887996,1.50013986572716,0.69441403809146,0.653753654731167,0,0.691975333255387,0,0.932309590840368,1.10339196189884,4.54326462743056,4.46243260438048,3.08223674402209,0,0.39997755708151,0,0.853961925653187,0.967581535228934,0.553295828380451,1.23711633311011,1.91790698027258,1.80198555626317,2.10822153827054,0.913570824101823,3.12785258946406,NA,NA,NA,NA,NA
"47","01093",0,0,9.4989667055933,9.42285946630439,0,1.96522701645903,0.800870492775057,0,0,0,2.17419500250637,5.55490976659271,0.913317229857911,0,1.37676163969346,1.28250697285229,1.22705519100925,5.33667572651058,2.41654317615167,0.935454494491339,1.55137205634492,1.7801531512105,0.402332627922863,0,0.214139808158781,0.49505391755471,0,0.390228204349653,1.01472840419908,1.24406190123606,0,1.52862917816723,1.53304750820409,0,3.6101052729866,0.643447341773334,0.593242973078396,0,0,2.10660232259012,2.8908374034686,0.675564100113961,1.23789666833092,NA
"48","01095",15.495240879053,3.13230367769245,0,1.54186712030707,2.59280322203322,0,0,0,10.9064579629227,0.737173367324617,1.62934132488464,5.1093992613472,1.68696055402656,0.670431508352188,3.33301925764321,1.37117371971435,1.68305429414597,1.67794533972061,0.502282723061516,0.194711567521158,0.204810270635043,0.914405481241306,1.03443599536481,2.22268213841269,1.48476485303563,2.17765214567565,2.71576161507487,3.63918716058656,1.01291900912313,0.454332249831086,0,1.93315484606947,0.149422969429148,0.162474419329699,0.185848050458479,0.074526792941947,1.01860122051463,0.681808502218948,1.07017323640289,1.86742672153591,NA,NA,NA,NA
"49","01097",0,11.0886817491692,5.35776793515118,5.79857582187459,2.22645131290184,1.90152356010647,2.66671064101087,0.78923813544035,1.38493575843189,0.641388146182636,1.6904139559448,4.81497448359238,1.1632559371245,0.963070386162154,1.37612138884833,3.77166242806801,2.47547813891728,2.41147736075453,1.56515638883459,1.33467671598499,1.08304208384033,0.31080244026325,0.915244570948002,0.90297993119574,0.708345344574316,1.13395052535079,0.432284649955867,0.687388546292293,0.583467976033715,1.12298765085174,1.44951928794008,1.83599175910855,1.11477447071219,0,2.13350323985347,0.713656553918967,1.44198006355973,1.04355272807146,0.654009763253243,1.06865288655923,1.86771070287401,0.641224019017449,0.584416422153799,NA
"50","01099",0,0,0,0,10.2861407168863,6.17113400509661,0,0,0,0,0,2.44408746876624,0,0,0,4.42002824841149,0,0,0,0,5.08619760464204,4.32024745191797,0,0,0,0,6.3776896029904,0,2.40724187954074,0,1.89494111813114,0,1.79300123053954,0,0,0,0,NA,NA,NA,NA,NA,NA,NA
"51","01101",3.73187737416727,8.35265932343279,3.5604296203396,2.29080405196893,0.434635202809304,0,1.1528735050149,0.404526150188424,2.95469858286452,2.35445167068607,3.23497738765435,3.38463964560008,0.555612918174453,0.789671311438361,0.589355735420183,0.446698458720151,0.482254224078595,1.93128946648734,0.735377725496366,1.83743636483242,2.83138736075187,2.21309102450997,2.85063827508816,1.13884251491796,1.69296659613782,0.65146753822019,0.496897575319107,0.693960894246253,0.337222207721801,1.04322672483714,0.658658370042421,0.900471712219908,1.05359217907952,0,1.60835453492267,0.335800125547222,1.17471090886319,1.67023022683722,2.36589243451006,1.78217557833539,2.01827580781863,2.10190034958635,1.69579776556245,NA
"52","01103",12.8044813570177,6.61332991572919,0,4.01335319681742,1.01017717009464,0,1.25117816137463,0,0.92378115155005,1.50666107648097,0,1.7167462185954,1.15345116109076,0.571705260515295,0.577772472594607,2.84549013050868,0,0.536361733512902,0.554449473838397,2.2842094140721,0,0.597065207724036,1.24931803850875,1.27945833330503,0,1.37199775231424,0.710390967726624,2.14529280967071,0.689418064309976,0,3.32862024433095,0,4.89234526882653,0.440476183354772,1.13569095407453,0,0,1.19492368355515,0.89651610117539,0.50446221822838,1.11277290266644,NA,NA,NA
"53","01105",0,0,0,9.34328727054725,3.00006474094972,3.93666513569559,0,1.20150105487736,0,1.14179055587716,1.19541571270196,0,0,0,0,0,0,0,0,0,0,0,0,0,41.4235395278281,0,19.8463861075177,1.68476734152131,NA,NA,NA,NA,NA,NA,NA,NA,NA,NA,NA,NA,NA,NA,NA,NA
"54","01107",0,0,0,5.25744058045737,0,6.80245581390704,0,8.35433015909808,1.07642237648655,1.59832976642965,0,0,1.37369952683078,0.745058339854502,1.60191585418611,1.61410217220832,1.52003084491975,0.701419107288262,0.668428748397809,0.666272322484829,1.36249376059821,2.66298897862287,1.21525421824029,0,3.13698237445749,0.929786549666298,1.26581441846505,0.397260481222105,0,0.43893992939288,0,1.84971577366617,0,0,0.985674573782441,0,2.54336990915824,4.72154389193535,0.947548963400251,0.788232393633887,NA,NA,NA,NA
"55","01109",9.50379865884122,0,5.82730717907272,0,0,0,1.82429249468197,3.6493249169528,4.49317987877558,0,3.64110790323648,0,0,1.37326036811925,0.713819229290277,0.761122280114327,0,1.82476857947441,0.952183598986162,0.965518183057541,1.88329029954067,2.555990075076,1.46379879976335,3.03443792225686,1.4767106629222,1.64591716677903,1.75839860046918,2.11037762466497,1.04736675986126,0.241608454749177,0,1.05056529687608,0.869244573357326,0,0.752678909748833,0,1.02904197634384,2.27689604582278,1.14109882412632,2.12093200879433,NA,NA,NA,NA
"56","01111",9.50379865884122,0,0,0,7.79943994178951,1.89270700213465,5.21950483187048,0.912373492699726,0,0.688279587636779,0.694840391765341,1.45977162490843,0.765179087749136,4.37775051140419,2.92235775164003,3.8241737475866,1.24708832707966,1.25336566486945,0,0.223801465573196,1.2031180566825,0,0.628319648770689,1.09556505622995,1.21375365028026,0.428365835127767,0,0.996304206128627,0,0,0.806686137979291,0.989400791114032,0,0,0,16.4061232259788,2.18243434443053,0.94985044655553,NA,NA,NA,NA,NA,NA
"57","01113",0,0,0,0,0,0,0,14.0040270250776,12.907968820551,0,7.56110162396686,2.30589265455238,1.63764287317435,1.30335678312486,0,3.23059346993658,0.969284303978192,0.894458189023783,1.26360150192684,1.2001859871685,0,0.820427578335401,1.30035240290051,2.60457286241973,0.811525602878452,1.85005354422091,0,1.32466839363113,0.659558383079617,0,0,0,0,1.69186345083672,0,2.67304512806253,3.77250346137515,0,0.91538470027556,1.66902714218736,NA,NA,NA,NA
"58","01115",0,2.3705768629988,3.23826481535192,0,3.19172937876068,1.77808502234279,1.51318010419261,0,1.31523105391366,1.90591639455516,0.610598097256698,2.31790358932478,1.06060151918552,0.496295528815844,2.33549580151831,0,0,2.77577167988728,0.45738248487571,0.460575380966634,1.8475325760864,0.455442861881006,0.915460772639746,0.929257431329177,0.948790795040094,1.43721853342788,0.479444256557219,0.491789814592358,1.52428901896314,1.0282291965553,1.52429145163672,0,0.518666290684506,0,0.651433753278869,2.92152700229887,1.45693949063778,0,1.34510193573778,0.655673720831593,0,2.1354186651477,0,NA
"59","01117",3.32767897340862,1.79767678030997,3.57454759892706,1.73470721328749,1.92358963308073,0.701829409712523,0.755671002036227,0,1.03582154289169,0,1.46069611984561,1.73733429707609,2.30662221882502,2.02559713474079,0.9264674989206,1.13270976300989,0.0974838954092895,1.08600477628305,1.42005595297539,0.928592455077607,1.93134867322808,1.69799074648204,0.433861392172801,0.168812346961085,0.526931287413166,0.482626879990503,0.985555797609957,1.34219650597156,0.651823663162999,0,0.749358644587823,0.817951662251514,1.91656657054922,0,3.03094054793649,1.13608527759983,0.15015286089332,0.149099632612731,0,0,0.970860792503964,0.933946219858243,0.385945579708896,NA
"60","01119",9.50379865884122,7.64133496367432,5.66248140766404,0,0,1.77094866094197,5.32794059295724,0.605410455182885,0.518183044721598,0.48125031782435,0.482831476203116,0.517646184377457,0.582522611417383,3.15430065225651,1.21398687543847,1.64687363300036,0.976018392096469,0.895737526309628,0.433622256210884,1.73488570360284,1.69121145958766,0.808115646688473,0.394428509868275,1.56575502641718,0,0.833190994691906,0.894063826028553,0,0.55688337067423,4.64044270012631,2.00743537761688,1.64028060153346,1.6855455733719,1.15050958583975,NA,NA,NA,NA,NA,NA,NA,NA,NA,NA
"61","01121",0,6.38923392032348,3.73038711983005,2.47378173269665,0,0,0,2.00744361436159,4.05454910950842,0,1.64244790654567,4.0923544106338,4.90155487616004,0.704722222150555,1.68093207715381,0,0.945102825229364,3.1792657246936,1.23326704647047,0,0.749024916986387,1.50363306076465,0,0,0.966359221324443,1.10456837131135,1.21412334750912,1.25693958256412,0.625746051595594,1.82384096750053,1.14666468671914,0.548895609041275,0.548135182827092,0,1.89281676811648,0.669595163268325,0.705588363634586,0,1.6178596491853,0,2.70275549900047,0.87345478865852,0,NA
"62","01123",9.50379865884122,7.64133496367432,0,0,1.50912276978865,4.02135892159034,0,3.96417121988322,0.810665269975747,2.69038838222364,1.12306536845395,0.500729814288912,3.98023617047311,0.376647303853679,1.01807308789788,0.641774807387146,3.01682494948419,2.1117474218743,1.78729537653815,6.19196504662372,0.360218444212398,2.08463153819096,0.322563310848435,2.25806225696232,0.135727724854408,1.26682505219181,1.06009482484511,0,2.43565813667768,0.95020583366177,0.790217522670551,0.456915721871599,0,0.975327059979737,0.0852960539887722,0.40471536599067,0.369132583417174,0.453839715295691,0.186582091970559,0.913380583801984,1.32774963859556,0.864151290090824,NA,NA
"63","01125",3.23994950919703,0.896677032477162,3.11355277583282,1.88226168349688,0.781494885632507,0.358829828083168,0.360570803143089,0.389845355829296,2.13841310432467,0.450936588229217,1.83315773955556,2.94144950531039,0.725404324525804,0.328928522547274,7.69404880936993,0.757900357487513,0.900754932713905,0.264689353247393,0.770695843276673,1.05385674459724,2.64831739412033,0.254556954497166,0.126477185755332,0.785836677734075,0.559462496350211,2.91138265444712,0,0.575149908763359,1.16699581041279,0.742744477218756,1.06808876950825,1.24143161459572,1.3838137929143,0,1.54717193719825,0.470279559295581,0.652647959435463,0.522598402617983,1.12849593824575,0.405311507846376,1.30328968421443,0.457264511550118,4.20624553090504,NA
"64","01127",15.495240879053,5.82912529023472,5.82821609286385,6.28109361365196,2.81708839280942,1.63398983587156,0.523910730361004,0,0.496185742258006,0,0.676264145073372,5.23596673874719,0.340539976200749,0,1.45111560378997,2.41265881048857,0.49281642516846,0.943467746935977,0.698535559562869,1.40058907151201,0.702462662945773,0.716679836582049,0,0,0,0,0,1.87003232654438,5.64855539693158,0.980130705987186,0,0,0,0,3.17221108958578,1.15283593632079,1.14818768115572,1.07697721447671,1.00060813349135,0.951191096705465,0,1.98020360208778,1.00122869538683,NA
"65","01129",0,0,0,5.25744058045737,0,0,6.93247823176038,0,0,0,0,5.11721377796789,0,0,0,4.60532398651172,0,6.67619558064292,0,1.01646683651975,0,0,0,0,1.86713905027944,2.30058027834068,2.32377113751811,1.98890602848553,0,1.52928021558152,1.42188045098054,0,1.41596761598581,0,9.01222083565751,0.902421849084995,3.85342013326051,0.481288072154917,0,0.408729648719992,0.86997402069509,0.48566462294989,0,NA
"66","01131",9.50379865884122,0,0,0,0,3.5182408882082,0,6.53874226534365,2.36480773769081,7.45446257289429,0.948941933602506,0,0.661654464437518,0,2.14294064629676,1.47565114658984,4.05860312587813,3.1566099005989,0.40857043586685,0,1.03276104507498,1.71883124765771,0.347877561799786,1.76746711329702,0.69947313037119,0.696999244102097,0,0.394341359198757,0.897962549747061,0.518098452799109,0,2.10561819238089,1.46918792584353,1.41851138517846,1.30987669050274,2.33379669123402,0.517721399985429,1.88763633171234,0.43871213067457,0,NA,NA,NA,NA
"67","01133",0,0,0,0,0,0,5.56338728423038,0,0,0,0,0,0,9.78012246975223,0,0,0,0,0,16.1352084338484,5.40562298909388,0,0,0,1.2465485394467,0,0,0,0,3.84568354014845,0,7.25858389456853,0,3.94177383110835,0,1.34925209888253,0,0,NA,NA,NA,NA,NA,NA
"68","02020",13.3855854486734,2.8375276933276,0,3.75738404225354,0.54664441226109,2.99564940047153,2.09019028156831,0.805087195105298,0.294149717670754,0.581479109119763,0.30740099732762,1.02234283657948,1.49600380177171,0.78799668667241,0.609553978363662,2.02454036448477,0.965478335284014,1.10327446890703,0.535788369988535,1.58704144452537,1.03516487416027,0.682170580469225,0.858961784675331,0.530274673383296,0.746328314802328,1.37804812418629,0.206551107652809,0.663571997685617,0.241915654731106,1.3378783810722,1.14824497077954,0.600523781845296,0.626175406817558,0,0,1.33170564881167,2.00199247134819,2.02329619909692,0,2.65967790797666,0,0.784999331191725,0.796351232087727,NA
"69","02050",0,0,0,0,0,0,0,0,0,0,0,0,0,0,0,0,0,0,0,0,0,0,0,0,0,0,0,NA,NA,NA,NA,NA,NA,NA,NA,NA,NA,NA,NA,NA,NA,NA,NA,NA
"70","02090",0,0,2.47629837115093,0.698103498909544,0,5.51675382143782,1.96532564909022,1.93936895150628,0.641106515312302,1.41669895040375,1.29854688505085,0.49688934856752,0.993329004812383,1.73448887740442,0,2.91580973632616,1.33288081794604,0.409008904473792,0.593274649832799,0,0.675497611799299,0,0,0,0,0,0,0,0,0,0,0,0,0,40.67986641275,0,6.38728999534395,0,0,2.99909854060221,2.59589006615869,0,0,NA
"71","02110",0,6.38923392032348,0,3.09723040497987,2.41078022702504,0,1.83808806647987,0,6.20178740835177,1.20093888763903,0.975475648890036,0.850205566813435,1.55853348920459,0,0,0,0,1.50065735870415,0,2.37531078549708,2.40531842665916,2.08731997102486,4.76573076658164,2.26877090336932,0.874309162086632,0,0,0,1.98940167403897,1.13305129670144,0,0,0,0,0,0,0,0,0,0,0,0,NA,NA
"72","02122",0,2.3705768629988,0,0,1.59514377235859,3.1428265682125,0,1.41174656688265,2.575048847434,1.13129049197902,1.01757898826476,0.948705322245761,0,0,1.14909351018619,1.30504737641498,0,0,0,0,3.00119094520286,0,3.43851926635129,5.42665778887717,0,0,0,0,0,0,0,0,0,0,0,0,40.4862792266505,0,3.45643932247412,0,NA,NA,NA,NA
"73","02130",0,0,1.95162457285785,2.43421954632694,0,0.69958556455901,0,0.810114343830948,0,0,1.43868899419357,0,0,0,0,0,0,0,0,0,26.8704068585596,0,0,0,0,0,0,0,0,20.1117928571564,0,0,0,0,0,0,0,0,0,0,0,0,0,NA
"74","02150",0,0,0,0,0,0,0,0,0,0,0,0,0,0,0,0,0,0,NA,NA,NA,NA,NA,NA,NA,NA,NA,NA,NA,NA,NA,NA,NA,NA,NA,NA,NA,NA,NA,NA,NA,NA,NA,NA
"75","02170",0,0,5.35623193094833,0,0,0,0,2.4246256067382,2.60241716758821,6.42939577089279,1.49369326882513,4.1669909717595,0,0.671978547908213,0,0,0,2.15557795524824,1.26850512194738,1.34129913537795,0,1.31128457219151,0,0,0,0,2.8666860396494,0,0,0,0,0,0,0,NA,NA,NA,NA,NA,NA,NA,NA,NA,NA
"76","02180",0,0,0,0,0,0,0,0,0,0,0,0,0,0,0,0,0,0,0,NA,NA,NA,NA,NA,NA,NA,NA,NA,NA,NA,NA,NA,NA,NA,NA,NA,NA,NA,NA,NA,NA,NA,NA,NA
"77","02195",0,0,5.35623193094833,0,0,0,0,0,0,0,0,0,0,0,0,40.6588178916583,0,0,0,0,0,0,0,0,20.1118373270375,0,0,0,0,0,0,NA,NA,NA,NA,NA,NA,NA,NA,NA,NA,NA,NA,NA
"78","02198",0,0,5.35623193094833,0,0,0,0,0,0,0,0,0,0,0,0,0,0,0,0,0,0,0,0,NA,NA,NA,NA,NA,NA,NA,NA,NA,NA,NA,NA,NA,NA,NA,NA,NA,NA,NA,NA,NA
"79","02220",0,0,0,0,0,0,0,NA,NA,NA,NA,NA,NA,NA,NA,NA,NA,NA,NA,NA,NA,NA,NA,NA,NA,NA,NA,NA,NA,NA,NA,NA,NA,NA,NA,NA,NA,NA,NA,NA,NA,NA,NA,NA
"80","02240",0,0,0,0,0,0,0,0,0,0,0,0,0,0,0,0,0,0,0,0,0,0,0,0,0,0,0,0,0,0,0,NA,NA,NA,NA,NA,NA,NA,NA,NA,NA,NA,NA,NA
"81","02290",0,0,0,0,0,0,0,0,0,0,0,0,0,0,0,0,0,0,0,0,0,0,0,0,0,0,0,0,0,0,0,NA,NA,NA,NA,NA,NA,NA,NA,NA,NA,NA,NA,NA
"82","04001",3.73187737416727,0,4.33051831695596,2.09703504518705,1.64610441059608,1.37742293430866,0,2.38101057314695,0,8.14569027548156,0.682448405397507,1.06765651818253,0.687687823128594,0.645942592754508,2.68759126579981,1.33716386601329,2.22147075011581,0,0.444414573802205,1.63328122597689,0.894966113580214,2.47231384468077,1.07300141202593,1.58269324087562,0.886795186606672,2.31756054899539,2.443910972479,0.677711784892881,1.61281697699987,1.45364606121323,0.507388231695122,1.77871566260262,1.42313294794293,0.864497769885256,1.01592602360584,1.16648817762884,0.794030302105997,0.535151724295404,2.53429805645008,1.2126598780252,1.12514800521664,0.694294895579733,0.819490973747238,NA
"83","04003",0,0,0,5.25744058045737,0,3.70150115844827,0,2.6995921199457,0,0,0,2.82869009185026,5.25824963595283,2.02738540941469,1.5558822954439,0,0,2.50338089406253,0,2.56669904970129,2.35429190858746,1.02597897291363,0,0,2.8861734197236,1.84623222000733,1.67581812619667,1.47581232255493,2.52485172654782,0.542889288630049,0.992107572452101,0,1.50321041857277,1.03585712005362,0,0,0.695277216558848,0.814647733439641,0.942699446150921,0,0,0,0,NA
"84","04005",2.47783097729441,0.470535889091822,1.73702891899612,1.43831409662877,3.17349793107878,2.94652091336119,0.950384246365278,1.21809598671519,1.21111096553511,3.78736188641185,2.44577509840689,1.9363075954404,1.1514420096529,1.96499020833771,0.785099088994236,0.926004204423796,0.266884689162936,0,0.186783470324761,1.34136513810163,0.33197050428642,0.777288490921743,1.46238181717234,0,3.00697417446574,0.427045673306731,0.816707386191997,1.49799543833519,0.309309411897616,0.398928777482682,0.939028156703286,1.71500713001053,1.70880194256593,0.940784698919911,1.43958612695981,0.378432527382943,1.0434177928227,1.04692107626268,2.41135286754428,0.819892005536286,0.902076781283642,0.928834418642056,0.793708212505519,NA
"85","04007",0,0,0,0,5.8621602337794,0,4.26509821608114,0,0,0,0,0,0,0,0,0,0,0,39.9714042064303,0,6.3843415149803,0,1.60796738281112,1.38047325918983,1.25330464751169,2.28846712075477,0,0,0,0,0,2.41036393251872,2.84271562611829,0,2.55295572338693,0,0,NA,NA,NA,NA,NA,NA,NA
"86","04009",0,0,0,0,5.8621602337794,0,0,0,0,0,0,0,8.30404594902919,0,0,0,0,0,0,0,0,0,0,0,0,0,0,0,0,0,0,41.9272111630746,12.8044804387551,0,1.33773274426949,2.1045402024319,0,0.89323800262431,4.94492969470058,0.688165158430939,0,0.585501782279912,0,NA
"87","04011",0,0,0,0,0,0,0,0,0,0,0,38.5206446780483,0,0,0,0,0,0,0,0,0,0,0,0,0,0,0,0,0,0,0,0,0,0,0,NA,NA,NA,NA,NA,NA,NA,NA,NA
"88","04012",0,0,0,0,0,0,0,0,0,20.4178900876691,0,0,0,5.2450453383327,0,0,0,0,0,6.66395050437695,0,0,0,0,0,7.16216412720561,0,0,8.45729416498838,0,0,0,0,2.73895799513061,12.560111009284,1.2296964453354,0,0,0,NA,NA,NA,NA,NA
"89","04013",7.27332980740428,3.55109735679693,1.9253883194906,1.32392520844757,2.24747820423075,1.05805651697405,1.56657139564335,2.22217102857155,1.31925685984703,1.00348115237481,1.01095975226353,0.948472698479025,1.28564676328219,1.58178749552037,1.04176196632624,0.58393733388395,0.603597544197319,1.25403716840125,0.518027713646299,1.54482121970621,0.719455625616436,0.636764969214018,0.397580943435836,1.0560201651619,1.4496093032982,1.71584861881789,1.0180757237134,1.08442298962105,0.501175736537207,1.08262741051138,1.15280436067416,1.32142298591988,1.51288997439755,1.15948312753776,1.15808904386976,0.865578802930726,1.04022645552884,1.22464289752609,2.01891094003671,1.37760719207971,1.78913802099456,0.993906206140265,0.930803029166396,NA
"90","04015",9.50379865884122,2.21279899337513,1.43628372390344,1.11570979967627,0,0,1.1325290502631,1.2771892689542,3.89220160328826,4.20590062148112,2.99519424418279,1.63896622766887,0,1.62335599381968,0.38978097955522,0.796556713792732,0,4.40334638467276,1.93436197361873,0,1.81228181727985,0,0.289491105486268,0.633334468668185,0.719830041918079,1.22539550688763,1.32298303355391,2.98790829513775,1.48371735886753,2.47266177474292,1.77130580893765,1.6898236738033,0.556059089989138,1.04068511807944,1.97574239221301,0.778377916266532,0.755451741145402,1.19316816833059,0.888864740664035,NA,NA,NA,NA,NA
"91","04017",8.92841669517205,2.44071565623478,1.13692830514616,1.07231121545079,0.946612021190878,1.19546352643417,0.737540302727588,3.63823771208651,0.372545831475667,7.61528406500312,1.73284562719005,2.19106551360607,1.0658602068186,1.04639616429867,1.50304414398451,0.521850380477724,0.714201959861209,0,0.0327112462238995,1.31051427776362,0.629908543878395,0.517781011033246,0.584342637400288,2.18159647874422,1.22104969471402,1.43233794310786,0.904911322898281,0.358720315200085,0.727281682863116,0.656793279611891,2.38930160871083,2.00752897338268,0.935110078936077,1.294835828552,0.540966793609198,0.124356288163646,1.59897346555137,0.765363657037907,1.39275838687381,1.33612106301378,1.10954171477172,0.473246389112031,0.986413805749208,NA
"92","04019",4.5153995957588,5.53136668553788,1.31364926202353,3.44570772268224,2.62684877016218,1.36684396082452,2.06326997765765,1.78636050303545,0.690878558340004,0.647382707467706,0.853622858725234,1.83353675064378,1.87758019700003,1.71000721787842,1.41899984761455,0,1.44318594440807,1.38109776925254,0.874922757182903,1.33066886001573,0.840182038770955,1.22203819297636,0.447921390084536,0.408148306021572,1.70852640693474,1.68346273682515,1.0165541004862,1.47660381862499,0.682824073083392,0.524544520333808,0.246379404530797,1.3988813184216,0.953040404070567,0.88119966199228,1.37732542370493,0.831162551886865,0.708793323951688,0.807257231745751,0.801150515044447,0.836926774531632,1.10874860910158,0.900300801109817,0.711007898805499,NA
"93","04021",0.754275636407293,2.15218160241295,0.315564284125772,3.11249086812952,0.224149563951734,1.05212355941923,2.00278918902762,2.36362422306677,0,0.475470844178697,0.647309358635279,1.35846444456935,2.06835381248201,2.25307184527314,0.433886699547783,1.83705774911475,0.48357808513537,1.49999109392205,0.113671411824505,0.94100829657883,2.04465283835707,0.594553569341673,0.827186624827073,0.829342298059342,1.76516581191176,1.68263023803249,2.32724168839305,1.06170809210157,0.719308259630774,0.90833498213218,1.11170832498525,1.46084835292318,1.00007025237344,1.04756789865378,0.688757741642141,1.16915106049525,0.41819009606941,1.56999729046392,0.720810259295039,1.44266179105089,1.26445044739818,1.40526708754866,0.762843572012872,NA
"94","04023",0,0,0,5.25744058045737,0,0,0,0,0,6.66395199668278,0,0,4.68826432911063,0,0,3.30611068576386,2.85504577372881,2.31266832068932,0,1.73537996145449,0,3.14919391091075,0,2.76164016445692,2.39114456587633,0,1.89708498830486,2.52581788583447,0.740995465418196,1.98924034899656,2.84304384936658,0,0.912419997824868,0,0,0,0.760604863636778,0,2.64283646115835,0,1.57582945188538,0,0,NA
"95","04025",0,0,1.95162457285785,1.65483862258168,5.33589239060311,3.7830906273137,0,1.75504790476557,2.93825983939158,1.22980659510661,3.38924079690584,0.281070080317994,1.9664111711134,0.445174628613071,0.857768976149112,1.68622542561337,0.209502829938768,0.862736654783053,0,0.258388058804269,0,0.77099029775011,2.33452444599817,0,1.09227156723239,0.556624717010094,1.67317980296664,0,0,0.675262494067066,0.783084439861823,1.77121255054475,0,1.01701109557638,0,1.16987645002485,0,2.77866609380734,0,3.98415833527924,5.07993101587336,1.44996135309602,2.19650934084566,NA
"96","04027",9.50379865884122,0,3.13125374550534,2.30189591096804,0,0,1.83604316205991,1.83885453807102,4.84343038715462,3.56632234023458,0.878218938818859,0,0.691669084689486,0,0,0,1.38932185471311,1.75904604859035,1.91561701008393,0,7.5202826604292,0,0,0,3.42201054025153,3.06095604381651,0.651694276558411,0,1.13953624249745,0.574895512644437,5.37933444045006,0,0,4.03514708609227,1.83027161586869,0.778375946800207,1.16196200967188,1.08068655266461,2.59300860034475,0.721447372677416,0,1.54699850772624,2.79614684595016,NA
"97","05001",0,0,0,0,0,0,0,0,0,27.462168420246,0,0,0,0,0,0,0,0,0,0,0,0,0,0,0,0,0,0,0,0,0,0,0,41.9273077892229,0,NA,NA,NA,NA,NA,NA,NA,NA,NA
"98","05003",0,0,0,0,0,0,0,0,32.9830606146736,0,4.93705263099535,1.08523267486763,0.855168070384628,0,0.785496830704343,0,0,0,0,0,0,6.26991960644782,0,5.19816891389466,0,0,0,0,0,0,0,18.5485412402644,4.58903301703792,0,0,0,NA,NA,NA,NA,NA,NA,NA,NA
"99","05005",0,0,0,0,0,0,0,0,0,0,0,40.7267202739979,0,0,0,0,0,0,0,0,9.85568538801188,0,0,0,0,0,0,0,0,0,0,0,0,0,0,0,0,NA,NA,NA,NA,NA,NA,NA
"100","05007",0,0,0,29.7296620624895,3.03161937615727,1.72710676733573,0.752242910227108,0.85239309055663,0.604667983399841,0.208455990198171,0.233310203657045,0.551805830084686,0,0.429561909448696,0,0,2.84767577766487,2.05509904862481,0,0,0.993371378933008,2.02921646199689,8.2718750271378,1.13076734769748,0,0.388730733616076,0,0,0,2.86545162893723,1.64226995425615,1.61319659895265,4.62075270292846,0.997066459407147,5.12785604570845,0.27220899562991,0,1.55005483870139,0.220761329379668,1.15734519170863,1.21240650638158,0,0,NA
"101","05009",0,0,0,0,0,0,0,0,0,0,0,0,0,0,0,0,0,41.9267465342921,0,0,0,0,0,0,0,0,0,0,0,0,39.5119934492578,0,0,0,5.25725841234504,0,0,0,0,0,0,0,0,NA
"102","05011",19.617755579559,0,0,0,0,0,0,0,0,0,0,0,0,0,0,41.5778939866735,0,6.38880430346443,0,0,2.999101101556,0,0,0,0,0,0,0,0,0,0,0,0,0,41.5300324928985,0,0,12.7984528143307,2.30245987193085,0,0,0,0,NA
"103","05015",0,0,0,0,0,0,9.82330751988082,0,0,0,0,0,0,0,0,0,0,0,0,0,0,41.8189994637742,9.50243288777741,0,0,2.83242518708203,0,0,0,3.16744626010504,0,0,NA,NA,NA,NA,NA,NA,NA,NA,NA,NA,NA,NA
"104","05017",0,0,0,0,5.8621602337794,0,0,0,0,0,0,0,20.8359771450014,0,3.31344748517282,0,0,3.96237024361733,0,0,0,0,0,0,0,0,0,0,28.5705277415423,9.13174877652311,0,0,0,0,0,0,0,0,NA,NA,NA,NA,NA,NA
"105","05019",26.7290219987069,0,5.44500516867288,1.7613742303715,0.895793661128118,0.391279094498251,0,1.63366549501715,1.28982558617368,0,0.965660486746086,0.514722487450488,0,0,0,0,0,0,0,0,0,0,0,36.1470127705266,0,0,0,0,0,0,0,0,20.1118362915981,8.49011669836798,0,0,0,0,9.03624437185177,0,1.82699565293208,0,1.44089119902412,NA
"106","05021",0,0,0,0,0,0,0,0,0,0,0,0,0,0,0,0,0,41.9261852895783,0,0,5.35623186560988,0,0,0,0,0,0,NA,NA,NA,NA,NA,NA,NA,NA,NA,NA,NA,NA,NA,NA,NA,NA,NA
"107","05023",29.3926689543504,2.0241864404585,1.87349231718352,1.18872941702043,0.288784670161772,0.14060019984275,0,1.08666326978219,1.07571210198485,0.249875062589158,0.286290893006873,0.326844842691358,0.377696105574056,0,0.560662251667996,0.705917372710476,0.867429558162135,1.95887551573305,0,0,1.13280493944044,0,0,0,0,0,0,0,11.7115719516048,0,0,0,5.19592424954604,0,0,0,0,5.0900929098067,0,0,0,0,0,NA
"108","05025",0,0,0,0,4.09915079894909,0,0,0,0,0,0,0,0,19.9763929049141,0,0,2.82665926859307,0,0,0,0,0,0,0,0,0,0,0,0,0,0,0,41.9003534667524,9.50349798504159,0,0,0,2.96787515085514,0,0,0,0,NA,NA
"109","05027",0,0,0,0,0,0,0,0,0,0,0,0,0,0,0,0,0,41.9267465342921,0,0,0,0,0,3.9817547573085,0,0,0,4.64398141279714,0,0,0,0,5.08698024278322,0,0,10.5608580695044,5.89831970318911,0,0.97130957426306,0,0,0,0,NA
"110","05029",0,0,0,0,0,0,0,0,0,0,0,0,0,0,0,0,0,41.9269336192025,0,0,0,0,0,2.74128121751509,0,0,0,0,0,0,0,25.045103746759,6.29190168348277,0,1.27685198500099,1.07285205571859,0,1.04822091812716,0,0,0,0,0,NA
"111","05031",19.617755579559,0,0,0,0,0,4.28640347266361,0,4.15308769339699,4.61421623730752,1.09994704951246,1.7172152450332,1.42988820679789,1.25828957483992,1.1552895630346,1.09308167674133,0.534309970914879,2.59283901256177,0.487104203050653,0.936491082921714,0,2.3872379827466,0,0.987520164460867,1.01886141339773,0,1.15277851435751,0.621593559193064,0.67467806641146,0.732821094023079,2.28880625972415,4.70937028568172,1.56374234344655,1.64789818554044,0,1.95175141844584,0.617863275145385,0.919077674487471,0.314935772662415,1.95632517269596,0.330205071697287,0,1.12379543801652,NA
"112","05033",0,0,0,0,0,0,0,0,0,0,0,0,0,0,0,0,41.9244115001901,0,0,0,2.80455789914067,0,0,0,0,0,0,0,0,0,0,0,0,0,0,0,0,0,0,41.9271144303028,0,0,NA,NA
"113","05035",0,0,17.7241089402367,1.67487909820923,2.1296553855886,3.72427693595219,1.65170645671933,0,0,4.96698832647786,1.06036534858024,1.51576058857446,1.57178093938279,1.60304104136246,0.621832370785506,0.987765040744076,0.588760339134442,2.52301039974419,2.13607935993208,0.478776331267897,0.598213037288625,1.44635668343033,1.80080739248003,0.659831076323439,0.131025915755265,0.684611255954545,0.882304252315119,0.95349485766259,0.514798879405011,0.559496790362686,0.40971216077843,1.98743018832296,2.38686507431373,0.402074569315029,0.384066928796655,0.578274964240902,0.608737018236205,0.665693123557439,1.69262026261631,0.255796253032362,1.33329571603319,1.07384378319412,0,NA
"114","05037",0,0,0,0,0,0,0,0,0,0,39.6625246461326,0,0,0,0,1.63718363919344,0,0,0,3.40493613261057,0,0,0,4.15489824415946,0,0,0,0,5.07129545587133,7.82756255695254,0,0,7.83811483324759,0,0,0,0.943560730632505,3.87725248748515,0,2.53083803242962,0.748221887982236,NA,NA,NA
"115","05039",0,0,0,0,0,0,0,0,0,0,0,0,0,0,0,0,0,0,0,0,0,0,0,0,0,0,0,0,NA,NA,NA,NA,NA,NA,NA,NA,NA,NA,NA,NA,NA,NA,NA,NA
"116","05041",0,0,0,0,0,0,0,0,0,0,0,0,41.090048232569,0,0,0,0,2.1549104465995,0,0,0,0,0,0,0,0,19.8427604890095,0,0,9.40431186617949,11.1338415814647,2.30723663461081,0,0,0,0,0,0,0,0,0,0,NA,NA
"117","05043",0,0,0,0,0,0,0,0,0,0,39.6625246461326,0,0,0,0,1.63718363919344,0,0,0,0,0,0,0,0,0,0,34.0611658715097,19.3491993010334,6.68066230612712,0,0,0,0,1.13257235702855,2.66164482880385,0,0,1.5707174549666,0,NA,NA,NA,NA,NA
"118","05045",22.6278264790165,3.95377865165962,4.67014884998203,0.342193199015768,0.828136421603395,0.505471779409575,0.256631178783637,0,1.99065529385004,0,0.427087698892002,1.41754780938153,0,3.13916757878938,0.496250198233441,2.28569090705858,1.21938353940936,0,0.378203787403594,0.407033074748489,0.917832859514792,0,0.636266019359044,0,0.935115406159532,0,1.33818020265845,2.86946211549587,0,0,2.72235366915607,3.60767654260601,0,2.64654278433611,2.21308812964681,1.24251268037234,0,0.554017977863465,0,0,0,1.18607708214789,0,NA
"119","05047",0,0,0,0,0,0,9.82330751988082,0,0,0,0,0,0,0,0,0,0,0,0,40.6838062994409,0,0,0,0,0,0,0,NA,NA,NA,NA,NA,NA,NA,NA,NA,NA,NA,NA,NA,NA,NA,NA,NA
"120","05049",0,0,0,0,0,0,0,0,0,0,0,NA,NA,NA,NA,NA,NA,NA,NA,NA,NA,NA,NA,NA,NA,NA,NA,NA,NA,NA,NA,NA,NA,NA,NA,NA,NA,NA,NA,NA,NA,NA,NA,NA
"121","05051",15.495240879053,1.0988287284634,3.97616204291328,0.932514454902949,0.766987657012773,0,1.80448621025007,0.371260821762404,1.91357757074411,0.383652211355424,1.89058147250958,0,1.11649181673243,0.384271343741798,0,2.29931396418512,2.30641705333194,3.96196416934374,1.54258070104431,1.48324843176013,1.85130241361747,3.36488711996746,0.139752524629856,0.128981935880398,0.262322653007415,0.289952315560353,0,0.223165412113234,0.303232161513265,0.422270891770825,0,0,1.08298044111777,1.33796882710172,0,4.61368360768319,1.30547502089101,0,1.05110826349773,1.02097424617094,0,1.13177588147619,0,NA
"122","05053",15.495240879053,0,0,0,0,0,0,0,0,0,0,0,0,0,0,0,41.8978468736904,9.50347218361724,0,3.13125258520722,1.18343440479793,0,0,1.10790974685797,0,0,0,0,0,0,0,0,0,0,0,38.3823811821849,0,6.37988455200081,3.72951570507759,0,0,0,0,NA
"123","05055",0,0,0,0,0,0,0,0,0,0,0,0,0,0,0,0,41.9261492284759,0,0,0,0,0,0,0,0,0,22.3269032215473,0,0,1.93783972794632,1.65176694362491,4.13167164023571,1.10559605892614,0,1.77829564488616,0,0,0,0,0,0,10.0418268357988,0,NA
"124","05057",0,0,0,0,0,0,0,0,0,0,0,0,0,41.7306894922619,0,3.45792355771216,2.32061852432577,0,0,0,0,0,0,5.73125721357134,0,0,0,0,0,0,0,0,20.1043012384656,0,0,0,0,0,7.26955772393484,NA,NA,NA,NA,NA
"125","05059",0,0,0,0,0,0,0,27.9797677512691,0,0,2.83873288665565,0,0,0,1.4960747104423,0,0,0,0,0,0,0,0,0,0,0,0,0,41.5336877216651,0,0,5.35613725905877,0,12.5422866956667,1.4140327365311,2.82875075065328,0,0,0.665365145002947,0,NA,NA,NA,NA
"126","05061",0,0,0,0,0,0,0,27.9797677512691,0,0,0,0,1.63527246280635,0,4.06324462428246,1.85293957581616,0,1.47232986235753,2.63133929859432,0,0,2.39215569559987,0,0,0,0,0,0,0,0,0,0,0,0,0,0,41.7088321717941,NA,NA,NA,NA,NA,NA,NA
"127","05063",15.495240879053,0,0,0,0,0,0,0,0,0,0,0,0,40.4986796646917,0,0,0,0,0,0,0,8.40581503584834,0,0,0,5.14336559320495,0,3.69535271501274,0,0,0,0,3.93729692471186,0,0,0,0,0,0,9.60306706082631,0,0,5.01689669111497,NA
"128","05065",0,0,0,0,0,7.2728236210439,0,0,0,0,0,0,0,0,0,0,34.1276539245842,0,11.0440379595168,0,0,0,0,2.52992332605285,0,7.7723857092333,0,NA,NA,NA,NA,NA,NA,NA,NA,NA,NA,NA,NA,NA,NA,NA,NA,NA
"129","05067",0,0,0,0,0,0,0,0,0,0,0,0,0,0,0,0,0,0,0,0,NA,NA,NA,NA,NA,NA,NA,NA,NA,NA,NA,NA,NA,NA,NA,NA,NA,NA,NA,NA,NA,NA,NA,NA
"130","05069",11.7815445878662,0,0.324524749936643,0.281167823745197,0,0.639620244798186,0,0.508735953463169,4.2736858193888,4.82641318672743,2.68247354105264,0.571000541047499,0.482842683812467,1.34138391826942,0.656178067053773,1.54271602232658,1.93407048227262,2.34078589907081,0.173685618529117,0,0.687916378544228,0.929622326896512,1.0184797751548,0.223913042462187,0.743988276897054,1.07931719219701,0.28978490242799,1.24217294328033,2.50198859217652,0,2.5493546945286,1.76398829224078,0.674689160761751,0.840057408679649,0.818613979070064,1.42561886301002,0.410237957685289,1.25984806336733,0.216805198136725,1.79641345043101,0.228940447636838,1.40870655960665,2.5020963453852,NA
"131","05071",0,0,0,0,18.7977842950992,1.83705478356852,0,0,0.957534634064852,2.81553908050283,0,0,1.00481056215408,1.07739920582044,0,0,7.79517767969551,0,1.67211791079913,1.40568570549065,0.627295116848991,0.603439559821997,0,0,0,4.21142054465842,0,0,3.19812651155252,0.954902969793686,0,0,1.93993277221062,0,0,0,0,NA,NA,NA,NA,NA,NA,NA
"132","05073",0,0,0,0,5.8621602337794,0,0,0,4.6279632057551,0,3.62833759283145,2.87252401490086,0,0,0,0,0,0,10.7530046791604,0,0,0,2.74465303992062,0,0,0,3.50387133117059,0,0,0,NA,NA,NA,NA,NA,NA,NA,NA,NA,NA,NA,NA,NA,NA
"133","05075",0,0,0,0,0,0,0,0,0,0,0,0,0,0,0,41.9239849146306,0,0.921530478297256,0.710226231300043,0,0,0,1.04109773303394,11.8998048749623,0.652945587559665,0.479380174397424,0,0,1.30487944425495,3.63788622495038,0.431137219522851,1.2038555824115,0.377172427456277,0.374978417851842,0.788212180915165,0.431968870676072,5.59718522246102,0,0.329796423103975,1.82995164241827,0.290099107672444,NA,NA,NA
"134","05077",0,0,0,0,0,0,9.82330751988082,0,0,0,0,0,7.23446814202734,0,0,0,0,0,0,0,0,0,0,0,0,0,0,0,0,0,0,0,NA,NA,NA,NA,NA,NA,NA,NA,NA,NA,NA,NA
"135","05079",0,0,7.55196450982824,0,1.39799956904338,0,0,0,0,0,0,0,9.04528974706735,0,13.4390978975248,2.28063640527175,0,0,0,1.41157099222942,26.6286743825115,0,0.466027023020654,0.252623203765364,3.64793239803973,1.51414107836256,0.0852334719574595,9.53524062783139,0,5.62125537914782,3.64883099496487,1.08283576757691,0.162262809300079,0.0657852037065402,0.313567815192409,0.0135298144964431,0.0172807127703365,1.34815106998437,0.061565093458397,0.0399057803415207,0.251635857619774,1.21903422042691,NA,NA
"136","05083",0,0,0,5.25744058045737,0,0,0,0,0,0,9.32432598702874,0,0,0,0,0,0,0,0,0,0,0,0,0,0,0,0,NA,NA,NA,NA,NA,NA,NA,NA,NA,NA,NA,NA,NA,NA,NA,NA,NA
"137","05085",0,0,0,0,0,21.4683128581358,1.965987982368,8.1379682424263,0.606949057948863,0,0.422873837805178,2.46381256178234,0,1.24883053385713,0,0.473078396548222,1.55452294313136,0,0,0.737963315654983,0,0,0,0,0,0,6.77922955891766,13.6549399460754,2.30543333225478,2.83715755944791,4.64792029905341,0.663574955819243,0.550899164886829,0.512638231537631,0,0,0,1.94495434089492,1.18278084921664,NA,NA,NA,NA,NA
"138","05087",0,0,0,0,0,0,0,0,0,0,0,0,0,0,0,0,0,0,0,0,0,0,0,0,0,NA,NA,NA,NA,NA,NA,NA,NA,NA,NA,NA,NA,NA,NA,NA,NA,NA,NA,NA
"139","05089",0,0,0,0,0,0,0,0,0,0,0,0,0,0,0,0,0,0,0,0,0,0,0,NA,NA,NA,NA,NA,NA,NA,NA,NA,NA,NA,NA,NA,NA,NA,NA,NA,NA,NA,NA,NA
"140","05091",26.7290219987069,1.55102491520199,0,0,0,3.90726997344483,2.16611074661823,1.86582517368423,0.534945427620069,0.969589627532932,0,0.984862194519907,2.06194790924951,0,0.557002737303726,0,0,0,1.12193129596073,0,0,2.50538910232951,2.61635575623381,0,0,2.27349669894336,0,0,2.55657250423536,0,0,2.9453985794228,0,NA,NA,NA,NA,NA,NA,NA,NA,NA,NA,NA
"141","05093",0,0,0,0,0,21.4683128581358,0,1.36106189423096,0,0,0,0,1.78235938882207,0,0,0,4.10982559468062,0,0,3.73302330981195,0,3.03564220418654,0,4.64971623246665,1.83202485526775,1.47677744669144,4.5839930435408,0.873921380777699,0,0,2.22610482013722,NA,NA,NA,NA,NA,NA,NA,NA,NA,NA,NA,NA,NA
"142","05095",0,0,0,0,0,0,0,0,20.1118374377734,0,0,0,0,0,0,9.82184838311832,6.54529049340913,0,0,0,0,0,0,0,0,0,0,0,0,0,0,NA,NA,NA,NA,NA,NA,NA,NA,NA,NA,NA,NA,NA
"143","05097",0,0,0,0,0,0,NA,NA,NA,NA,NA,NA,NA,NA,NA,NA,NA,NA,NA,NA,NA,NA,NA,NA,NA,NA,NA,NA,NA,NA,NA,NA,NA,NA,NA,NA,NA,NA,NA,NA,NA,NA,NA,NA
"144","05099",0,0,0,0,0,0,0,0,0,0,0,0,0,0,0,0,0,0,0,0,0,0,0,0,0,0,0,0,0,0,0,0,0,0,0,41.9273077940323,NA,NA,NA,NA,NA,NA,NA,NA
"145","05101",0,0,0,0,0,0,0,0,0,0,0,0,0,0,0,0,41.9215156064661,0,0,0,0,0,7.27282361950537,0,0,0,0,0,0,0,0,0,0,0,NA,NA,NA,NA,NA,NA,NA,NA,NA,NA
"146","05103",0,0,0,0,16.519505995067,0,0,0,0,0,0,0,0,0,0,0,0,0,0,0,0,0,41.9228180856949,0,0,0,5.25744055021382,0,0,0,NA,NA,NA,NA,NA,NA,NA,NA,NA,NA,NA,NA,NA,NA
"147","05105",0,0,0,0,0,0,0,0,0,27.462168420246,0,0,0,0,0,0,0,14.0039017952613,0,0,0,0,0,0,20.0585594612442,0,0,0,0,0,2.73581408910524,0,0,0,0,NA,NA,NA,NA,NA,NA,NA,NA,NA
"148","05107",0,0,0,5.25744058045737,3.96894916870393,0,0,2.49618423550308,0,0,0,0,0,0,0,0,0,0,0,0,0,41.5291202958941,0,0,0,0,0,7.27282273062976,0,NA,NA,NA,NA,NA,NA,NA,NA,NA,NA,NA,NA,NA,NA,NA
"149","05109",0,0,0,0,0,0,0,0,0,0,0,0,0,0,0,41.900739498203,0,0,0,0,0,0,0,0,0,0,0,0,40.6838341098687,0,0,0,0,0,0,0,0,0,0,0,0,NA,NA,NA
"150","05111",15.495240879053,0,0,0,0,0,0,0,11.8562627501243,0,0,0,0,0,0,5.55909868478953,0,0,4.72086353263657,0,0,0,0,0,10.6808858536796,3.60869108333075,0,0,0,0,2.49967877861029,5.00802316799265,2.03027443401235,0,2.76461755652026,2.28258981220985,0,0.934216410887455,2.65578749871001,0.815602727918908,0,0,0,NA
"151","05113",0,0,0,0,0,0,0,0,0,0,39.6625246461326,0,0,0,0,0,2.09011052895588,0,0,0,0,0,0,0,0,20.0123885363171,0,0,0,0,0,0,0,0,0,27.462085506745,0,0,0,0,0,7.27202378055279,0,NA
"152","05115",0,0,0,0,0,0,0,0,32.9830606146736,2.76323356078061,0,2.39847314930375,0,2.75129138780717,1.64083215892429,2.8282603319401,1.75177266534202,1.46383372537182,0,1.25660470133323,1.638787435935,0.404874819134419,0,0,1.08741402662981,0,1.54820048583653,0,0,0,0,3.71280005992579,0,0,7.36425389634635,1.34192037443638,0,0.954579194604693,0,0,1.19012916487426,0,0,NA
"153","05117",0,0,0,0,5.8621602337794,0,0,0,0,0,0,0,0,0,0,0,0,0,0,0,0,0,0,0,0,0,0,0,0,0,NA,NA,NA,NA,NA,NA,NA,NA,NA,NA,NA,NA,NA,NA
"154","05119",33.8283559569804,0.572485398975435,1.59250629450956,0.430879872820725,0.386364618013304,0.313406609503344,0.0878290068460372,0.107407042334353,1.10180148239616,0.863273030661984,1.59541519931087,2.94761404656164,1.19687172133661,2.83928613025501,0.474401449868279,1.47530904212681,0.394255653292866,2.88824883710926,1.26282747528204,1.80149020884443,0.474312575416942,1.08768618144432,1.47398524980288,2.61788604668179,0.614491729963168,0.241719307761708,0.390216260116545,0.470882237596753,0.647020078253731,0.137216815128973,1.13900203964658,2.08175920375814,1.18111691707439,2.57771658399172,0.510531148052968,0.405684307387445,0.404260287194502,0.714278660137037,1.39202384306869,0.742989136297464,1.03827061948357,0.971197527501649,0.0905344940850756,NA
"155","05121",0,0,0,0,0,0,0,0,0,0,0,0,41.6725690551434,2.32057889374983,0,1.0301138816983,0,0,0,1.44176663381465,0,2.23676780127886,2.30042445899851,0,5.39895978020479,0,0,0,1.34907059034604,0,1.73490720159552,0,2.064904769804,0,0,2.3326720728779,0,0,2.7688657042859,NA,NA,NA,NA,NA
"156","05123",0,0,0,0,24.9037048918259,1.14964900459423,9.22246870401208,0.667673901201063,0.497640809754809,0,0,0.259922417521102,0.649286776140123,4.22051820674334,0,5.79298106642832,0,0.207404000737705,0,0.215887112189274,0,0.337963754322177,1.37517053399149,2.8035304404287,0.572468883582213,2.58924166614562,0.447664926621965,0.413614419326625,0.413873894773551,0,0.526690994053457,1.86843509773294,3.85293009430807,1.12342879750641,NA,NA,NA,NA,NA,NA,NA,NA,NA,NA
"157","05125",19.617755579559,0,0,0,0,0,4.28640347266361,0,7.55756473766225,3.69046745991413,2.45466791860831,1.78894829779412,0.962409431735748,2.4623570107253,0.719553143694949,1.32285537109361,0,0,0,0.475794769040128,0,0,1.25039960690256,1.64132523378092,3.46564936428737,1.48825479599107,4.54377356625515,1.66166355619847,1.3100295168206,0,1.10532282466168,2.16375072275959,1.53423667362212,0,0.490682911984523,0.517206604508164,0.568531777638512,1.26759998269035,4.97210975984751,0,0,0.467593249698738,0,NA
"158","05127",0,0,0,0,0,0,0,0,0,0,0,0,0,0,0,0,0,0,0,0,0,0,0,0,0,0,0,0,0,0,0,0,0,NA,NA,NA,NA,NA,NA,NA,NA,NA,NA,NA
"159","05129",9.50379865884122,0,0,0,0,0,0,0,0,0,0,0,0,41.3758025732328,0,2.37014482043096,0,0,0,0,0,0,0,0,0,0,0,0,0,0,0,0,0,0,0,0,0,0,0,0,0,0,0,NA
"160","05131",0,0,5.35623193094833,0,0,0,0,11.2847960474941,4.63681045425813,1.48128476308046,0,0,0,0,0,0,3.63961044680889,0,0,4.61919669823001,0,3.25214152173014,0,0,0,0,0,0,0,0,0,25.9169386787432,0,0,0,0,0,0,9.82297889779528,0,0,0,0,NA
"161","05133",0,0,0,0,0,0,0,0,0,0,0,0,0,41.8484385587402,0,0,0,0,0,0,4.57204385587973,0,0,0,0,0,0,5.52882174904414,4.9839418079351,0,0,0,0,3.50028521173447,0,0,0,0,0,6.89392010432742,0,0,4.69800974769119,NA
"162","05135",0,0,0,0,5.8621602337794,0,0,0,0,0,0,0,0,0,0,0,0,0,0,0,0,0,41.9261852384489,19.6177414755948,0,6.09534699888211,0,0,0,0,NA,NA,NA,NA,NA,NA,NA,NA,NA,NA,NA,NA,NA,NA
"163","05137",0,0,0,0,0,0,0,27.9797677512691,0,0,0,0,0,0,0,0,13.2284290619609,0,0,0,0,0,0,0,0,0,0,0,0,0,0,0,0,0,0,0,0,0,0,41.927307691768,0,0,NA,NA
"164","05139",0,0,0,0,0,19.1341243868826,0,3.19535387420908,1.15760441856876,0.953714119229891,0.865077692846617,0,0,2.12452202459312,0,1.2938500237006,0,2.86526503872926,1.34641839875976,2.38935273031438,0,0,0,1.24328108131409,1.41781838905845,1.52647579778208,4.22206345195041,1.13830146705343,1.85347986633134,0,0,2.40312643485838,0.805453734466972,1.59419270992162,0.7693857627322,3.49874087909006,2.84415556091253,0.462756563140344,2.35547292546269,1.34569269196799,0,1.78698200219257,0.584979044843867,NA
"165","05141",15.495240879053,5.82912529023472,4.52853739315777,2.79579707475237,3.19184128008782,0.48613044648952,0,1.25603288676316,0,0.486363942750212,0,0,0,1.30209213276152,0,0,2.7679957254946,9.19484042911477,0,0,0,0,0,0,0,0,0,0,0,0,0,0,0,41.8154439520552,0,0,0,5.25743865974324,0,0,0,0,0,NA
"166","05143",12.8044813570177,0,1.337732744759,4.00790377192139,2.26888904597206,0.613889271974878,0,0.559856399518878,2.30721885228868,1.6934486677852,0.538482952763291,0.524904765924509,0.531056885851417,1.63791827558417,0.55840125610823,0,0.650742539482847,4.03034137734078,0.615222565730336,0,0,3.47862447908075,0,0.555809993620392,0,0.64240067508351,0,0.89852465500191,7.29105985327465,3.36209270152611,0.489837576561354,0.799920727900997,3.06227016035234,0.876092974298092,0.798253278547214,0,0,2.16038390339456,0.662479321896244,0.35365171098001,0,1.2760803608366,0.466738243520061,NA
"167","05145",0,0,0,17.5063999182306,0,0,0,4.10366042898301,0.901813308884971,3.10505191982073,4.71829525753735,0,0.756495003893718,0,0.745281100592912,0,0,0,0.907060635132994,0,0,0,0,0,5.92010074115795,0,0,0,0,0,0,9.75281298326707,6.53576080075396,0,0,0,5.5111276075919,2.23362558527698,0,0,1.68675720502474,0,NA,NA
"168","05147",0,0,0,0,0,0,0,0,0,0,0,0,0,0,0,0,0,0,0,0,0,0,0,0,0,0,0,0,0,0,0,0,0,0,0,0,0,0,0,0,0,0,0,NA
"169","05149",0,0,0,0,0,0,0,0,0,0,0,38.5206446780483,0,0,0,0,0,7.27278984491755,0,0,0,0,0,0,0,0,20.0868826652457,8.48902674718261,4.10956911025263,NA,NA,NA,NA,NA,NA,NA,NA,NA,NA,NA,NA,NA,NA,NA
"170","06001",6.81329486976856,1.24552133318485,0,1.89044665629358,1.64667411178364,0,1.84250078402633,0.475431283300062,1.10700462917788,0,1.83604727389216,3.22216413051208,0,3.72073170276004,0.557601956659819,1.03356863128218,0.838354448695288,0,1.99997448889462,0.884396081894846,0.872138806301539,0.966661599779338,0,1.82451414904149,1.04531540628089,1.34862283935787,1.18648412451669,1.11144960877974,0.623944878067528,1.02550816917667,0.0219981618127178,2.50944539292206,1.13796290022082,0.77374844695957,0.650946540437761,0.634398685432698,0.726050408396623,0.819558130677641,0.878408116522061,0.881515470325186,1.91375264975629,1.13617713404117,0.682792454991764,NA
"171","06003",0,0,0,0,0,0,0,0,0,27.462168420246,0,0,0,0,0,0,0,0,0,0,34.131489849517,0,0,0,0,0,0,0,0,0,0,0,0,NA,NA,NA,NA,NA,NA,NA,NA,NA,NA,NA
"172","06005",0,6.38923392032348,0,0,0,0,0,0,0,0,18.1259203952684,0,0,0,0,0,0,23.0724576190643,0,0,0,0,0,0,0,0,0,0,0,30.9711435709469,0,0,0,0,0,0,0,0,0,0,0,0,NA,NA
"173","06007",9.50379865884122,0,5.82730717907272,1.93875553116241,0,0,0,0,5.78023187605616,0,1.6315577551674,1.42730641718778,1.26456412925164,0,0,1.35634255429633,1.47966722188607,0,0,1.92014018150534,0,0,2.50571324263934,2.46576712434325,0,0,0,0,0,0,0,0,0,0,0,0,0,0,0,0,0,0,41.9270849452549,NA
"174","06009",0,0,0,2.80455791705411,0,0,0,0,0,0,0,0,19.5389097385955,0,6.16962212171428,0,0,0,8.53199628155338,0,0,0,1.71515255928904,0,3.73149334884094,0,1.66517544896329,0,0,0,0,2.82053315976862,0,0,0,0,0,0,0,0,0,0,0,NA
"175","06011",0,0,0,0,0,0,9.82330751988082,0,0,0,5.11105633931234,0,0,0,0,0,0,0,0,0,0,0,0,0,0,0,0,0,0,0,0,0,0,0,0,0,0,NA,NA,NA,NA,NA,NA,NA
"176","06013",1.92230240533579,1.61919260428421,1.69157890084208,1.42814274336824,0.877732060246402,1.08629020237627,0,1.03915034610421,1.4432620440112,2.13309296005694,0.0554629011303069,2.96109134199557,0,3.36661130696156,1.13550493761902,0.814178803678794,0.611583478251113,0.668229982227262,0.849223378356109,0.635549809103249,0.328963458608767,0.532973851655553,0,3.31768036442462,0.835260531296766,0.848343567527926,1.72683546479904,0.35082920854325,0.607845551681207,1.83648421838051,0.61074266929173,0.312891694480109,0.755311999932277,0.957068374905035,0.646618874057896,0.176133218566391,1.41757145043404,1.3570151141077,1.94054597387695,1.00048620333858,1.55290697690368,0.587572347955153,0.105323449258475,NA
"177","06015",9.50379865884122,0,0,0,0,0,0,0,0,0,0,0,0,0,0,0,0,0,0,0,0,0,41.9273072620412,0,0,0,0,0,0,0,0,NA,NA,NA,NA,NA,NA,NA,NA,NA,NA,NA,NA,NA
"178","06017",0,3.45810439938785,0,9.8606535563439,2.95249072321709,0,0,1.69780059399797,1.64398914353003,0,0.569548385891943,1.78944061860801,0,0,0,5.02228137085589,0.771022204592168,0.69495595438986,1.26959856323464,0,0,1.41404411289279,0.789461035439571,0,1.00735129947589,0,0,0,3.84122015119541,1.91764621130144,1.69768829643977,2.78470169361606,0,0,0,2.48965309316803,0,0,4.60162100034665,0,0,0,NA,NA
"179","06019",0,7.26947565441839,3.00132364077759,0.424182747114293,2.70651464616223,1.13005812378667,2.882918786767,0,1.9125839359442,2.55249518102252,2.02810483462844,1.47053304856933,0.647227797995958,0.306661823592641,0.522131575574161,1.75631393027908,2.40042892302902,1.01498510048983,1.56794315620581,1.48614683165137,0.753344775627678,0,1.57887431177327,2.16914154363164,0.995674413480864,1.96755601103822,0.947788296481325,0.223185752789482,0,2.16984508018937,1.23117943354841,2.80814681116301,1.23351338794172,0,0.675718879497505,0,2.04265215124183,2.09226416484212,0,3.66503663954101,0,0.699072781698831,0,NA
"180","06021",0,6.38923392032348,0,0,0,0,0,0,0,0,0,25.9584967087253,0,0,0,5.25081864723534,0,0,0,0,0,0,0,0,19.8212343589746,0,0,0,0,0,0,0,0,0,0,0,NA,NA,NA,NA,NA,NA,NA,NA
"181","06023",0,6.38923392032348,1.95203238713263,6.26047928645439,1.65785205976362,1.25265518225908,2.04768237539945,0,1.29557813529837,2.46790452691763,0.385181029995086,3.16491680547961,2.07839993430082,0,0,1.25940987790969,0.26960152884942,0,0,0,0,0,0,2.50639328463102,3.28835271911847,0,0,0,0,0,0,0,10.2763382053266,0,0,0,0,5.82956732335907,0,0,0,0,0,NA
"182","06025",0,0,2.86085361663031,0,5.4451308270928,2.08681948305433,1.63336036584261,0,2.50010751389931,1.40050944878426,1.27411120705698,2.072308354499,0.624845933321266,0.39742852985524,1.57087276582836,0.588388276261669,1.00038308344831,0.414782225674299,0.877648965511696,0,2.06829607389713,0,3.54482316955088,3.87649533909324,1.74550815301853,2.17159790067775,1.31929579549907,0,0.480373407736818,1.49536556167973,2.02090031913422,3.40547984284513,1.45046679218483,0,0,1.92237194454612,0.199242757214385,2.40311821798992,0,0.969306853140781,1.71886610612239,0,0.706974642894509,NA
"183","06027",9.50379865884122,4.20373720110854,4.71051550791952,4.30936110711954,0,0,0.844997600043369,0,1.02523235346654,0,1.43738258515579,0,0,0,0,3.53992129107639,0,0,0,0,17.8001146824283,0,0,1.12810770680226,0,0,0,1.71803936031958,0,0,0,0,0,0,0,0,0,0,0,0,NA,NA,NA,NA
"184","06029",12.1992231524396,0.795699923326657,1.06840613964757,5.38249004998034,1.12330385674866,3.04076902325892,0.700547338621162,1.37021268976702,3.03485066221051,2.89849146018924,2.67138087888556,2.0082417320546,1.91302372173474,0.870439450660735,0.358776286227018,0.515960640646834,0.795658283469022,1.43350533704581,1.56794803536468,1.52130463195395,1.04592555486378,1.54593549893264,0.931075152658573,2.33938939679824,0.95290045848617,0.364062565729543,0.886102713112118,0.371279577749076,0.616620461833769,0.951364440100946,0.450995988204868,0.667989348715046,1.62252468287881,0.924208153176668,2.4077926168263,0.775821164378115,0.725434755978592,0.705465978591521,1.00869212472657,1.72535005050913,1.10015553969468,1.27010651480489,0.375953348578108,NA
"185","06031",0,0,2.86085361663031,2.28345580269797,1.88198763972345,0,0,0,0,0,0,13.2072887175769,0,2.1451425386773,1.62864504379984,0,2.54295802321324,1.16583583981236,0,5.09816113719523,1.64023152031688,4.87839762735074,0.892049325573999,0.728990063005651,0,1.01260480625827,3.95561742758062,0,1.39722291134455,3.65880107898811,0.811806128032684,1.40563534168796,2.58061111006094,3.33229928262385,2.20977492809158,0.931960984876368,0.94648665973576,NA,NA,NA,NA,NA,NA,NA
"186","06033",0,6.38923392032348,3.73038711983005,2.47378173269665,0,0,0,0,2.57697412946798,2.80161865611289,0,0,0,0,0,0,0,0,0,0,0,0,0,0,41.7925641829447,0,0,0,NA,NA,NA,NA,NA,NA,NA,NA,NA,NA,NA,NA,NA,NA,NA,NA
"187","06037",3.56408156979587,1.86678841156307,1.54284935518277,3.2685128303558,1.46438938655753,0,1.84094299911152,2.95132620938382,2.11442720045025,1.61359463676086,1.44533782407974,1.25173646805101,0.0873802538489884,2.88720502977529,0.833915500423101,1.03765047668246,1.10085686312137,0.680640487583936,0.841289579752661,0.0180306517130497,0.871900947438363,1.17302058229017,1.4204210278216,1.09904863043699,0.776431720160446,1.23072095414666,1.35333707276726,0.677016602622956,2.95851959142054,2.29811351499621,1.85811634968991,1.31376980580869,1.06381151453328,0.576305086355559,0.423222727561374,0.875857156618923,0.632608304065579,1.75716864604131,0.885291184682269,1.24289847985141,0.73564464903857,0.925034334077066,0.609714962270112,NA
"188","06039",0,6.38923392032348,0,1.08588751450674,2.77348953948916,0.806039689256004,2.83355033839263,1.79833639885603,1.52561492693598,0.892156835697231,0.825771696780992,1.19368193409587,0,0,0,0,0,0,4.06218186878824,4.38600371970306,0,1.4907402795197,0,0,0,0,0,3.51606839147834,0,7.57734623213637,0,5.75293728808514,0,0,1.13033451262227,1.13713624909156,3.30532582695241,1.93057895775395,0,0,0,4.44090196612663,0,NA
"189","06041",0,1.71238363874463,0.849419632784563,0.85672386920717,0.586415968050151,0.365856807870125,0.803080669873916,2.70327457480743,0.833437545374393,1.05567810611557,0.127513637455807,1.28017009703233,1.65985228776557,0.754829805194651,0.50471207485849,0.26250806185473,0.70990166123722,0.159066734302058,0.918730624052566,0,0,3.33898470523864,1.8101497485121,0.27952347834985,3.22343290267399,0.637322546921837,0,0.396967389128544,1.26988766431054,0.910360660993957,0.246967930236869,2.3462286081952,0.770401379045903,0,2.76091531671311,0.238875758184203,0,0.512844827217089,2.46221532210761,0.555215827689631,0.563170039555481,0.291476483742784,0,NA
"190","06043",0,11.0886817491692,17.7274724319042,0,0,0.476488645228722,NA,NA,NA,NA,NA,NA,NA,NA,NA,NA,NA,NA,NA,NA,NA,NA,NA,NA,NA,NA,NA,NA,NA,NA,NA,NA,NA,NA,NA,NA,NA,NA,NA,NA,NA,NA,NA,NA
"191","06045",0,6.38923392032348,0,0,0,0,4.02360274335763,3.75339185483918,0,0,0,0,0,0,0,0,0,0,0,0,0,0,0,0,0,0,41.9270849960161,0,0,0,0,0,23.3688359348561,0,0,0,0,1.09925490492653,0,0,0,0,0,NA
"192","06047",0,6.38923392032348,0,5.76834489338417,5.51596972058971,1.22957400882042,0.949139029835671,0.81944199817934,0,1.61657082886448,3.16897268191881,0,6.636001600832,0.880629508155457,0,1.61450248221143,1.78158726517793,3.14612486674927,1.53904977257295,1.12567764658937,0,1.49962511340265,0.335910688468909,0.534643990028144,0.587342163596825,0.871618740061932,0.957305521346292,0,0.584287527356208,0.331911675660942,2.56727751702234,0.746433440327126,0,0.393992156446744,2.0628042172822,3.14994276393334,0.697234425999125,2.13598732675572,2.31783389312401,1.30104809016066,0,0.576397865825739,NA,NA
"193","06051",0,0,12.798633678712,0,3.37596142182833,2.46113750223116,2.78646409700996,1.45922113295248,0,0,3.10000559120186,0,0.620731341378499,0,0,0,0,1.6456667994797,0,2.69683179463169,0,4.99374155680719,0,0,0,0,0,0,4.73745635180408,0,0,0,0,0,0,0,20.9674850586574,0,0,0,0,0,0,NA
"194","06053",3.10358045985062,3.24938550554733,1.44251433807337,0,0,2.26586709920046,1.14594581879705,0,1.22012026841274,0.631241334399302,1.92377640428478,1.54382137400613,1.15446610825347,1.33827997562739,0,0,0.590976395663232,1.6810927489013,0.740858533909984,2.99935051457811,1.02033179923017,1.50607715709848,0,3.32429382891913,1.78220999839144,2.0835224109726,0,2.56038901356392,0.68225629593423,0.903322226880554,0.256260505778162,0.53910118763248,2.13396499515436,0,2.09292210308431,0,0.306539888076706,0.98278619902639,2.54277421594244,1.14213733904201,1.36800307609135,1.78859721000866,0,NA
"195","06055",9.50379865884122,0,0,9.42048385677274,0,3.47792016468528,0.900132660225865,2.92892379991891,0,0.584987111407049,1.7234688910854,0,1.21264319076665,0,1.41056831357965,0,2.45137314117266,0,5.30372546602076,0,1.08442740828076,0,2.00628896847111,0,0.53893529753457,2.80695529947352,1.59651668900101,0,0.488546936196126,0,3.2380244116293,1.55546334908653,0.484350287039353,0.9207798536336,0,1.87798856049826,0.95109033635348,0.485658198636587,0,0.568308851961853,1.27297365922828,0,3.06986655883983,NA
"196","06057",9.50379865884122,4.20373720110854,2.49543848965504,4.87972614274871,1.14082018907886,3.43540341023298,0,2.9451501960733,1.97508542707062,2.06178176148372,0,1.34994428047304,0.331073395406778,0,0.396601611877495,0,1.19805315377884,0,0,0,0,0,0,0,0,0,26.5152854106818,0,0,5.33443566158008,0,0,1.73348776147827,0,0,0,5.0622772021547,4.31791322296058,0,0,0,0,0,NA
"197","06059",3.55210312153654,1.72105893137548,1.5567890151759,2.39876657049526,1.84998594543402,1.96226879621878,0.585792486074577,0.646197433217265,0.736945986422181,2.01892392473789,0.947268720469855,1.01402337279796,1.33531017748725,0.824242948685004,0.811117178692012,0.833589348720288,1.46067953706882,1.07491729735655,0.991723537815105,1.36037648291239,0.888833892449337,0.0951986957373441,0.269755148785627,1.42416770156867,0.979296176285498,1.57962658857346,1.12612945782942,1.55242046204396,0.727304247134782,0.266328814650988,1.12377878228755,1.37434052928201,0.343252682343337,2.3803588926824,1.874879117657,0.838363025210508,0.377302066121781,1.48050043310473,1.97742910128217,1.85350637021186,1.14568678238192,1.12689904320503,0.750533247492532,NA
"198","06061",0,4.48743349954009,3.51661758013113,0,0,2.39889217454591,2.42223909988178,0,0.720826239820315,3.5466231730093,1.74319761181099,0.877614568627707,0,0.694534717845504,0.369688841084893,0,1.81250784865231,0,1.26977525839924,0,0.255333658518691,0.865873243335539,0.330398348185406,0.386785980589631,0.459276606774104,0,0.678199844655387,0.820415105374203,0,1.15310898149797,0,4.18476892208088,3.55090924686507,0,1.62720531544358,1.43454410047414,1.30319615389796,0,1.26585512241876,1.90093805826133,4.98815336465657,0,1.14507636379419,NA
"199","06063",0,0,5.35623193094833,3.68219830428101,0,0,0,0,0,4.38579164347813,0,0,0,0,0,0,0,0,0,0,0,0,0,0,0,0,0,0,0,0,0,0,0,NA,NA,NA,NA,NA,NA,NA,NA,NA,NA,NA
"200","06065",6.1478334119176,2.00259769458544,1.35213625688676,3.41657206671702,3.05680712619123,1.81709018071348,0.532108278600224,3.600146368167,2.40503806676991,0,2.69880217265672,0,2.66754696237749,2.5796104197122,1.96119207505543,0.792098630028143,1.62938907413821,0.91884284164697,0.609431084185537,0.709283224479789,1.6767011668703,0,3.10927360616468,0,1.19586442984704,2.72428392492918,0,1.22776749594142,1.36812447603477,0,0.767425169599667,1.83172700869269,0.699411217368151,0,1.9203537210335,0.626208441954009,0.733863472353635,1.66485686669166,0.707080781248099,0.384331298838637,0,0.951094120570541,1.79803457186653,NA
"201","06067",6.79954532819337,0,1.80240191933327,0,2.8126525694815,0,0,3.21657948392146,0,0,4.58463147123977,3.1611454635214,0,1.51644330822897,0.5342141677891,1.61413969587732,1.3544889610831,0,1.78933901490198,0,1.39054115498775,0.847324012212826,2.03631109922695,0.934830583997494,0.631185557719021,0.411007027235631,0.455453368228052,0.306707544953673,0.482875240806952,0.535004788467118,0.772987077019929,0.842094750132463,1.82365029672001,0,1.07477992681494,0.491641138898094,0.521418678769267,1.05641698522264,0.684077124114949,1.0567019614788,1.42602368321448,0.8361610337859,0.829796378340995,NA
"202","06069",2.32178982821869,0,1.03012992974867,1.77983673306221,3.09876711629906,0.670027458715422,0,0,2.02176330994825,2.69045492413844,1.23781627885097,0,0,0,0,0,10.6852989035023,0,0.629512290861212,0.539799492320259,0,0,2.54956471481816,0,1.52085691584553,2.24519941743126,0,0,0,0,1.12185185381945,2.72906974627601,0,0,0,0,2.21027499295841,4.52132434562621,0,1.74270681217722,0,0,0,NA
"203","06071",0,5.40713096711781,1.71798158972277,2.83862667436107,0,2.73351775770091,0,3.55628701163978,1.22389531854833,4.12256539530002,3.69159811813139,1.89246490326223,1.4466442651014,0.479374943537863,0.0240753866985487,3.67440663009604,0.368038830572362,1.88776113479318,1.59272369160744,1.31337431618195,0,1.16152349068427,1.36716932523055,0,0.32044994908538,0.680328905354798,3.72424542449232,1.2319864286009,1.92798458941863,1.14827364230262,0,1.46725500961515,0.716279271825375,0,0.942823157847561,0.634749760146321,0.965706987956127,1.87098777066778,2.30404112361333,0.876519554142242,1.00043213735013,0,0,NA
"204","06073",3.35533009108078,1.00393591847933,0.356460487580007,1.41457481491699,1.15164248256331,1.65907496657581,1.54849983654508,0.637944169249155,1.71436253073232,2.30214676612199,1.78941858066139,1.55744108776093,1.68526018533834,0.992377326725166,1.1027241204578,0.70425177996095,0.454349588507396,0.726463278401323,1.00371652547473,0.713405778508427,0.79742598049959,0.537848942731816,0.579082338348294,1.20113160821001,1.23959184695728,1.14497146482496,1.06786110917867,0.810810778065259,0.806019899945908,0.846135222705535,2.4375312688528,2.04479982737505,2.12266459082362,1.15448581732821,0,0.875811151000501,0.881540099396709,2.6415498687947,0,1.15143973282729,1.25703936903047,1.76947700735503,0,NA
"205","06075",2.46343439526632,1.25749019108261,1.13202573939903,1.62532627139996,1.77553038061746,0.838282404202414,0.881077892016974,0.918964931105864,0.627017914418516,1.03908002644436,0.469372724994005,1.44530741235808,1.00490995376406,1.22320754265098,0.467464586177943,1.22120032807963,1.66579623810005,1.41186184489249,1.97421178309215,1.44602059987955,0.330285767988823,1.76821662656794,0.59753861758007,0.518281756129751,0.126305343502459,0.907554570710103,1.99458281364705,0.521421533526143,1.54018030589525,0.383913604545708,0.052259497945255,1.88616099748978,1.05878012718359,0.397748916541239,1.55982324315771,0.463603065426778,1.28617200415087,0.648184695286704,0.275110401049828,0.787412351961942,0.715290262825306,2.23154075173053,0.824750920347285,NA
"206","06077",3.62189353948283,1.93620296222796,2.23858962780131,0.313578632997291,1.76034307600336,0.26228455497957,1.7273376363129,0.851658823519988,1.09652978673508,1.24213604496363,1.74319343991806,0.525831891203846,0.370924343318754,0.462983155901127,1.23986607352445,0.968304800688952,0.559435518320354,1.3628353023837,1.55355450326893,0.37975139430968,0.853573784380581,2.49804671097902,1.77526110083517,1.99686353592594,1.52295822603709,0.339518209876401,1.53870772427395,0.764776103263367,0.662124026839607,1.09443002790505,0.592875820810724,1.50127932273798,0.452711455206705,0.5863591014706,0.436236362570656,1.07853283766592,0.0738400942256903,0.909916861899002,0.279461384745442,1.45705443648388,0.338353948267932,1.20338857233898,0.503590454990104,NA
"207","06079",0,3.80744570180679,0.700176794505278,1.14321124247135,0.648893957692689,1.01598081012797,0,0.581608168337829,1.45845687940938,0,1.74720262650712,0.802078429929325,0,0.445533733684241,0,0,1.52425215557987,1.36875899402019,1.00092173964826,2.90514066235547,1.66815216325338,1.06886773920499,0,0.965867955993709,1.63127281201214,0.660460695989187,1.33453118279515,0.33581817634832,0,0.774956811912445,0,6.78547658988437,4.69384407576497,0.47529568882112,0.192952383607728,0.53271764840837,0.716359384233427,1.50747136690058,0.596395159954175,0.840179456763293,1.71717009678876,1.04677441003581,0.205623515688837,NA
"208","06081",2.47118770640739,1.05503198102351,0.166589127498963,1.10715761344076,1.54699911320008,1.19977205376704,0.103246899248124,1.1401848310338,0,3.08134185416244,2.33841437394222,1.03515402740232,1.43098726281662,0.426081679699494,0.58640798888003,0.254627859408531,0.785517380858114,0.508600194008574,0.184595289767308,0.610878294725548,0,2.93152570221781,1.21239614349892,1.48231443997125,1.03988525684835,1.42792964208016,1.77869391575213,0,3.14165601385432,0.521960468230085,0.754238145364208,0.25975280926793,0.779993670358635,1.08679223675471,0,2.58368515925544,0.800597804521269,1.49601834103465,1.53504286519178,0.694089099769036,1.18982850133117,0,1.62553091750663,NA
"209","06083",4.24784415724684,0,2.05237935396954,0.569348507821925,1.56203161898692,3.48879066292096,3.19106053427511,0.599985784045999,2.48506679612822,1.15156409075487,1.11402502646234,2.3337576085596,0.968741857074509,1.09698556018338,0.394169918844003,1.18069326816851,1.69445002595318,0.639952290648313,0.953320733443337,1.07547298321986,0.25647757562502,0.20489890804421,1.27601473789915,2.28864343668096,1.59516769751929,1.38444888840686,1.18284353896153,0.690136717451969,0.504857086606635,1.25293677189645,0.761754385682486,1.3260826645514,0.55240153977637,0.570580229462778,0,0.154093371455635,0.186056983826579,1.38822221512541,0,3.37131136538033,0,1.21969064189652,0,NA
"210","06085",1.74648513631017,1.83395047785159,1.50144095608191,1.2098822411883,0.423125916744873,0.225298688805685,0.784876563911578,3.02682283572134,0.609568737572405,0.916224273016063,0.841159439901541,0,1.797117718019,0.843727315455702,0,1.25019858301194,1.57952247112947,0,1.09587839198699,0.771848305508935,1.54768371110857,1.84380635232462,0,2.17620827603771,0.649646298705307,0.588043282294156,0,0,1.1212209343068,0,1.26062677478021,0.908242728429199,1.21251878480011,0.873634113845515,1.70319927356545,0.774662078385953,0.612294445415917,0.440023330630577,1.11699471711841,0.653381903097207,1.12628118641353,1.1655577141704,0.59311798207948,NA
"211","06087",5.045009292499,0,0.584957276391236,0.261652575879485,1.8045128846753,0.525278321233102,1.88240712050064,0.796765832897458,0.264425577210091,1.07711194037809,1.36531820976899,0.824149805368577,0.559581381243464,2.76216044340324,0,1.76064746808756,0,0,1.12615979537358,0,2.86582670271811,1.08224898567148,0,1.73166727895844,0,0.712430244694182,1.13882619781665,1.200971341074,0.826621642112405,0.843495306048529,1.27255690868161,1.25243465584203,0.412389064825059,0,2.2524214085897,1.78197230673087,0.427111645274203,0.832714521197371,1.62241565223847,0.396841360661718,0.803883109593882,1.23528271634118,0,NA
"212","06089",9.50379865884122,0,3.13125374550534,0,0,0,2.6191593311636,0,5.44306776310296,2.14674754132743,0,5.45015707684624,1.02675755744407,3.92018845863982,1.77889591838979,0.486436888346226,0.877015751951439,0.426309626505639,0,0,0,0,1.27648245508865,0,0,3.05716763209485,0,0,0,0,0,10.6611618918007,6.64339700254387,0,0,0,0,1.82886839961289,0,0,0,0,0,NA
"213","06093",0,0,2.86085361663031,0,0,0,0,3.76364272501893,0,0,0,0,0,0,9.61246839165831,0,0,0,5.11065556385855,0,0,0,0,0,0,0,0,0,0,0,0,0,0,0,0,0,0,0,0,0,0,0,0,NA
"214","06095",0.924501125683883,3.54800776892751,1.03776575879465,1.9098668057637,0.705388916038831,0,0,0,2.98871478987048,2.09270195666254,1.61542137580012,1.94413271816177,2.72443669818864,0,0,2.66494216921401,1.83858525096877,1.95095421929548,0.402791187896725,0.757496147968521,0,0,2.20723033242104,0.857535100860497,0.182952741804091,4.90357420021167,0,0,1.44522613333477,0,0.146782573132951,1.66946829892973,1.45230411691835,0,0,0,10.4406591904372,0.722289402316295,0.983585291629139,0.277751924716544,0,0,0.116478250980609,NA
"215","06097",3.57671737746251,0,1.07978795225413,0.568379349786155,1.28040161596714,1.10045141649241,1.47102822557029,0,2.74165618852904,0.85382053857219,2.03345676290506,0.570027376358403,1.33704594122965,0.259508620017368,0.53400147067427,0,1.48675378518078,2.79645916250599,0.999120299725264,0.467255200593307,0,0.321861063921501,0.898758630317696,1.61113930326617,0.652541085719566,1.99798854661593,1.66390721415255,0,0.192005258188139,0.206166848958133,2.27230715341099,0.483410363860864,5.22031883158407,0,0.165792643049799,0.321355075044064,0.339691693488494,1.1415499480785,0.860311438712021,2.73621242867988,0.869454723634131,0.809848603640097,0.9563559386425,NA
"216","06099",6.27085302149185,3.06442754762454,0.675590251446593,0.548386788704526,1.9697445960846,2.64130464618695,2.25388867069306,0.643303765308119,0.585620789282524,1.6629596246126,1.31590216875209,1.73255322860886,1.5881380538472,1.43369563204583,1.11561598132093,1.69994940096715,1.39396892515246,0.720148085409263,1.10595097105915,1.72554871204837,0.636000019228258,1.23861682167715,1.78004692357642,1.85793117463324,1.37315340526398,0.890893150413263,1.565846148115,1.15116940099108,0.369642753205362,0.451645554254945,0.323548150513858,1.34060057142585,1.25231614533613,0,2.32875156886655,0.824040986920871,1.75612543619723,2.36437468316359,0,2.92194771830506,0,1.87844431762348,0,NA
"217","06101",0,3.45810439938785,6.26804793150281,0,3.24024113518043,0.869448003893703,2.90600743152002,0,1.1689761212786,0,0,0,2.66887881587783,0.982998778984735,12.3808757435155,0,0,0,0,0.347214394350159,0,0,0.944067340538551,0,1.89169540448109,0,0,22.5209134993106,0,0,0.320305205049002,0,0,0.441716285964148,0,0.85802297999783,0,0,0,NA,NA,NA,NA,NA
"218","06103",0,0,0,0,0,0,0,0,0,0,0,0,0,0,0,0,0,0,0,0,0,0,0,0,0,0,0,0,0,0,NA,NA,NA,NA,NA,NA,NA,NA,NA,NA,NA,NA,NA,NA
"219","06107",3.73187737416727,0.515123586223057,0,0.356611314240635,0.735791841870995,1.59497921609749,2.07502732764884,2.33573650615172,2.62139683275029,0.543004024768348,6.094671392264,1.06963049378182,0,3.75276116225441,1.67994018695502,1.63408088437014,0,0.706560902883593,2.22466813143638,0,1.52851221509378,2.2743478082914,1.77567522765791,2.64692070704208,0.795470437468625,0.358533672823677,0.525215619895407,0.512122835388441,0.444471020708396,0,1.07604733782949,0.801921311252598,1.41988664653221,1.45835831351698,0.965692946883389,1.94150446525902,2.78851778741528,2.38734749154468,0.580606773242449,1.46386522272663,1.32922088379382,0.719158518853301,0.433893813537645,NA
"220","06109",0,0,0,0,0,0,0,0,0,0,0,0,0,0,41.7112502165461,0,0,0,0,0,0,0,0,0,27.4621684199029,0,0,5.33539930341771,0,0,0,0,0,0,NA,NA,NA,NA,NA,NA,NA,NA,NA,NA
"221","06111",2.32178982821869,1.30117945820867,0.7638314721366,1.76727103088116,1.57087464405258,2.77179118774769,1.61038361452195,1.02263067707613,1.41125544740789,1.72272991783162,0.757049048659099,1.11269743037758,1.62664014779989,1.06874544897058,0,1.30927053565411,1.21248721547738,0.678256051778403,1.49373254915599,0,0.724421761289427,0.355761042135332,0.24073533258212,4.12418700229614,1.49891412103533,0.834262061325933,0,1.61716263775186,0.372856695716001,0,1.10912411365715,1.77461756054773,0.914301727571832,0,1.73215452135961,0.0879724826783652,1.01295029174054,0.872515608176628,1.79599483969093,0.88673867995197,1.42764934915275,0.639281437960977,0.984389429194299,NA
"222","06113",0,2.3705768629988,1.68417106865375,0.689630810384179,1.2496089320379,1.75721544085603,0,0,4.71360945093666,0.524277938429168,1.40238541577152,2.0553063653793,1.43412323991313,0,0,4.29985682991026,1.75374661196666,2.6654342922763,0.796879246685408,0.701257459864398,2.08232618181797,0.742116926791237,1.13721501568127,0.141266794148901,2.00371876502122,1.2603386607702,0.137887217223426,1.52108115882081,0,0.745514581227321,0.649024953877401,0.892642422207691,1.15929299396937,0,0.899349994080053,0,0.284949580463732,0.341471195826825,0.422571365178009,2.5230717803558,0,1.14165649331156,0,NA
"223","06115",5.3593048205652,0,0,0,0,0,3.40838618285832,6.61957401290899,2.38918146744417,1.7111840651974,0,1.23689883559483,0,2.50038812778397,0,2.52507622972041,2.29172713222861,0,0,0,0,0,0,0,0,0,16.2877408738027,0,0,0,0,0,0,0,0,0,27.4621395977076,9.03597524769168,4.1667904708442,0,0,0,NA,NA
"224","08001",0,2.73985437087479,0.563610404846131,4.96293859781893,0,2.96277792216585,4.26352076245085,0,4.76492337057471,0,1.41586192671369,1.95040961131036,1.24173370827388,1.97438530709808,0.390633964287826,0.609614130107954,0.850016635537962,0,1.95365986962809,2.30985696638868,3.13477371183984,1.14312602491031,0.703278199948178,0,0.652661613398231,1.03274501744519,1.30765421169645,1.36230932832779,0,2.05857119794939,0.909539334247323,1.16204891518984,3.64845894463005,0.90911519061452,0.737287703705605,0.644510687910444,0.581112171361959,0.930466677646599,1.53806481277443,1.30591799977107,1.03716666668428,0.774928120633794,0.538698744713171,NA
"225","08003",0,0,0,0,13.7433627509621,0,0,0,0,0,2.70094651493395,0,0,6.93511480855342,0,0,0,0,0,0,0,0,0,27.1898817729274,0,0,2.84884772230413,0,0,0,0,0,0,0,12.1501754834603,7.39039061861893,7.25280803683382,NA,NA,NA,NA,NA,NA,NA
"226","08005",3.27313858046272,0,1.18087664561669,4.27692438917538,0,2.20794408790045,4.31340062935514,0,3.08361965628195,0,1.27092303318941,1.50536361070976,1.403634907031,2.3593145249095,0.859398905181338,1.17693255047713,0.771068459398503,0,1.95691036515789,0.948192799302633,2.57876931214693,0.910886490457738,0.585833386731554,0,0.885650632924266,1.55830787798785,1.25582767187455,1.87282986670826,0,1.67879148635846,0.972002536740714,1.47389904527885,2.61571928615743,0.60138300797298,0.810005401973372,0.930813336844199,0.606399594117039,0.806386393108496,0.916431593170833,0.987828203623918,0.823283058429114,1.01042160095162,0.664715180566496,NA
"227","08007",0,0,0,0,0,21.4683128581358,0,0,0,0,0,0,0,0,0,0,0,0,36.3691488191811,0,0,9.49555647771628,0,0,0,0,0,0,0,0,0,0,0,0,NA,NA,NA,NA,NA,NA,NA,NA,NA,NA
"228","08009",0,0,0,9.34328727054725,0,0,10.9739781639019,0,0,0,0,0,0,0,0,5.45519591292605,0,0,0,0,0,0,0,0,0,0,0,0,0,0,0,0,0,0,0,0,41.9273057922628,0,NA,NA,NA,NA,NA,NA
"229","08013",0.653936275561217,0,1.53158248743392,2.20778450568075,0,1.16000281457181,1.61087131784084,0,1.98261671766185,0,0.848904406372047,2.2183332162714,1.30163923323527,3.55165107134706,1.03619870262394,1.25349558252552,0.0673119261420859,0,0.748362256959273,1.43644163941554,2.67457780955205,1.66733454900265,0.671739287393022,0.415580861855981,0.0692226770750214,0.891602616128633,1.22499675064638,2.1500548443677,0,3.1164896367822,1.91729656163467,0.554499131526477,2.39610639544885,1.28961320970367,0.13216950781715,0.655429621645577,1.25758649884222,1.01907318739545,0.717269550125506,1.83491455753019,1.30045374883052,0.663822786744809,0.777305112503736,NA
"230","08014",0,6.38923392032348,9.50057681065498,7.54850109250503,0,1.99546252897373,2.13049015113346,0,1.32206334318156,0,0.47819528867304,4.40631426005644,2.53290488103488,4.43725728880418,0,0,0.402122082183061,0,2.24220149754577,1.86287161105585,3.22119090995524,0,1.33448851551059,0,0.736986579938011,0.596501760049585,0.666796571904338,0.75267189257419,0,1.60646912087554,1.36124099827329,1.0253857214916,4.02876252624413,2.23640468895709,0.806024998173653,0.355605270295959,0.684525685949409,0.354049432572456,0.584409072835703,1.52107333715008,1.38636903736908,0.470906735815162,0.48025799626995,NA
"231","08015",0,0,0,3.6578514887877,0,0,12.5305908485276,0,1.14586293327923,0,0,0.521285077133192,0.614123970076722,2.16710729408344,0,0,0.95447553126686,0,3.39998343815768,1.09233276762732,1.01697416369326,0,0,0,3.78615671465123,4.61414020906088,0,2.3075808130379,0,0,9.20679862229175,0,3.22031333610528,0,0,0,0,0,0,0.752728776592471,0,0,0,NA
"232","08019",0,0,0,0,0,0,0,0,9.85568560923158,0,10.1674040757218,0,0,0,0,2.52963705604982,0,0,8.76993654366237,2.03455704781507,0,0,0,0,0,0,0,0,0,0,0,35.5086095985779,9.37843340150479,0,0,0,0,0,0,0,0,0,0,NA
"233","08023",0,0,9.4989667055933,0,0,0,0,0,0,0,0,0,0,0,0,0,0,0,0,0,0,0,0,0,0,0,0,0,0,0,0,0,0,0,0,0,0,NA,NA,NA,NA,NA,NA,NA
"234","08025",0,0,0,0,0,0,0,0,0,0,0,0,0,0,0,0,0,0,0,0,41.9273037904936,0,0,0,0,0,0,0,0,0,0,0,0,0,0,0,0,0,0,41.9271145325661,0,6.38923382735244,0,NA
"235","08027",9.50379865884122,0,0,0,0,0,0,0,0,0,0,0,0,0,0,0,0,0,0,0,0,0,0,0,0,0,0,0,0,0,0,NA,NA,NA,NA,NA,NA,NA,NA,NA,NA,NA,NA,NA
"236","08029",0,0,5.35623193094833,0,0,0,0,0,0,18.5112921339094,0,2.22311783913389,0,0,0,1.88007791535379,0,0,2.92162717491423,11.056334715991,0,0,0.9174083123869,2.53854929053078,4.30420745110522,0,1.52652955789575,0,0,0.531863961333369,0,0.803704434734103,5.41683656632241,0.803545867586257,5.49312924861686,0.441819087300782,0.724251198635405,0.658293527978137,0.650167035651211,0.343803098286116,NA,NA,NA,NA
"237","08031",2.14555170275612,0,2.64197183426289,1.5456324291099,0,1.39318053556555,2.55919895826717,0,3.05545480877916,0,0.946495798822772,1.12503601155569,1.41953993657715,2.02429492866786,0.383676811053881,0.628448493348081,0.737393102365069,0,2.05017382825958,1.65308150034751,2.52438220916827,1.61092424414027,0.790764758949789,0,0.875924759514755,1.12538145525591,1.26602191629261,2.14602681221083,0,2.8800360307341,0.787801884832942,1.09239126285135,2.11562342051344,0.923326437683551,0.81669310027263,0.81976836452687,0.9042505785573,0.839399065319921,0.97159735326217,0.823262433189899,1.20605463031728,1.1457107808121,0.769280700649583,NA
"238","08035",4.92937631517187,0,0.66816671431239,1.61416430077399,0,1.34693627671994,2.58031254807848,0,3.85176812626883,0,1.32156110441624,0.946862169857251,1.5995001321918,1.88755055858461,0.244197451986415,0.302756544324244,0.757922710716437,0,2.01068832468825,0.987369235517306,1.33508707253804,0.492933423228378,0.575848303213535,0,0.0972988917153248,1.92303970344662,2.8786220187789,1.66383458390134,0,1.48112068193155,0.704929690450725,0.616403519027532,1.35567283635629,1.01357933278369,1.29338615264238,0.909304826389045,0.362875323180056,1.38158927953959,0.930138457166591,2.19006922775183,1.35770164234411,0.63008449810958,0.381485654256047,NA
"239","08037",1.76578818743558,0,1.83155202822982,1.48474212159919,0,1.1769042771343,0.897977639217023,0,2.38960986794636,0,3.96407484516416,0.957121801846559,0.84320015611882,0.249064478256606,0.667782086442002,0.750148494364328,0.0976800979223149,0,1.38080510269729,2.47031310454501,1.950545147805,0.341850348323636,0.704216961659795,0,0.81677702350539,0,0.278041503890027,0.349670357923938,0,0.401580690625814,0.267710443880157,0.355019583378104,6.67919439774714,1.91220914586304,4.74119016432821,0.324770062638249,0.672655481597363,0.742752614977304,0.494967585626781,0,0,0.977529219203437,0.245253201759995,NA
"240","08039",0,0,0,0,0,0,0,0,15.9597712261038,0,0,0,2.78746121871769,6.71041115478886,0,0,1.29220037841387,0,0,4.51681112401962,3.90808897247601,0,0.897139097526098,0,0,0.999221108677487,3.30018392367667,3.06823824447038,0,0.786927744669813,0,1.56019742871658,0.813255030807098,0,0,0,0,1.99341310205351,2.35819784029055,2.31346458410242,1.96694726334596,0,1.52236499605442,NA
"241","08041",3.93081866724114,0,4.4324590203838,0.932500024265727,0,1.17307012185845,2.64187505162708,0,3.1268567697616,0,1.04589422702603,0.947133696155451,1.22843327815825,2.13285920007714,0.19962963071273,0.527995523618947,0.512053829819432,0,2.55328874152892,0.683990009814596,2.6123445553992,1.04413970106321,0.375704073574448,0,0.573312040685679,0.842340819535813,0.866749736737929,1.16786405694328,0,0.779831875482258,1.8938218254116,1.49572132241313,3.09979700491005,0.436852614795553,0.222667624900113,0.529318876331001,0.234678810098272,1.20651433129293,1.44453239912575,1.89890435264777,1.34774374437157,0.314535448797898,0.562663148811057,NA
"242","08043",0,0,0,0,0,7.2728236210439,0,0,0,0,5.68074560247186,0,4.25187833305419,0,0,2.8900795416702,0,4.91211358459683,1.95552101470539,0,0,1.50513699487205,0,0,2.06420966948782,0,2.44956870093516,13.2925015477299,0,0,0.61119624093781,1.17760820092949,0,0,0,0,0,0,0,0,NA,NA,NA,NA
"243","08045",0,0,1.48095220197864,3.66593124116787,0,0,4.18987051776708,0,2.96357605601634,0,0.313603877442286,2.74945041458485,0.579281279928775,0.285153631931582,0.296110026113318,0.324867893585177,0.375082928475886,0,0.578461517200785,1.45066400913836,2.43688991887021,2.29643750628131,0.666123726240924,0,1.76313771832324,1.14368362130226,0.569019569258396,2.76889754591449,0,0.512091389448321,0,1.73530884872579,3.98465670311703,0.99254234339124,1.69931003644355,0.373964124666211,0.356657068130981,0.730923231554721,0.783822377066436,0,1.00892952877857,1.13748869029094,0,NA
"244","08047",0,0,0,0,0,0,0,0,0,0,0,0,0,0,0,0,0,0,0,0,0,0,0,0,NA,NA,NA,NA,NA,NA,NA,NA,NA,NA,NA,NA,NA,NA,NA,NA,NA,NA,NA,NA
"245","08049",0,0,0,0,0,0,0,0,20.1118374377734,0,0,0,0,0,0,0,0,0,0,0,0,0,0,0,0,0,0,0,0,41.9272997869557,0,0,0,0,0,0,0,0,0,0,0,0,0,NA
"246","08051",3.10358045985062,0,2.57243994241903,2.82447360662585,0,1.15314515441462,1.58462953924743,0,0.376196225817376,0,0.332228419615416,0.414303347838049,0.530076569774249,1.64321424516796,0.743234572110497,0,1.26323081201235,0,0.49033135999394,1.10484182185367,0,0,0,0,6.87202560555141,7.14178262339533,0.663849308223424,0.99402672441407,0,2.77089397868992,0,0,0.840370313212745,10.1336399901981,1.67252118234575,0,0.457927011527977,0,0.804126103860072,0,0,0,1.28647131699187,NA
"247","08053",0,0,0,0,0,0,0,0,0,0,0,0,0,0,0,0,0,0,0,0,41.9273037904936,0,6.38923391913608,0,0,0,0,0,0,0,0,0,0,0,0,0,0,0,0,0,0,0,0,NA
"248","08055",0,0,0,0,0,0,0,0,0,0,0,0,0,0,0,0,0,0,0,0,0,0,0,0,0,0,0,0,0,0,41.9273077940323,0,0,0,0,0,0,0,0,0,NA,NA,NA,NA
"249","08059",0.942221224861057,0,3.9005529270417,2.89326775677157,0,1.47894067509884,2.68968983233377,0,3.60140378929662,0,1.64968268817285,0.857973046009788,1.54626117516133,2.06278753925042,0.505464650369046,0.896661305836772,0.703259503176491,0,1.28180233308049,0.643050815870971,2.34864598138941,0.689827630766016,0.615566216420856,0,0.843674315644161,0.759694796246831,1.0212792118343,2.61342122717956,0,1.89756945442432,1.70843646844571,0.328197582590699,2.29618242511218,1.98944341960293,0.655056403548256,0.235677427098469,0.478794889334614,0.37587144293542,0.639093859485184,1.07054417387714,0.381545842503001,0.814430333084712,1.08992654384531,NA
"250","08063",0,6.38923392032348,0,0,2.99910157542646,0,4.93770140838435,0,0,1.79726508116076,0,0,0,0,3.58353945316148,0,7.00250162962331,0,0,0,0,10.1438884054509,0,5.1836846563066,0,0,0,0,0.868275896803538,0,1.47912974665121,0,0,0,2.98740693332865,0,0,0,0,NA,NA,NA,NA,NA
"251","08065",0,6.38923392032348,0,3.09723040497987,0,0,0,0,0,5.06025928149219,0,0,0,4.87558486425149,0,0,9.58031898918853,0,0,0,0,1.94657691799321,2.1152226921124,3.93417516529932,5.69934549051028,0.976945825818797,0,0,0,0.883276986026475,1.06775196105317,1.2546153472492,0,1.49376069095706,NA,NA,NA,NA,NA,NA,NA,NA,NA,NA
"252","08067",22.6278264790165,0,9.04666297952112,4.8206857790326,0,0.642597365054393,0,0,0.377543232184313,0.47921581423887,2.40580386783143,1.95929197953977,1.23137509136756,0,0,1.74120595380333,3.92670299486954,0,0,0,0,1.30728918143762,0.789369375503285,3.47574456583003,0.815936625692427,0,0,1.54482346722312,1.59964789758781,0.811629637572731,2.36138354014021,0,0,0,2.63511372591565,0,1.0070912301065,0,0,0,NA,NA,NA,NA
"253","08069",0.754275636407293,0,1.58141501880044,2.64288915732969,0,0.756921715663248,2.11343625957965,0,1.83437911242112,0,1.0101355526091,2.16759903050048,1.22183279444295,2.12999660145003,0.506121637442524,0.289605041862123,0.589000116167501,0,0.859614217794838,0.434722677459414,1.68049604387734,1.08354950759432,0.913915694537742,0,0.769246394755092,2.92887050484174,1.28367074406737,2.44486005680019,0,1.46866178628691,1.97752230296031,0.913024407833159,1.79954928342041,1.16711284921937,0.819461606085519,0.793200035981992,1.13675528938001,1.21918087178244,1.28703340017605,1.16584784849075,0.568770194703733,0.892984740995452,0,NA
"254","08071",0,0,0,0,0,7.2728236210439,0,0,0,0,0,0,9.75346268198604,0,0,0,0,0,0,0,0,0,0,0,0,0,0,0,0,0,NA,NA,NA,NA,NA,NA,NA,NA,NA,NA,NA,NA,NA,NA
"255","08073",0,0,0,0,0,0,0,0,0,0,0,0,0,0,0,41.900739498203,0,0,0,0,5.86216015551478,0,0,0,0,0,0,9.62389731246906,0,0,0,0,0,0,0,0,0,NA,NA,NA,NA,NA,NA,NA
"256","08075",0,0,0,0,3.15138939200099,5.61219763918861,0,1.82769302404415,0,0,1.65368348672141,0,3.75932878108405,3.28746084218901,2.54939570089295,0,0,0,0,0,0,0,0,0,29.4396333932771,0,0,0,7.41535356804537,0.909775657171084,0,4.40666335282967,29.0658155983029,1.97482873228754,0.375763981207871,0.188622828689317,0.101266901808096,0.325546741452246,0,0.253083493575783,0.176061636185592,0,NA,NA
"257","08077",12.8044813570177,0,0,1.18328455128939,0,3.44149583937411,2.10194874690409,0.926017849897652,1.63386885752189,1.44482152784778,0,1.95891647004331,1.85689485441046,0,2.80352367297368,1.01798420740166,2.26890114836662,0,0,0.852835291016914,0.472401573838379,0,0,0,0,0,0,4.30575805316905,0,0,8.49860968785203,0,0,2.15336158116587,0,3.83521256225395,3.19245310474654,2.4673499717639,1.9070138292653,0.782581420105988,0,0,0,NA
"258","08079",0,6.38923392032348,0,0,0,0,0,0,0,0,0,0,0,0,0,0,0,0,0,0,0,0,0,0,0,0,0,0,0,0,0,0,0,0,0,0,NA,NA,NA,NA,NA,NA,NA,NA
"259","08081",0,6.38923392032348,0,0,0,0,0,0,0,0,0,0,0,0,0,0,0,0,0,0,41.9269132659527,0,11.0886814655592,0,0,0,0,0,0,0,0,0,0,0,0,0,NA,NA,NA,NA,NA,NA,NA,NA
"260","08083",0,0,0,0,10.2861407168863,0,10.8101823510144,0,0,0,0,0,5.26673701406251,0,0,0,0,0,2.04316629690013,0,0,0,0,0,11.7792973186358,0,0,0,0,0,3.94855181218113,0,0,0,4.64365525565201,3.80438669282725,NA,NA,NA,NA,NA,NA,NA,NA
"261","08085",0,0,9.4989667055933,2.83328513797813,0,3.22733327869529,2.55118535323758,0,4.50379491611808,0,0,0.68480862083552,7.34270299363283,2.65418869223,0.663230610900343,0.279854652702049,0,0,1.01426049200289,0,8.25888859548919,0.674767774933647,1.06285422320258,0,0.442913929893794,0.928256536171216,0.256915941506292,2.00964558682723,0,0.98774847973202,0.689786071649239,0,0.4119771838033,1.85439898475129,1.47157940850262,0.978382910203869,0.948633234319534,0.917995856624176,0,0.975543401116506,2.04353964889201,1.51156038467231,0.483897406580733,NA
"262","08087",0,3.45810439938785,0,0,0,2.39520173035497,2.45187181021916,0,0,0,2.67588702938279,4.9232518246942,0,12.582659466559,1.40081885005338,1.90213144661756,0,0,6.6484908810332,1.7102210742261,1.53709728055642,2.46240209714903,1.74799381637729,0,1.43942542653853,1.85855860836253,1.19517566333997,1.86954260149117,0,1.76084896151419,1.59610971440384,0.822905565830284,1.18327824845671,1.07806596821523,0.623328707865699,2.36639778622978,2.51590358701976,0.669228961861018,0.612114557449834,0.509471415634936,0.482433387493123,0.192751072991831,0.777970031995355,NA
"263","08089",0,6.38923392032348,3.73038711983005,0,0,0,0,0,0,0,9.73455432198862,0,0,0,5.17848486323706,0,0,0,0,0,0,0,13.6022309555757,0,0,5.20270152885138,0,0,3.32699898592255,0,0,0,0,0,10.5635965049365,0,0,0,0,NA,NA,NA,NA,NA
"264","08091",0,3.45810439938785,0,0,2.08260457966999,0,0,0,0,0,0,0,12.7691661131855,0,0,0,0,0,0,0,0,0,0,0,0,0,0,0,0,NA,NA,NA,NA,NA,NA,NA,NA,NA,NA,NA,NA,NA,NA,NA
"265","08093",0,0,0,0,0,0,15.9172924009947,0,0,0,0,0,7.25359517797238,0,0,0,0,0,0,5.51862390758053,0,0,0,0,0,0,0,0,0,0,0,0,40.6837784889958,0,0,0,15.2810377558941,0,0,2.57387019506946,1.1116399352253,0,0,NA
"266","08095",0,0,5.35623193094833,0,3.29763030713821,0,0,2.62473794442075,0,0,0,0,0,0,0,0,0,26.8780179671816,0,0,0,0,0,0,0,0,20.1117928571771,0,0,0,0,0,0,0,NA,NA,NA,NA,NA,NA,NA,NA,NA,NA
"267","08097",0,0.921531020579531,0,1.64135045895288,0,0.698791597017311,0.779630985075439,0,1.52587829166368,0,1.84687522240958,1.84998908089422,1.16011116268302,0,0.557329875967527,0,0,0,0,10.9282190125557,1.94241588892317,0,0,0,1.27066332577387,0,0,5.96384844522977,0,0.790131827362584,0,0,1.67206817793767,0,2.09749511806865,0,0,1.30306737770332,3.88632351204691,0,0,0,0,NA
"268","08099",0,0,0,0,0,0,0,0,0,0,0,0,0,0,0,0,0,0,0,0,0,0,0,0,NA,NA,NA,NA,NA,NA,NA,NA,NA,NA,NA,NA,NA,NA,NA,NA,NA,NA,NA,NA
"269","08101",0,0,0,0,0,7.2728236210439,6.97644689915954,0,8.09320385242653,0,0.383861148438346,1.37821427357519,1.61398003641867,2.65939666306425,0.529206705112205,0.496346110812172,0.247546540948158,0,0.920347848117942,0.721234918744434,3.17673863259379,2.22284655139027,0,0,1.24028786616613,1.27406617479254,1.92121620205621,2.66537502790667,0,1.22612035220698,3.30158612726678,0.193155391160761,1.59110757342972,0.662444005109154,1.58811763243968,0.463369469198279,0.315101513338837,0,0.589978543430706,1.59735471395176,1.00960384877128,2.06306843273842,0,NA
"270","08103",0,0,0,0,0,0,0,0,0,0,0,0,0,0,0,0,0,0,0,0,0,0,0,0,0,0,0,0,0,0,NA,NA,NA,NA,NA,NA,NA,NA,NA,NA,NA,NA,NA,NA
"271","08105",0,0,2.86085361663031,0,4.2208906777632,0,0,0,0,0,0,0,0,0,0,0,0,0,0,0,41.900174951186,0,0,0,0,0,0,0,0,0,0,0,0,0,0,0,0,0,0,NA,NA,NA,NA,NA
"272","08107",0,0,1.95162457285785,7.14600396954464,0,2.42198277327225,2.57408270480402,0,0.508135688353163,0,1.14966885033176,2.47087791078525,2.9257649335719,0.510938697334407,0,1.35882616645717,0,0,0,2.26398901331978,0.865260557789386,4.24218233204116,0,0,0,1.41680494742591,2.24899076129346,2.17900782833933,0,1.27469870876538,0.614958825122967,0,0,0,2.12802180059181,0,1.45932061291656,0,3.14207751643248,0,0,0,0,NA
"273","08109",0,0,9.4989667055933,0,0,0,0,0,0,0,0,0,0,0,0,0,0,0,0,0,0,0,0,0,0,0,0,0,41.9273077939736,0,0,0,0,0,NA,NA,NA,NA,NA,NA,NA,NA,NA,NA
"274","08113",0,0,0,0,0,0,0,0,30.7933698839121,0,0,5.33613620540041,2.52650021105444,0.975602246620278,0,0,0,0,1.49384626700946,0,2.41828013435805,0,0,0,0,0,5.36419902667543,8.57320658632339,0,3.94308840407033,0,0,0,0,3.67064028663569,0,0,0,0,0,0,0,8.29449487174468,NA
"275","08117",0,1.0498817920329,1.57603773336332,0,1.33065639868798,1.33509136128557,0,2.13890000790201,3.91654299824537,6.54910987701512,0,1.52330907144085,2.1134401185757,0.738436853747809,0.692417945990867,0,0.569537132805187,0,0.267793522604652,2.28855777794885,2.77722453572253,0,0.621116300747267,0,2.52452312640253,3.23235922489354,0,0,0,0,2.71123605341131,1.46461686807858,0,0,3.11940011373316,0.370651852820403,4.29575761041452,0.548197526140335,1.64701813505319,0.421937041949827,1.20397134855898,1.5516486057435,0,NA
"276","08119",0,8.10716596912385,0,0,0,0,0,0,0,0,18.5847008811888,0,0,1.46123483274399,0,0,0,0,9.25111288334785,0,1.46477053321066,0,0,1.26724020683916,1.36516338759964,7.33478075424927,0,0.751484413925044,0,0,0.781429583824305,0.919683565619098,0,0,1.65419158715677,0,0,0,0,0,0,NA,NA,NA
"277","08121",0,0,0,0,0,0,0,0,0,0,0,0,0,0,41.8189999421519,0,0,0,12.6098985543329,0,0,0,0,2.04112338067723,0,0,0,0,0,0,0,0,19.8425090663458,0,0,0,5.23731535315977,0,0,NA,NA,NA,NA,NA
"278","08123",3.91476552792441,0,4.28615106895419,1.70069465572936,0,1.43642195950412,3.03930667666863,0,3.59671356350478,0,1.44752061634148,1.27635916467889,1.6563286644756,2.70027108990378,0.877575087418815,0.770209413528096,0.797467393586748,0,0.987952463330033,0.923536674359448,2.461562771709,1.82991181935607,1.16897263362717,0,1.46037047339443,0.66321799553882,0.557026863986476,1.71622023223518,0,2.71690338142556,1.23939348737375,0.527793127255537,1.72458379850499,1.37596394641821,0.659400089662806,1.22959532315074,1.18166490537003,1.33162232440084,1.07399903106466,0.380795648476915,0.510478803636067,0.576721130510023,0.442847002138132,NA
"279","08125",0,0,0,5.25744058045737,0,0,0,0,0,0,0,0,0,0,0,0,0,0,0,0,0,0,0,0,0,0,0,41.9273077892228,0,0,5.3562319309483,3.68219830428101,2.59998000568502,0,0,0,2.09881239602457,2.19243404330703,0,2.11485129692461,0,1.94662220503474,0,NA
"280","09001",3.36887530190677,3.22418747642109,2.93279453757953,0.819243147509556,1.62350754517848,1.53401511751785,2.88433665549064,1.4482321301313,2.57230865117661,0.594299051552127,0.680259213201164,2.52310311422647,0.431525390352915,0.871786129532728,2.46278641582985,1.39887397001589,0,2.22970710804054,0.838954994652936,0.619704606757533,0.351611840356353,1.35789603752843,0.630861806943928,0.848589358293131,1.11412678192971,1.11646363330431,0.739789857697777,0.248638089549582,3.10778699951513,0.501423297664071,4.09243667630439,0.301086560024022,0.471831200351392,0.305449358085476,0.343889902085016,0.580240018349562,0.323977649548572,0.393636059608941,1.31719597869105,1.50994610183895,0.919429187479966,0,2.17734369131907,NA
"281","09003",1.53476771836544,3.22298095882265,2.22447700616003,1.33267750517861,2.52398519588105,1.61063302034418,1.69663863260657,1.65525419486038,1.68699873774233,1.7791460272339,1.43926169288787,2.49675687478979,0.727302907587926,0.357982510724308,1.80704193421042,2.10925206515045,0,4.63796756040787,1.27567515585204,1.59349815127169,0.525032665037143,1.92254316794858,0.691580887762673,1.05359744950435,1.4830604438763,0.779045155646353,0.893258654825145,0.768396376616171,2.30713766837033,0.596161855112115,0.79974732315807,0.78454323056428,1.20474265508585,0.870097239308616,1.05187125550781,0.78509618301346,0.323367243452297,0.83996243295912,1.15955565765324,1.83958137886033,0.983479421205127,0,0.33871522922684,NA
"282","09005",0.999705918606374,4.76700644733327,3.56966094604629,2.43874771069265,1.3472621321736,1.80071879767429,2.54785802566576,2.46372690039176,0.635091017624275,0.715817799653757,0.688921630841882,2.1603685576594,0.588379832486705,0.966704671305722,2.05566648510869,1.44226173540784,0,3.07388006755943,1.41322215366046,1.68569065367828,0.541039714790815,1.44790403953755,0.453820512843496,0.976733251033111,1.47925463323308,1.10858550616359,0.77272744611919,0.228057957542075,1.31781494262296,0.142198356050612,2.89756292933156,1.01414807923433,1.83025965869846,0.756408087447908,0.81878419499499,0.747417337403293,0.220045280194708,0.569243296396116,1.45517038739079,1.77041393757784,0.757255452761945,0,0.39514063508783,NA
"283","09007",3.73187737416727,0,4.96677142646692,1.52673738163432,2.74206120005346,0.951046805423335,2.66008953578579,2.60570294341573,1.07425157136844,1.54152946882354,1.09912672220819,2.10979568753266,1.00851131402159,1.03966352129597,2.3898626131094,1.28125993324946,0,3.99672701177881,2.11709256133032,2.43354212999498,0.363615457733078,1.43799287141795,0.538456019008616,0.801873554646431,0.520175292864185,1.03566917619602,1.02038973968861,0.57799183645704,0.952200776196558,1.2467699347492,0.58843151369052,0.926871126834662,0.763184223960006,0.744516233826224,0.628343706895323,1.16349125169712,0.524548900451238,0.802113786644195,1.6621825137525,1.86999949840077,1.15910561610304,0,0.335248494000253,NA
"284","09009",4.53523690180517,8.04222981260639,3.4152285811886,1.71293226922901,2.86416949210386,0.486424564509188,1.34737990406515,2.54282593574106,3.29257177081996,1.71874720485067,0.551736430678849,3.19270903881595,1.45390581148122,1.29976387352656,2.49055646010274,1.36567989834418,0,3.03665291465403,1.04828307557324,1.57094246045372,0.996319965883146,1.63950934090227,0.688608212032804,0.778182644380245,1.4502607038678,1.25205010990868,0.765616488420944,0.440746489316713,1.40751550418727,0.786874262616226,1.14858521016104,0.919669500926679,0.813431918136299,0.830343326055917,0.787889262688095,1.09664407423551,0.393142216110412,0.506461071120884,1.54170388927663,1.72086576033868,0.57339869686346,0,0.423414771729992,NA
"285","09011",3.73187737416727,3.79463916562357,3.50672825924158,3.15767683001081,1.17410474193187,1.90682757709928,0.415614572083028,1.54639539967986,1.10182889190414,0.716509350351487,0,4.00931069041094,5.01599672271347,0,1.48429893667854,3.08838909024678,0,5.85173747153144,1.38282364237972,1.85425434716843,0.270480632678281,1.58017813330459,0.23723619497546,0.440931325289401,1.00262793629463,2.05641222239324,1.26114782964831,1.24672169162794,0.829618101829663,0.613047976842573,1.31034035030335,1.0269738317033,1.34424081927157,1.1321035193616,1.09626733719876,0.76893342400719,0.598186334835298,0.444179865697422,1.13715579638161,1.91574269273743,0.968290384733624,0,0.887493440306282,NA
"286","09013",1.6850824659663,1.43433079278364,2.68446578322911,1.55976588104305,0,0.873789949658553,0.672082844661228,2.29994978228277,1.3372179451586,1.04957586545616,1.17934601153178,2.16465510414456,1.91156464320334,0.42737134152572,1.20043550164518,1.02421827032236,0,4.26357820707721,0.77543618478752,1.84344839382235,0.93944449925729,1.01670151995408,0.452098356141202,1.13968453122883,1.89887726214966,1.24331620143634,0.836445541618712,0.408344651676716,1.55949321923332,0.408513332317536,1.78799902000715,1.85315376265414,0.984874761634734,0.524093533459888,1.3007024812125,0.670746729207889,0.173249056172906,0.315781350312863,0.719271558929521,0.746681694208651,1.40082692489074,0,0.335350065124505,NA
"287","09015",9.50379865884122,0,0,2.83242606908575,0,0,8.89192989326078,4.3548033738552,0.981571259267781,5.42874882908149,0.960960544554639,2.24625416116192,1.23396241592534,0.276637896474613,2.08879668169105,0.743744841579075,0,2.26555440869582,1.69607396098745,1.56208493206993,0,3.27451906393245,0.685240526028837,0.320362289554914,0,0.873958694544069,0.969299374159912,0.647504620104033,1.85708015800161,0.933665858527213,2.20994886715429,1.38635825294343,1.7491710229464,1.83214097553816,0.813111501193597,0.882551717011689,0,0.134375499409517,3.05518211232146,1.98297682944834,1.40677549411391,0,0.677679283395782,NA
"288","10001",2.32178982821869,4.76141779611258,2.92443651456882,1.5606222542621,1.65181129773089,1.40318523676934,0,0.648073007331883,2.310224669316,2.19719281179082,0.574627903639967,2.81678241888477,2.94759594650688,2.93355848210547,4.87904284145511,1.55987083303644,3.27843187490705,0.616978777755887,0.662441148448583,0.977192559283738,1.00496257554268,0.278753086099096,1.71082635435402,0.68396532026549,0.309773395545023,1.47236117721946,1.52346649091191,0,0.621708581663145,1.45225300553999,2.19859829819167,1.67052928199278,0.800742632175621,0.824816603566172,1.7092075530757,0.951293266677094,2.49345236483086,0.449217162163209,0.458677697422752,0.406636255559952,0.620467099875716,0.955150561268971,0.454796574706193,NA
"289","10003",1.518512972467,4.33758635674184,0.850867120452092,0.598192446116148,1.45757186413299,1.7817369176971,0.740340567077209,0.979443365816087,2.53440732210462,1.60412055290827,0.938167354772322,1.52458773685757,4.56821226212625,1.07165152809985,1.47488946435215,1.57794356131755,1.21100768962635,1.11289942195875,0.815918971535312,0.900917320716459,1.17567974935262,0.634541745044315,0.472210703819144,0.487225660201753,0.576167549562463,2.08640220660716,2.22691324601156,0,0.466757151669118,1.44011067366087,0.956827017739534,0.734752998931041,1.93168971551378,0.351327654476192,1.81006649417645,0.551061097962163,1.29322161610157,0.286280160180797,0.31868225562053,1.89159373794811,0.719058472582675,0.821580096865096,0.669665218378665,NA
"290","10005",5.3593048205652,2.27332092595042,0.929209702818366,0.256106245357323,2.33042868155012,4.36890907499179,1.11171556110816,1.95120025130622,0.774716235089505,1.29637560724623,0.379347465684392,1.14020523335473,0.778316829712995,2.52279436658356,0.733619473241209,4.0941137993695,4.15607678355829,0.672775603846196,1.53278405762011,2.09745613342718,1.59077827626868,1.99953030324821,1.74409278812076,0.684259956129377,0.331869093599625,1.84181706887573,1.18894536941701,0,2.65628130428222,1.23783653222989,2.35606878321825,0.699954984892529,0.185278191451868,1.03958991630551,3.25245294764235,0.657673113484354,2.09574379354296,0.425802124839448,0.349065544699184,0.577800302012483,0.549396018822991,0.929870590248624,0.368432465153026,NA
"291","11001",0,1.28931629446645,1.13049168475237,2.0756126989992,1.72707609513921,1.39650003940833,1.04910407493551,1.12780956448996,1.64395752686059,2.37549715768973,1.98690871429569,1.25485645546295,1.69684344139947,2.05359511596507,1.23515596091817,1.05700470303027,1.17910450797692,2.19143479231612,0.728190761284795,1.13047503403466,0.934030111533714,0.756645813379289,0.634964754821736,0.853652787490896,1.20511105065778,1.35249315153061,1.10075822107101,1.59279949338319,1.00157899046774,1.00389447053101,1.23086617407523,0.757857549449418,1.08061792883216,1.15936802564415,1.17360774586448,0.958387648805519,0.344759271367579,0.715379001339902,0.832759747228494,1.69037305290857,2.53063438388965,0.950825402084637,1.34963071521986,0.869558608464459
"292","12001",0.348212376761964,0.210596900014595,1.31050745986708,0.582722644266487,1.13595895453181,1.4257911805602,0.576269101755578,1.16940378691601,1.16637544659947,0.437066449352879,0.747300723074974,2.26167294593696,0.873130531163825,0.980344394521228,1.08180359510308,1.05134976341433,0.6504807650738,0.794314799550374,2.2527726154569,0.888887590548558,4.54685329809192,0,0.644955731098459,0,0.497501197645488,0.189444955154138,0.346391057200561,0.727194433441312,1.42232157061004,1.18985705154784,0.614074063053374,0.822279450871656,2.57237097840884,0.185133809545364,1.07614310264354,0.535495034755596,0.18661992487549,1.40946070605654,1.06859267640938,1.31918197353252,0.442568131689279,2.37812537739291,0.609181896500729,NA
"293","12003",5.3593048205652,2.69871990544466,1.77437481219477,0,2.49054506362435,0,0,1.27715465695177,1.37206671443121,0,2.996734780994,0,0,1.49163359780196,1.52012549307217,2.88746075582044,0,1.22812627716218,0,1.23604206403277,0,0,0,0,0,0,0,0,0,0,0,39.9442016056811,5.33647944400469,0,0,0,0,0,0,9.05944882612372,0,0,0,NA
"294","12005",0,0,0,9.34328727054725,0,4.68742000915814,1.69424190842678,0,2.42306755600819,2.1144798777639,4.27903275262463,1.94719559050333,2.49115813197515,0.405264903268854,0,0.378513464446737,1.23359304384117,0.904093971875402,2.81183084227209,0,0.441900262571984,0.451165815979629,0,0.568564019974922,1.98951060479931,1.43131331105136,2.73653093898974,3.88100260499792,0.855275958165219,0.361537969702277,0.339956485545854,0.351279013218591,1.15544873757332,0,1.00973481747579,1.67997504034384,1.15006485338318,0,1.17612875712747,0,1.95562768314983,0.673393058348678,0,NA
"295","12007",0,0,0,0,0,0,0,14.0040270250776,0,5.91449253153931,6.72569250560229,0,1.66809250465858,1.40618448397443,1.25732446879058,3.32181012329975,3.53201797438451,3.25801373236222,0.986720174836859,0.823398659612769,1.82639049876161,0.339444657269997,0.340130489917917,1.41937844622046,1.45605225808598,0.368536628004649,0.756859862726195,0,0,0,0,0,0,0,4.52460156192402,4.97370770549377,0,5.55360864719117,0,1.65491352261331,1.44532848952488,0,0,NA
"296","12009",0,2.0484688489815,1.48106960131477,1.21932049231191,1.61947115356656,4.54156878762373,0.725451559785707,0.927117114791645,1.64932929744515,0.256031911679988,2.67631145293129,2.78701790153451,1.78599888691498,1.05498020954582,1.19541141814226,1.21527132800118,0.465488558119036,0.473088654568374,1.1212897037991,0.662151575668977,1.79682151866212,2.01148373554941,1.81455953537275,1.06704054832102,1.79859789635912,1.10242764557558,0.39830532024424,0.399994134189032,0.257254297948658,0.58270096950702,0.114705551120977,1.37558806775938,1.84903979406369,0.476659494665354,0.322428493307156,2.24175491166143,0.310402311817676,0.314196271667892,2.39052763521884,0.623304602290859,1.21822424783189,1.60336513853911,0.279783083997986,NA
"297","12011",2.45274626828078,1.4253630795668,0.948365504249385,2.60981985023211,1.62013901267536,2.4984617157197,0.260278164130378,3.00502293054182,0.560163331684706,0.102120684083035,1.92176322663063,0.884461110783807,1.243053123813,0.884841686020982,1.29794192108643,1.13515358474361,0.868683184577548,0.648165191427977,1.30093118713255,1.0976735639088,0.944555942800285,1.54930305458134,0.546530916795425,0.663702898171677,0.689646506415711,1.53747278112993,1.04997025707587,0.92932668761554,0.746706323043199,0.637631418189731,0.444681479253604,1.58979459868583,1.28065485240904,0.546516180327805,0.572273958523374,0.553841903914202,0.485782553336331,0.51934616514169,0.636072036645131,2.41527861895215,1.41380709271222,0.651138073748748,0.803002188827885,NA
"298","12013",0,0,5.35623193094833,3.68219830428101,0,0,0,2.60078955360061,0,2.77260617246083,0,0,0,0,0,0,7.77442393078074,0,0,0,0,0,0,0,0,0,0,0,40.1517562025556,0,0,12.7969474751163,1.18371318578128,0,NA,NA,NA,NA,NA,NA,NA,NA,NA,NA
"299","12015",5.3593048205652,0,0,0,3.94067724727346,9.94705731484928,3.33371303434087,1.11075463128989,2.49123940155642,0,4.11897841339688,1.21469252910125,0.634760829159329,0.199343880194981,1.58479709540869,2.30341440749743,1.58764770720004,0.485197097626744,0.921704753562937,3.12691252794885,0.756973701183452,0.69739430049856,0.451409659042436,0.117194341153394,0.391628231199051,0.611041985244669,1.25989032382512,0,0.241088798920247,1.10695277407552,1.51234087230305,7.80686304844018,3.61306120772387,0.363334309701487,0.100332948188474,0.754600058889806,0.768912833136679,0.4159895432419,1.49364309377774,1.1003355112444,0,0.679677890535862,1.15743365282785,NA
"300","12017",1.4818919181257,0,0,1.29752531880648,0,2.15394820947077,0.751378333389149,1.51724728389591,1.44964984136112,0,4.99866692735284,0.515907142452892,2.58717629132736,3.09559294326411,0.557152937946032,1.45064227478099,0.663417644389584,0.646373890180737,0.663013696941696,1.38666179264955,1.18480067293778,0.241915558895584,0.756148463104732,0,1.77610040771095,0.630742447517403,0,0.749838527388193,0.829182737419721,2.61220261881128,0,0.858263650114917,0.436665722097949,0,1.04965522749932,0,0,0,2.36948979017076,0,0,0,0,NA
"301","12019",1.6850824659663,1.89087877229363,1.99085703311113,3.03048830709232,1.21116402413722,0.70143241647077,1.91525740876637,1.45440754267135,1.5887324156405,1.20614348399955,2.58141211680033,2.01434878853962,0.788171294873167,0.718530656327995,0.280636373754411,1.01687371316981,1.36867732146467,0.940850330923021,1.72025635433972,5.81488337754418,0.500225017682401,0.167499049094219,0.235856336630377,0.163977885187889,1.28329556224119,3.13261796674769,0.66139555173043,2.07318334868469,0.155865227282775,0.524324240099999,0.0775128849448688,0.604580869308447,0.20313119775361,0.125734565987144,0,0.864858006485676,0.28235671879363,0,0.464356849599278,1.6928398922065,1.24369478759655,0.639378169485722,3.59575771288516,NA
"302","12021",2.12139763391122,0.407018197066777,0.926527686976168,2.35303693323686,1.81646226733463,1.11192233034366,0.283922823209819,2.17774714415151,2.23770007352312,0.300282903271599,1.94304933325664,1.57521190891682,1.03503574702759,0.544069434492262,0.808253663095866,1.35948177840696,0.333267138423142,0.87312217436326,1.56729753455628,1.55043837773623,0.970530629271163,0.821816088769394,0.217792241752804,0.850768363242318,1.25746589431911,1.77704961215403,0.723729975435808,0.359358214019154,0.431759589811705,0.464401115232939,0.446818860982393,2.00054776625759,1.63911532909811,0.75535003804861,1.35491007730235,0.755402596422313,0.446365656168751,0.991696358424575,1.18501863787937,1.13175263939474,1.44735501002074,0.935182139664156,0.981184288335027,NA
"303","12023",0,3.45810439938785,0,0,0,0,0,0,0,0,16.4969506166343,0,21.2259451564038,4.1369010545785,0,1.88251206383623,0.535230160104619,0,3.10244354127587,0.497886742233867,0.969294195138174,0.479073427794563,0.4916130885296,2.96835653724491,0.470963356473698,0,0.483154339661403,1.54178938948599,0.543501894689179,1.69842577864408,0,2.32388702642004,0,0.578015545885199,1.20163056422174,2.40546784782837,1.13206765781276,1.05176018138608,0.499054610267501,2.81873504466565,1.67275812052609,7.50234797479789,0.851004634866626,NA
"304","12027",0,0,15.4888179113023,1.93915798434795,1.27778252134948,0,0,7.63775331498188,1.2709828328921,0.508830655450741,0.449752247341574,0,0,1.14047817571388,0,0,0,1.54302490974686,0,2.21135597082961,0,0,0,0,0,0,0,11.8448657090219,7.31720317458521,7.23492206240117,2.04798552363302,1.42432935642331,1.13965263384168,1.00597057176235,5.85616400497288,NA,NA,NA,NA,NA,NA,NA,NA,NA
"305","12029",0,0,0,5.25744058045737,0,0,3.77862808533394,0,0,0,3.65494172919985,0,0,0,0,5.03572440246044,0,0,0,4.61208023093827,3.77719341100955,0,0,2.49162967298188,0,2.3281789668308,0,0,4.63561731191033,1.97920450172473,NA,NA,NA,NA,NA,NA,NA,NA,NA,NA,NA,NA,NA,NA
"306","12031",3.20158353665096,0,0.754389711120282,1.95721598594292,1.56942400796797,2.21052411710304,0.792716775593074,2.33878750703903,2.92212276126682,0.548618320988892,2.88371395224937,1.31891493745741,1.95229179038047,0.698207748141058,1.5264780953194,1.05773362120391,0.621866221624644,0.889247435840332,0.458905120718265,0.637021313322798,0.877729350063431,0.665543335335489,0.8468419706647,0.904366445132597,1.08465677442849,1.44783984396478,0.627740295175654,0.664180880338924,1.47819302877923,0.46059052256574,0.586932080786186,1.19158464004069,0,0.451202935087494,0.965688933095147,0.344642690363866,0.718404556779,0.443756505114827,0.420389559052319,1.22966837668067,1.32103030316084,0.732594591346761,2.73538587711012,NA
"307","12033",11.2426465467246,1.04020156850907,2.6819064306031,2.43065472133854,1.15802415706245,1.96300539422361,0.581338684885161,3.1202855194467,9.34303165171274,0,0.621444270411485,0.928874981288263,0.371144938724579,0.542224661112392,0.933408198369365,2.85559153623579,1.02304659229832,0.321565730099406,1.01084940247746,0.695330345752795,1.40837516477832,1.32880284617144,0.467024968330369,1.02081426591825,1.33558846449583,1.00893947782253,1.07025987385896,0.382054616609222,0.476474361356981,2.06387823663632,5.68421415808963,0.114334375635298,0.679199912531819,0.358708598264935,0.674951239262771,0.623456398540007,0.795613240164849,0.652073147707962,0.659658432805989,1.8329609508636,0.429735918926738,3.71437405841564,0.118761092412066,NA
"308","12035",15.495240879053,3.13230367769245,1.87478794362049,2.65327504255079,3.87184100017702,1.45472738100303,0,0,2.91303494367162,1.11650204077906,2.5598181684817,1.33713297545311,0.398474075988786,0.757389997562371,0.382040861883987,1.20816803099004,0,0.975227699278009,3.53464148946913,0,0.455052329324513,0,0,0.605698703507759,2.85459839751705,3.53607772752657,5.84669821763837,3.12218929775502,0.250574851043693,0.4241134919577,0,5.44120832781297,0,1.4997484969931,0.684007617066168,0.785424097428734,0.526669419252595,0.280239694646954,0,0.192329395519212,0.965526058955115,0.600205295736224,0,NA
"309","12037",0,6.38923392032348,0,0,0,0,0,0,0,0,0,0,0,0,0,0,0,0,0,0,0,0,0,0,0,0,0,0,0,0,0,NA,NA,NA,NA,NA,NA,NA,NA,NA,NA,NA,NA,NA
"310","12039",0,0,0,0,0,0,0,0,0,0,34.1314925026599,9.31702604297353,4.19089439215172,0,2.05855145051475,1.7206538820281,2.9049684663354,2.36887408111497,3.66359151340827,0,1.86685275784727,8.59602193540474,0.60176854607733,0.468228787266208,0.822412782517762,0.592102185774704,0.205724195284655,0.6874348622774,1.54454913331087,0,0.316436517076547,3.63665987589818,2.91540004152598,0.244875189345225,0.221710656102148,1.28531430258496,1.47511128220297,0,0.228245025904195,1.98028617989023,0.518690731766708,0.54397431844266,1.68247309606984,NA
"311","12041",0,11.0886817491692,2.86173001875628,0,0,0,3.41603043767664,0,0,0,0,0,0,0,0,0,0,0,0,0,0,0,41.8741673529441,0,0,5.35622562181308,0,NA,NA,NA,NA,NA,NA,NA,NA,NA,NA,NA,NA,NA,NA,NA,NA,NA
"312","12043",0,0,0,0,2.15491637715522,0,0,0,0,0,0,0,0,19.8427604890103,0,0,0,0,0,0,0,0,0,0,0,0,40.683833657104,0,0,0,0,0,0,0,0,NA,NA,NA,NA,NA,NA,NA,NA,NA
"313","12045",0,0,0,0,0,0,0,0,0,0,0,0,0,0,0,0,0,0,0,0,0,0,0,0,0,0,0,0,0,0,0,0,0,NA,NA,NA,NA,NA,NA,NA,NA,NA,NA,NA
"314","12047",0,0,0,5.25744058045737,0,0,0,0,0,0,9.32432598702874,0,0,0,5.10944319371921,3.93576385519305,2.83878628842652,0,0,0,0,0,0,0,9.08538615578559,0,0,0,NA,NA,NA,NA,NA,NA,NA,NA,NA,NA,NA,NA,NA,NA,NA,NA
"315","12049",0,0,5.35623193094833,0,0,0,3.72919312407338,0,0,0,0,0,0,9.30482632343197,0,0,0,0,0,0,9.80160586076431,17.825899350428,1.96896631386775,0,2.91996539756284,0.803163369657343,1.43396865280473,1.32350025002673,2.4119025732602,3.5280832496429,1.20895295910269,0.344443605736254,NA,NA,NA,NA,NA,NA,NA,NA,NA,NA,NA,NA
"316","12051",15.495240879053,3.13230367769245,0,0,1.50117507661761,1.47341844442716,1.44956738947526,2.69657205811478,0,1.14028149174616,1.09397349537363,3.0543851957375,1.76937938583648,2.92440906072484,1.18816458438798,0.515000492458675,1.42442916542944,0.457646309267507,1.81340995558169,3.34148616754069,0.722139436183477,0.964371841699513,0.599877302398425,1.73281833624364,1.90718490393483,1.2552405182188,0,0.241953454757037,0.781499105742838,1.14603303519376,2.4057272331409,0.875189226244182,2.40149974085602,0.93835191566524,1.05902738478376,1.93552051289454,NA,NA,NA,NA,NA,NA,NA,NA
"317","12053",0,0,3.38680551355391,0.909305238542674,0.808484292822121,2.23486181668093,0.688573069885207,4.23342566452087,1.46646331594466,0,3.64365876383486,1.22568487798579,0.542259415777027,0.7681130044107,1.25627070747574,0.754720541043449,1.27305850955943,0.516548165733281,1.059015748431,0.813512013503719,1.64216450186519,0,0,1.59437982561321,0,2.62947851404126,0.376205518238105,0,0,0,0,0,3.42408971476622,3.77514783918572,0,0,0,0,1.23073509898977,2.83191336007069,0,2.87220066730012,2.44548346287885,NA
"318","12055",9.50379865884122,7.64133496367432,0,1.61713073525129,0,5.91708775363466,0,2.39230535166147,2.61470196478763,0,3.38569380298933,0.827736332987971,1.46964107274391,1.64831759867274,0,0.616870202372471,1.28091904965777,1.32020329719521,0.671840660094322,1.35208421693413,1.63884394404808,1.52890969343541,0.287198700525332,0.567982844614088,0.588946174086852,0,0,1.83639720130372,0.532662072104415,0,0,2.34772502864513,1.60514667224604,0,0,3.31760702916737,0.781500016145894,0,0,2.47435633226084,1.63545851017126,0,1.57610554011299,NA
"319","12057",3.31711205263404,1.69145142989081,1.12274524180454,2.16621754000793,1.28470205000812,1.29220580832033,0.987035940393428,1.42371007872415,1.96959281203378,0.141685349489377,3.12209155937231,1.68666069501906,0.851643919262231,0.893839175835803,0.768648993990555,0.812407295484102,0.411337073275304,0.446911530198616,0.74849478200145,0.593028998658766,2.32736040666052,1.77409942845454,0.184688624163474,1.4623706887221,0.255582788323617,1.31748051462748,0.557683823582801,0.526721806867883,0.437471996702681,0.22663213727326,0.13266469091601,1.37018489829306,0.849269786877517,1.25822613512841,0.481609216024076,0.984653747565039,1.27185655080787,1.72213480597973,1.23712115844231,2.31420338111701,3.77765289399038,1.57179633579925,0.603585337952489,NA
"320","12059",0,0,0,0,0,0,9.82330751988082,6.54543167428919,0,0,0,0,0,8.34997637012748,0,0,2.57742985466176,0,2.18560173655214,0,3.97164682568989,0,1.61031070727647,0,0,0,0,0,0,6.25986310241578,0,0,0,0,NA,NA,NA,NA,NA,NA,NA,NA,NA,NA
"321","12061",2.86260695800588,0.801351896118515,0.597611852214984,0.52786456951606,0.524295593001196,1.11508431656645,0.60750757248021,4.26935983719072,4.39157963162235,0,2.41090346015034,1.50378777582555,0.664238162351246,1.0415419865594,1.2132414094218,0.202834623476622,0.215524584508331,1.18502710011572,0,0.609742538555459,1.38891188299697,1.12578986339645,0,0.424949456278481,2.2456735218159,0.899267099581265,0,0.477602682309679,0.521634964406264,0,0,2.65423452437025,0.973543767389121,0,0,1.15380268247112,0,0,0,2.38572934719713,2.630418099937,9.77526182883747,1.19995799631786,NA
"322","12063",0,0,0,0,0,0,0,14.0040270250776,0,0,9.25939352626127,0,0,0,0,0,0,5.19993288826609,0,0,4.70470337250204,0,0,0,6.83858590682632,0,0,0,2.44159346583945,4.43929370003015,0,3.13753841821104,0,0,0,0,0,2.67671366477175,0,0,0,4.5395396855155,0,NA
"323","12065",0,11.0886817491692,2.86173001875628,6.57403547082405,0,0.859322578811927,0,2.32337525464086,0,0.814061214906735,6.67733100145588,0.573100107468644,0,0.446999365071459,0.90049887206145,0,0,0,0,1.36883913067288,0,0,3.00270143050854,0,0,0,0,0,0,0,NA,NA,NA,NA,NA,NA,NA,NA,NA,NA,NA,NA,NA,NA
"324","12067",0,0,0,0,0,0,0,0,0,0,0,0,0,0,0,0,0,0,0,0,0,41.9273073131734,0,0,0,NA,NA,NA,NA,NA,NA,NA,NA,NA,NA,NA,NA,NA,NA,NA,NA,NA,NA,NA
"325","12069",5.3593048205652,4.31279956585083,2.13068819098574,2.6490799226799,1.18016406726442,1.49907004836188,0.6759673823778,1.89673853536726,3.52154102777727,0.157839102036027,2.08477869711507,0.745368724458854,0.817997444432348,0.691641576063592,0.358516690261764,1.52247163780511,2.53881017571824,0.35963324591547,0.917000018185084,0.226501461625985,0.119577382701145,1.57710636753445,0.994753648885171,1.48009170856896,1.02621540400548,1.54068054475625,0.791793511636781,0.513254048339846,0.523615851677618,0.281323272612394,0,0.772389191884808,0.471545610602453,0.575024307709407,0.344886246574829,0.407905517779678,1.40171250191804,0.510998931466834,0,3.50132998647172,0.551485091431265,0,0.541073863669284,NA
"326","12071",1.80911117778475,0.523230481316894,1.9357574897523,2.1910671042468,2.58096237951649,2.60853895302289,1.92400927167476,2.67183822515882,2.22038670106058,0.265463007332467,2.45570689749401,1.00314359743874,1.39063710132922,0.915111317079436,0.516401029141231,1.06913105602967,0.827681028986998,1.03596007572541,1.56941471699708,1.11200438541913,0.95815142414627,0.709377115923939,0.430379366533346,0.605336448578291,0.332167160213139,1.26326485596341,0.734416990821713,1.30315688987887,0.712870374870094,0.456522867491906,0,4.56240262915078,2.24120849260191,0.143539182453517,0.556251221525128,0.321816053821295,0.646130126776917,0.492198598663707,0.782154223748392,2.20675970237933,0.874116638248447,1.53713059067802,0.87034314377544,NA
"327","12073",2.32178982821869,2.52402779311963,0,0.778936039285788,3.50545291681191,1.22331733044605,1.09083453991709,1.48276978113394,2.20681598363977,0.786760766825715,2.46005842012094,1.23349936878644,0.836389196830041,0,4.32350716703965,1.9373295104004,0.549507662768272,0.500029716989996,1.28000283362151,4.34102777952049,0.964806153100659,2.96704748088141,0,0.307316034846561,0.849467403508379,0.733647833857721,0,0.731449827342415,0.967173084395375,0.275522637838206,0,0.92370820467229,3.19709869220428,0.194913949222665,0.382213944806018,0.388095486626098,0.208124852476526,0.2382645050012,1.40992305904735,2.2010130322916,2.15274749902006,0.280213386304675,2.26951130050143,NA
"328","12075",9.50379865884122,0,0,0,0,0,0,11.5468949096672,0,3.05241124734142,0,2.01295590652728,0,0,3.89509481411126,0,0,0,4.03935666819763,0,3.48980382545203,1.46347720005299,1.24274190023155,0,1.10461783066892,0,0,0,0,0,14.8940470095132,0,1.32030560262566,0,0,0,1.31428351233886,NA,NA,NA,NA,NA,NA,NA
"329","12077",0,6.38923392032348,0,0,0,0,0,0,0,0,0,0,0,0,0,0,0,41.8996184158857,0,14.6903602597834,4.39888983490012,26.4318213082102,0,NA,NA,NA,NA,NA,NA,NA,NA,NA,NA,NA,NA,NA,NA,NA,NA,NA,NA,NA,NA,NA
"330","12079",9.50379865884122,4.20373720110854,4.71051550791952,0.785506624069079,0,0.601909382044579,0,1.41646669225108,0,0,0,0,2.04933573706693,2.37782348590167,6.20773557967606,1.47759017668882,1.12184304843932,1.83299089357744,2.30590558796001,5.32680146210758,2.12194125959249,0.331780711186276,0,0.59163482085882,0.320785305111967,1.80155503291815,0,2.55738320963456,1.23224262549791,0,0.777656947550874,0.403864630522755,NA,NA,NA,NA,NA,NA,NA,NA,NA,NA,NA,NA
"331","12081",1.80911117778475,0.523230481316894,2.30165578704182,1.24820251048384,0.559868260374296,0.54713290256771,0.848297411771698,1.75857420124914,3.82854884995483,1.14836104746669,5.42017746341921,1.8653736320336,2.32710819653038,0.527207561147187,0.54329013234824,1.18451748106435,0.598742216147869,0.28226508586964,1.74395182812276,0.39778816659293,2.63615449398433,1.18604278127388,0.61738383279988,0.980845729689341,2.05482499973632,0.991692362446593,1.94752460975715,2.61204477644783,0.655569527249749,0.375961973281265,0.0749568993197522,1.11753650716879,0.783066159458372,0.290188641499162,0.601398739839722,1.51167108606304,1.86234829587296,0.242975486928936,0.784244723523298,0.673248335574961,1.01438482985085,0.795127553939724,1.17406050802387,NA
"332","12083",3.73187737416727,0,1.55025272966968,0,3.7001632579904,8.11327879254677,1.74853779045675,1.26821860326437,0.691248883461467,0.937576836749139,1.49061583920409,1.43538884869958,1.10222293175867,2.06524083217436,0.711533649006964,2.17007737004694,0.397663830056025,1.323174071197,1.78902934706181,0.171142860292789,1.67857188125604,1.29518738795284,0.472438074176416,0.477623307012464,0.832630389434536,0.710732304339236,0.387436757258432,0.646881483593446,1.87524682643618,0.244058316240796,0,3.93020048046882,0.716618304037907,0.442716463692109,0.216945486427343,0,2.2669435392028,1.31293253708532,2.52490352946454,0.68172101743105,0.832785853070107,0.400001889024906,0,NA
"333","12085",9.50379865884122,0,0,5.30637648407709,7.0023798066406,4.69475312744219,0.350623246108377,0.284220276118664,0.265381903988182,0.277525739404956,1.54316465461163,2.61607960406935,3.27637483300306,1.69516318200611,4.21739577445578,2.01503966808268,0.322993893874569,0.771828068837592,0.189415794489021,0.405497646845415,0.802543299044475,0.919845843164695,0.885246242277585,0.483297956622074,0.693747107799905,0.92273923277974,0.197603202554915,0.652474151726429,0.964386557042229,1.30477961285658,0.275743358068217,1.43788998885076,0.87351311808928,0,1.57080084814071,2.78248208913593,0.571486589766112,0.271722352709368,1.33529053481362,1.5666636674297,0.511940196552753,0.773781618758292,3.23906173000868,NA
"334","12086",2.59048347508133,1.68089280494718,1.23769391685835,3.36320365937726,1.81771148848588,2.40722049060518,1.55784456445946,2.96753878011237,2.61391975431769,0.345147922789773,2.57035521877596,1.53922247464415,1.47987523171913,0.652868390565328,0.816394898441042,1.23897785196402,0.855970975639421,0.947933761865968,0.920691790965479,0.921070313921024,1.4353781236874,0.992355705684597,0.619894519076829,0.875316540689599,0.660909447783237,1.31093868971417,0.599419889047279,0.869639242393683,0.884083417141453,1.19520832410012,0.298411816263625,1.38563588568888,1.09223392347581,0.260139871316047,1.18033509555459,0.772184721404814,0.953299830685502,0.366544768898,0.55702163806103,1.433504168183,1.11109983981579,0.667118934212982,1.4836107102901,NA
"335","12087",9.50379865884122,4.20373720110854,10.0779145397957,4.14885888039012,2.56388077159496,1.8243928165788,0.733855484338736,0.659906544903845,0.960619746957683,0,3.724090627725,0.632194295578775,0.594147597242699,0.577241851008681,0.295284293233642,1.25797461690729,0.67528093996115,0.368025035468492,1.2035007994782,1.26459016838547,0.432600977279313,2.16051697487186,0,0.852057128367435,0,0.986124159546021,2.61968982568922,0,0,0,0,0.864211119986256,3.12138263011831,0,1.12458741497185,1.08688365482159,0,0,1.275364169883,0,1.70446970741862,0,0,NA
"336","12089",0,0,0,15.2812301361773,2.01585794528226,0,1.12885721766042,1.01931688840023,1.9214133388936,0.912418203142947,4.07817261210533,1.97350475392803,1.07363118823832,0,1.80586904030144,0.441571285129085,1.33853850830775,0.455559178308846,1.4037507656961,0,0.517794410102776,0,0.6827307680689,1.59758218558321,2.54534720996017,1.58409407331457,0,1.35990167477852,1.29784608620433,0,0,1.54284585581249,0.848506135128971,0.91278172416926,2.73427706576635,0,0,2.53320777428987,0,0.858712074327199,0.894609452253101,0.933447133094633,0,NA
"337","12091",0,0,0.859265932240255,1.91499270942031,0.720937695524997,1.40933667590931,1.36778809133997,1.30366228563159,1.2274452484475,0,3.41975022279484,0.772938386249559,1.18095544345728,0.666265360596245,0.654831612678071,0.890770858677502,2.0286099205593,0.444942432311743,0.670260689583428,1.78191409782069,2.10491652922164,0.38969449027959,0.189784722584692,0.588839233565031,2.05073962191842,1.43133779882998,0.598148876039684,0.785372866599042,0,0.648778416236277,0.244229759314072,1.68002015623555,1.21844789809182,1.24397035879488,0,0,1.06406336709603,0.398044461046855,0.460134308450522,1.06472012009506,1.17969197870286,1.22905478881997,0,NA
"338","12093",9.50379865884122,4.20373720110854,0,0,2.00084434152726,0,2.02084158960049,0,0,0,0,0,0,0,0,18.0273538975371,8.33517383225691,0,3.10849590976288,0,2.12836655126675,0,0,0,2.65053000098984,0,0,3.35486679774884,2.98922081878793,2.39870919623899,1.88915460614504,5.53372167695801,NA,NA,NA,NA,NA,NA,NA,NA,NA,NA,NA,NA
"339","12095",4.92937631517187,0.354225698425848,3.30452254820728,2.95120976594809,3.06104998593513,2.50069806006162,1.5648803639587,1.52017978303144,2.19373752438881,0.45747709145504,3.1795704051923,1.11869314894167,0.898228189653742,0.85263474179762,0.463559007228042,0.296839662260787,0.687640095703637,1.03897082429311,0.807603135228053,0.440251922377157,0.87650803484627,1.9455063712097,0.361362806175571,0.907417798030174,1.06994330385824,1.15078956665682,0.579381152173732,0.49013038942245,0.523123353029279,0.605839672184141,0.570808171512811,0.921339260372643,0.708734398425907,0.675818297156923,0.931709597352584,0.925216026788701,1.33946089989594,0.45157045386323,0.810934523625976,1.6474740030503,0.529505078591016,0.717884319914242,0.250330951828821,NA
"340","12097",0.505884055877208,0.304032627847787,2.07515156317854,1.3494397801781,1.87178249603133,1.95782337286634,2.21042403777412,1.22499042835313,1.55713764716637,0.442572474587532,4.30996680130156,1.96485604423973,0.787221174509694,0.607403707747855,0.449719007381739,0.694772713813827,0.893817272836153,1.22826328150136,0.284609486186026,1.03088868605431,0.385589738203656,0.691124019150329,1.18740974113803,0.937833474795136,1.8199805875003,0.616483785212873,0.83130827466194,0.455877627559197,0.0804857470319431,0.631210113622427,0.625285964397221,2.98746845333659,1.34139808904793,0.20954655474586,0,0.752591001263464,0.471933536286462,0.673763343168724,0,1.49759238705156,3.52272986592092,0.886196813520896,1.1004367461546,NA
"341","12099",2.71386715900714,1.06940404020138,1.10661254523974,2.69304603806629,1.11864127718756,3.68709315503436,1.2535511777963,2.27006119200578,2.61462469192721,0.273875147271891,2.54737003401942,1.57100539573078,1.10386162662824,0.491414126022252,0.725176004241637,0.723143201211252,0.798922607631721,0.662460541513307,1.66280684673861,0.701811321043969,2.62315361415593,0.678710392517865,0.397604866067899,0.809369210999398,0.597826979321267,2.54622352252345,0.561008618472401,0.355370746154253,1.01237551800844,0.693561734728443,1.00051321998512,1.85509307737384,0.557913966376141,0.171470474512059,1.05760023736563,0.881188570891841,1.57414887911232,0.475857855360569,0.744703325537751,1.14314846899622,0.585688625573527,0.781896978978148,2.83016867308511,NA
"342","12101",3.10358045985062,0.578955336805392,0.862670219522229,0.751438596821546,1.4288437627676,1.72864636903341,1.94545159164848,1.17815829626877,0.544249446907747,0.787959934427914,5.38605439468976,2.00642665041151,1.85103987110356,1.38765542596929,0.802342221908496,0.931410484548359,0.459365771481307,0.289967882990707,1.36724485978947,0.792528271179468,1.42355259833966,1.07025626545965,0.933355038022321,1.02722789226144,0.45493049074517,0.3554239015048,0.644061136587596,0.997536282016808,0.628371001599191,0.688900563405945,0.929864237748757,0.594038598409205,1.84639752569003,0.613908096023658,0,0.887388552616208,0.482251854155878,0.538751183619409,2.34525664177314,0.886262354066527,5.84001175432501,0.579335384613127,0.638508216611127,NA
"343","12103",0.948279848442028,0.743399302152471,0.711143301734948,1.73235672552025,1.47076523675187,1.77842537001405,1.79879622731675,1.10294366857786,3.02640879997931,0.191227891722938,5.40205082621307,1.77395941254544,0.75713385482686,0.472982056063273,0.0814905740016207,0.523217042337813,0.464241068952805,0.745672251425812,0.696400214335939,0.853244194710365,0.646982177764111,1.48848364039365,0.936804814402057,1.17185083681319,1.02518393600807,2.01684315472824,1.17373129487265,0.252803943210871,0.755732384269394,1.28390702241771,0.319155887505581,1.01449983739686,1.00868522581883,0.250392029882975,0.674164110077582,0.805448249262885,0.873025309094415,0.76777161871618,0.994943858574184,1.75060525688378,0.810349725155369,0.792574989943256,1.54725642166133,NA
"344","12105",2.12139763391122,0,0.480653812382812,1.29952721269757,3.54578533924218,2.64238780735164,1.3499652924129,3.44811227495399,2.93729680815789,0.387930737232722,2.91057937643764,2.03836956521249,1.1951028377772,0.992288930526144,1.16251695058498,1.2194004000995,0.510682441575285,0.349287766845136,1.5276734797507,0.320178171625478,0.818735392084457,1.15392245821049,0.676486066077676,0.551366469141384,1.47709713063488,0.998306877972141,0.338230466971215,0.530853783382064,0.851799434592481,2.07696519391455,0.495180416460759,1.74709814738523,1.28184161762183,0.606864451170882,0.847503343288133,2.53242040094805,1.20380750293892,0.767672519763885,0.996199108267186,1.09537414613584,0.890299501217325,0.579404056762704,0.868333292154033,NA
"345","12107",0,0,5.35623193094833,11.657412708784,0,0,0,0.573630876907139,0,0,1.09135588358453,1.41243808535524,4.50536344633258,1.26747961016906,0,0,1.99569343020969,3.73557734650907,2.34098321745887,0.646218933167051,6.80542822357132,0,0.291676653090717,0.81486441169419,0.814194621102367,0.851104661841838,0.906256005019948,0.324853468186269,0.708214616863262,0.38956260736957,2.4945018991154,3.82180726412729,1.85533266038595,0.510066839088536,0.906535841167836,0,3.44289843374893,0,0.604157217751464,0.413329124442431,1.92377284027079,0.647949289126158,0.222676307411343,NA
"346","12109",1.4818919181257,1.68014739999108,1.21515134176879,1.74542918111154,0.666125953345987,2.45519318140203,0.378151235712883,1.78425757680515,3.02162402883614,0.549410250966712,2.2853519721682,1.75943832168086,1.17457796740082,0.741405035184671,0.399193037012079,0.413153001935983,0.272702243028791,0.83525273187967,0.12260379104681,0.587582423957018,1.0391936598822,0.589556666702032,0.21926215890696,0.492331823785636,0.83187113830374,1.2264637178418,0.65833912216171,0.69735030198076,0.734193950191899,0.773210855384696,0.412289673874231,2.16556312139031,1.28111733096769,0,0.428777618037195,0,1.57185411659721,0,0.683920592277563,1.5329561921723,1.59016468295516,0,0,NA
"347","12111",6.85371719797014,1.71063332854792,2.26516040147157,1.71252330950198,2.74116737837241,3.71505640147982,0.828423686708529,2.05179465501956,2.5387866407048,0.479235569821143,1.71770034214451,2.28846222209739,2.59128504155961,0.821072831003836,2.12965354221775,1.82789792313742,1.06567978401905,0.165165381043908,0.984491415486108,0.341186108674799,0.373956141878911,0.950049180910055,0.478196410743577,0.940455492482305,1.99669956712713,0.845814276379123,0.551624862008463,0.824709187144153,0.283510808238535,0.308501457201422,0.177382766172864,2.63657719676814,0.640515453435763,0.436678997157483,0.669654900813497,1.80104628239433,0.667882376335912,0,1.8993481821396,0.485738401171956,1.24204052958889,0.754025665817012,0.767765625091119,NA
"348","12113",0,0,4.14970562593584,2.0893495479403,1.67312392361429,2.0793619511311,3.35365104674152,4.14326197736298,3.9968713458579,0,0.541194330919641,0.173316291784876,0.368556394170009,1.042007552589,0.717404873788072,1.85001445346486,1.07520913999904,0.527420977961179,7.07491234715634,0.326539333229442,0.536959326872893,0.489136842186755,0.122917277131858,0.136163158009668,0.489348116990364,2.34596268470819,0.645840531547966,1.10828788070124,0.439812528151753,0,1.20188523484756,0,0.610890405287629,1.40445967465105,0.772163584241575,0.413372468382255,0.442863447764001,0.954733497264554,0.516785039318721,2.18442543478735,0,0,0.640295599820961,NA
"349","12115",4.3999268681957,1.92499233360894,0.272524769474003,1.59669303637253,1.23488454062625,1.54219500039093,0.371353460826273,1.99131313185341,2.49044627086679,0.880432403072121,3.49763041307962,1.42317933961415,0.437055141428377,0.891499916178697,0.871304794683988,1.65570749990366,0.62641168566913,0.790552267853512,1.43144718821054,0.867639745384973,0.554525648439577,0.329374528991664,0.970875608406179,1.04163484154428,0.804035289001647,1.4553933436275,0.523879329758566,0.535113729099392,0.781477148047293,0.710837226112079,0.257914438297705,1.55441178419292,0.602116916823404,0.637214097911896,0.507915672209967,0.367367085670972,2.16617695014239,0.800348259493209,2.67618197950785,2.16056800628958,0.99111696540287,0.633215353754927,0.960132118063839,NA
"350","12117",1.8546134649882,0.358609465426386,1.61439301576805,1.79332232860277,2.3152513475683,1.97794630026344,2.084561479594,1.29543323973968,1.6351561349508,0.553257969718807,3.01086697973733,1.31435526070182,0.975934563156895,0.784589187536046,0.178264299193138,0.501334160750276,0.963695407162231,0.912817225142659,0.583832428760734,0.635572159764176,1.25851090755167,1.28884776621894,0.694470147681357,0.798516392011722,2.25475751881022,0.65143206224467,0.182646968396009,0.47307347144543,0.513870188669912,0.349649466193405,0.547021740397256,1.27767779487349,1.40499512218514,0.545673826612129,1.10063614989158,1.78425801831382,1.17732474727536,0,0.992661280056665,1.02673378593345,1.74223724292093,0,0.367395495219103,NA
"351","12119",6.27085302149185,2.09396706032969,2.07394518185213,5.25783325914644,1.68307604511107,1.05506445133438,2.20174893928964,0.577013392856981,0.89991065446318,0.179347417897002,2.54423383840151,0.357315864615607,0.892332662413506,0.363514454888491,0.950685352903078,0.803668599821491,1.26740094053059,1.70476521802063,1.6210043733293,0.190787070423737,0.564715525195019,0.390943118306009,0.215479971804433,0.252322775476668,0.918080319048194,1.09341115638197,8.12417443199491,0.734244508987495,1.13110627831225,1.55877243037742,0.140045647309529,0.279589044305867,0.152697226751005,0.35981142601326,0.44594979716497,0.564436982135349,1.38389835046016,0,2.15249761392987,11.4202381409438,0.766733027037535,0.695972581086988,0.814819650709695,NA
"352","12121",0,0,9.4989667055933,0,2.29404865780024,5.0652977295469,4.53085246673821,4.37813106568253,0.512613636542748,5.22991486318647,0,3.17327251690616,1.47643246058091,0.639724134837496,1.18033074445774,0.144098989532549,0.152293780574271,1.18440199256788,0.939687893698697,0.618334901335281,0.888232389025668,0.70377963751175,1.91561110999449,0,0.978365677149154,0.50952783947287,0.546452322517582,0.302581973760976,0.689089482503676,2.63288525265109,0.749912015800858,3.40994970495881,0.291993947955658,0.267554048922278,2.28448572132723,0.483438014927721,0,0,NA,NA,NA,NA,NA,NA
"353","12123",0,0,0,0,0,0,0,0,0,0,0,0,40.6838341098687,0,0,5.3557980919345,0,0,0,0,0,0,0,0,0,0,0,NA,NA,NA,NA,NA,NA,NA,NA,NA,NA,NA,NA,NA,NA,NA,NA,NA
"354","12125",0,0,0,5.25744058045737,0,0,0,0,0,0,0,0,0,0,0,0,0,0,41.8188076778712,0,6.38909930418471,0,0,2.99910142427329,0,0,0,0,0,0,8.58583305087951,0,0,0,NA,NA,NA,NA,NA,NA,NA,NA,NA,NA
"355","12127",1.6850824659663,0.96725038861213,0.725785880461812,2.72942368143601,2.53237692492095,1.07069618263145,0.575219135537109,3.10084066097825,2.18680411412557,0,2.51000928535845,2.27518626550599,0.773804060750098,1.31972400856305,0,0.828377000576937,0.0810901946294302,1.44793141240733,0.794248611003636,0.853114644885115,0.673261321635076,1.71742566061234,1.11899076081687,1.69944073643816,1.27758902773654,1.35757083699327,1.73486240889021,3.0127422827781,0.54984354643492,1.30811390417811,0.458428496672873,2.19417424263818,0.373282243279815,0.18824611152138,0.101268920548012,0.34843471452246,0.350773778076618,0.265090761096809,0.456280684261626,6.08817500701745,0.97456681149922,0.363728699779101,0.0827317909417371,NA
"356","12129",0,0,5.35623193094833,3.68219830428101,4.89633064771476,1.67855973648937,0,0,1.24121321762899,0,0,0,2.48489158597944,9.06940754910228,0,1.21712561506572,1.01921438628099,0,0,0,1.43164847360904,0,0,5.10443217722398,6.02418895202343,0,1.1333592706529,0.987224054740132,0,0,1.15907703323812,1.32837927939674,0,1.6275287131111,0,NA,NA,NA,NA,NA,NA,NA,NA,NA
"357","12131",11.2426465467246,1.04020156850907,1.38525765072798,0.555890586712032,0,1.07487671919052,0,0,2.519958445385,0,1.00115477786453,0,2.20937240047801,2.13056074113169,0.977782185955676,1.76997763840809,0,0,0.890100171252429,0,2.33233315892538,0,0,0,0,4.39134982865731,2.09919777120591,0,0,0,0,4.61477625305136,2.17115010699216,0,0,0,0,0,8.70412534216874,0,8.10518142373042,5.50666814657661,0.588951636326672,NA
"358","12133",0,0,0,0,0,0,0,0,0,0,34.1314925026599,0,6.35961308986262,0,0,2.99896555388685,0,2.62331823407906,0,0,2.54095160038179,0,2.52609332700224,0,6.29295172521799,1.56628125199043,0,2.20185048107294,0,0,0,0,0,0,0,0,0,0,NA,NA,NA,NA,NA,NA
"359","13001",9.50379865884122,0,5.82730717907272,0,3.19429032513475,0,1.22928247623619,0,0,1.48258440897212,0,3.68803679903291,0,3.22101834347561,2.63136993509116,1.06771826170495,2.64874986669795,0.745758842627784,0,1.36559444809934,0.696437994096968,0,14.4236031846055,0.637907360318505,0.898628827128234,0.18601064138322,0.35366791618534,0.741285945449422,1.02061310011357,0,1.32088643249555,0.582922684649569,0,0,0.86112896208296,NA,NA,NA,NA,NA,NA,NA,NA,NA
"360","13003",0,0,0,0,0,0,0,0,7.85327366405613,11.1530220379299,0,0,0,0,0,5.66564610253461,0,0,0,0,0,0,5.51178805854403,4.97891894961408,6.37723883082226,0,1.58911336532897,NA,NA,NA,NA,NA,NA,NA,NA,NA,NA,NA,NA,NA,NA,NA,NA,NA
"361","13005",0,6.38923392032348,11.7778310600004,0,0,0,0,1.29534600369659,4.2174444051877,3.65747725578689,0,0.836894493364277,0,0,0,0,0,0,11.0981995861173,0,2.12263787835109,1.6258393999831,0,1.31139075255839,0,0,1.69541546481683,0,2.14387249886777,0,0,4.70545315417009,1.99721620260444,1.63715623107837,1.3675585059624,1.19094749826942,NA,NA,NA,NA,NA,NA,NA,NA
"362","13007",5.3593048205652,0,0,0,0,0,8.79518842706358,0,0,0,0,2.11094544822629,0,8.63766915768871,0,2.43186863523493,0,0.922004052284073,1.77622595133814,1.69469968027877,0,0,0.914188855768819,1.9677567452655,0,1.09103688191979,3.20605919211707,0,0,0,0,0,0,5.55146042552979,0,2.60188145235746,2.10197331237552,0,0,0,5.54239680833742,NA,NA,NA
"363","13009",0,0,0,0,0,0,0,8.40581537701601,6.37091199934696,6.97203666703226,2.02841090375532,3.99111479435684,0.960736705249987,2.29480427791155,0.649050930819227,5.77974992971691,0.401660062116708,1.00898003207079,0.608427908441039,3.32727979552569,1.90452872154338,0.209065895559654,2.97377044816671,3.20777958880835,0.866369880306768,1.27291464092412,0,0.199038115367191,2.10990507867499,0.221645322537259,2.60077828850618,0.646867098456487,0.822970769271324,1.09310478771509,0.0994464796280458,1.2461308877734,0.978443819600588,0.90597661136963,0.588565095301124,1.33575770996035,0.3730456644357,0.522434982172673,0.840133524949459,NA
"364","13011",15.495240879053,0,0,0,0,0,0,0,6.90434097472055,0,12.7774626683479,0,0,0,1.56966922289194,0,3.51557497954256,4.56716466110943,0,1.02319626425257,0.925993632262288,0,0.960642612548172,1.04233732733135,1.1195893598916,0,0,0,1.83551780488315,3.89344421912213,6.14797278112246,1.06696389456005,4.49027227994403,0,0,NA,NA,NA,NA,NA,NA,NA,NA,NA
"365","13013",0,0,5.35623193094833,6.76984580054302,4.08297064510316,1.37285072580767,0,0,9.23666390593536,1.16251653578444,0,0.404344673985093,0.400171777079799,1.26985356143125,0.911171446602144,5.62007959113762,0.698604242677375,1.15885690762412,0.511340299202629,0.73195504021792,0.983947661723823,0,2.76805686025682,0.2771366507269,1.10370740898488,3.56429933148637,0.658259185592926,0.593469796517058,0.569124228210358,1.14332505478922,0.783293636533886,0.617188586178212,1.08797122839282,0,0,1.48681884034373,3.13937572596066,2.28276505559552,0.492763339645595,1.73359973053778,2.61258723218894,0.645913725430092,1.17611276070639,NA
"366","13015",1.06929234265166,1.59587314431262,0.365764602689267,0.646670350869353,0.949835450982735,1.4540753822444,0.251314313534897,0.18047195654738,0.994517803552409,1.39710625252809,0.340763172064554,0.842285829771677,0.761534200037599,0,2.74834624087762,1.13256413720533,0.678747155276219,0.530864704645425,1.45109389911375,0.266176821602875,0.421974936584264,0.617224655707018,2.32282806628262,0.83416830562424,0.332197392981853,0.840974960418898,0.693296342009852,0.368656964105334,1.3947036726783,0.214459488985215,0.702693811765564,1.26264198749845,2.29744556568345,2.32789362501191,0.612737346558137,0.562493174798277,1.60472219841342,1.68541399980648,0.796826790131142,1.51756766428053,0.146947223882013,0.151501218405006,2.52747076313117,NA
"367","13017",0,0,5.35623193094833,0,0,0,3.72919312407338,0,0,0,4.11164771682755,0,3.52792707363898,2.84342133698103,0,0,3.97343062678546,0,0,0,3.85574362082926,0,0,5.24579804300999,0,2.51952287625463,0,3.8953075507995,0.823287808422607,0.733813767391285,0,1.43924135896027,0,0.83954338732621,0.933161285921973,0,0,1.4105794498688,3.03063579256839,1.42512399891929,0,NA,NA,NA
"368","13019",0,6.38923392032348,3.73038711983005,0,0,0,0,3.01395296431114,0,0,6.91024706321568,0,0,0,4.33593809129883,0,1.84287128983871,1.66818870227765,0,0,0,0,0,6.83731949851843,5.53210635453171,3.57005790805586,0,0,2.9085647721984,0,0,0,0,0,0,NA,NA,NA,NA,NA,NA,NA,NA,NA
"369","13021",9.50379865884122,7.64133496367432,3.95294212085414,2.48456291915165,1.79444145168124,0.729551406331098,1.30050128530864,1.21375357864321,2.78867331792293,0.989052351994694,0.89808765887896,3.18931714250113,1.35428267305917,1.17718087403934,0,0.548304190739362,2.25111184352341,0.840349628475497,0.834748911373734,1.89109718473769,1.01693022008611,1.19739605335158,4.0090960633939,0.700323390797593,3.31166647307841,6.99859296218903,0.271653448351989,0.38136755373778,0.199988332073483,0,1.22336485178639,0.671918283960239,0.774030063679649,0.262719202887292,0.0992671998677775,0.907000308162791,1.63342479514946,4.02997700843373,0.317159791857504,0.661652715557974,0.624456766592219,0.359910151602476,2.23048430312488,NA
"370","13023",0,0,0,0,0,0,0,0,0,0,0,0,41.2962124879009,0,0,0,2.80453199714483,4.73325641542762,0,0,0,0,4.1671494803406,3.79809247484133,0,0,0,4.11844289639226,0,4.53753759707311,2.63557713027541,0.692018877742208,0,0.592600950439103,NA,NA,NA,NA,NA,NA,NA,NA,NA,NA
"371","13025",5.3593048205652,5.07103436978264,1.55051003940262,0,1.06153295679018,1.02584109261573,2.95579979475231,0.900443688103463,0.832462939303269,1.55348595157378,0.732971877979001,1.41236639504609,0,1.44187291767696,0,0,0,0,1.67271495083489,0,0,3.14700356344835,0,2.99528061235483,0,0,0,0,NA,NA,NA,NA,NA,NA,NA,NA,NA,NA,NA,NA,NA,NA,NA,NA
"372","13027",0,6.38923392032348,0,3.09723040497987,4.55939933874647,0,1.47774649123275,0,0,11.512875574794,0,0.582976276622272,0.5064555885418,0,0.536011924657089,0.621112654608534,0.741823933292499,0,2.07792565302088,0,0,0,9.16066470518049,5.13984394072346,0.569005388609236,0.882666027697754,0,0,5.187011379332,0,0.99721092119312,0.935773331596556,0.305281640974555,0,0.365854546734657,0.440722374001315,NA,NA,NA,NA,NA,NA,NA,NA
"373","13029",0,3.45810439938785,2.3206362711029,3.36447716593153,1.28937259270726,0,0,1.14297908468204,2.40316781921291,2.30477103204027,2.95179014415744,0.80576756348589,3.28402596335374,2.5691846069595,0,0,1.59372770280088,0,0.463024309478726,1.05161546931457,0,0,0,1.09886936985359,0,3.31273726765632,3.16516641716884,0,4.41359555639805,3.99881026494419,2.28446491162053,0,0,0.424077931142816,0.473629858417226,1.10637006501902,0.643742228418513,1.43677881632961,0,0,0.919565446788015,NA,NA,NA
"374","13031",0,6.38923392032348,0,3.09723040497987,4.55939933874647,0,0,4.13902689575538,2.28551077037557,1.85931200439698,1.53743096290621,1.31695475460212,0,0,1.97898120438724,0.697715207051703,1.44774366945072,0.726094470730743,2.10541272028036,0,0.666988124719389,2.01185493330513,0.661573100047952,1.30623302837742,0,0.684703335468247,0,0,0,0,4.03486442500961,2.14168957919618,5.17487147398745,2.39358776944487,0,0.796304340262617,NA,NA,NA,NA,NA,NA,NA,NA
"375","13033",0,0,9.4989667055933,0,2.29404865780024,0,6.26247374957241,0,0,0,0,1.34663916231404,1.57922336837973,6.07700661612343,3.33475677373911,2.33295647107267,0.594090960842756,3.36004510902737,0,0,0,0,2.30645155278176,3.1322005900559,2.26496615271182,2.72049170703719,0.364708190417598,0.960957851382587,0.606314745607037,2.0758874392113,2.99506095118451,0,1.3432217351115,0,0,2.46288328297416,0.258906136909843,0.276670822937182,0,0,0.436843073130646,NA,NA,NA
"376","13035",9.50379865884122,0,0,2.83242606908575,0,4.53775850198509,0,0,1.7552815235347,3.25804545535562,1.41107036962841,0,1.20023586956496,1.1680247863687,6.07234091663377,0,1.96660205788179,1.65817286145962,1.89627247054311,0,0.421018104170382,0.880562283469568,2.28435365371862,0.455564514233025,0.909571173621457,0.907241207321565,0.460230768367043,0.95806277384693,13.0785344545538,0.41947866907139,5.73250425447778,0.091849472088179,0,0,0.0823961366060276,0,0.414667424077841,0.984099965971276,1.84565750794962,3.3834734173203,0,0,0.455103478742968,NA
"377","13037",0,3.45810439938785,4.39785546073277,5.52854332114968,0.933729439853826,0,0,0.738359910329984,3.10787420663504,2.89132246317547,5.02524965880388,0.811315920344709,1.601240654394,0.549285588597746,1.02478574737097,0.508180885775031,1.30895209214176,1.59154258444178,1.04075528757383,0.256511159448707,0.264391358415524,0,0,1.70497638920103,0,7.76741403664343,2.2752223000575,0.566436617568926,0.47556185360422,0,0.240502625727452,0,1.07558629563466,3.78949392100628,1.6188818897053,0,1.32833736893578,0,NA,NA,NA,NA,NA,NA
"378","13039",0,6.38923392032348,0,0,0,3.29105432191909,3.03118701327508,0,4.4739650657707,0,0,4.46228029483491,0,7.09757886991344,0.722804752395332,1.14197848736844,0,0.495842057240453,0,1.24234135987113,0,0.88269161999352,2.92194123401933,0.941296413801302,0,0.88317105135983,0,0,0,1.63103097749162,0,0,0,6.82370368455456,2.68940882479523,1.99478055058972,1.54214833607372,0,1.24085326491642,1.21763022551184,0,NA,NA,NA
"379","13043",0,0,0,0,0,0,9.82330751988082,0,9.69766332999161,0,0,0,0,0,0,0,0,0,0,28.1887807244637,0,10.9960297344639,0,0,0,0,0,3.34780699272504,0,0,0,0,0,0,0,0,NA,NA,NA,NA,NA,NA,NA,NA
"380","13045",3.51820688381362,1.88771483729099,0.270301219060909,4.82262967994535,0.817366557412656,1.24664025376566,0,2.09734788133377,4.55904906585893,0.704567533218002,0.153286785068219,0.725360314796107,0.441088441082762,0.711436318612615,0.442096469116485,1.39282358423687,0.649223655999917,0,1.75990239767112,0.522192795510066,0.411468895511845,1.44391961983192,2.96311345837492,0.258827336193744,0.733651663987573,1.97381147634733,1.08770948960438,1.1324193247803,2.29294031372027,0.176231537734631,0.345484513865132,0.27106919224036,0.601221309994374,0.576761172973994,0.136734276275754,0.497715810690862,0.995459844083832,2.62602027104889,2.46458066907513,2.87811830305983,1.08375414376453,0.35053448370394,0,NA
"381","13047",0,0,0,0,0,12.3954918704862,0,0,2.66370335884623,0,4.17291480206399,0,0,0,1.91565781810008,0,4.29078969758673,3.57605201455866,1.37474504658231,0,1.04610584969343,1.98471154062064,1.84803268943575,0.853183033773608,0,0.838902171735115,0,3.78873371525535,2.57451819446076,10.5790830280373,0,0.253599218852341,0,0,0,0,0.525067307968048,0,1.27174555741882,4.78429872416339,0,5.66530202825203,NA,NA
"382","13049",0,0,0,0,0,0,0,0,0,0,0,0,0,41.5359066678638,0,6.38861661410903,0,0,0,0,4.02360270648702,0,3.84124375489693,0,2.82336005999909,0,0,2.41712206202678,0,2.45515056193715,0,0,0,0,0,5.2275601591673,4.73060791499006,0,0,7.22033405529882,0,1.46079689646087,0,NA
"383","13051",0,4.98171426424011,0,1.79999804491022,0.792347010132221,3.52210349966121,0,0.583466829217613,5.17793972516182,3.87056023594857,2.22432123811688,2.86078864414841,0.953795662926287,2.4862582141319,2.26034731958775,1.17582208645293,0.645048718903268,0.46321621556181,0.396365107983207,0.518315602703374,0.491229114835233,0.572762777205058,0.669381476954339,0.464080476614832,0.178470522252149,2.38322699087852,0.813126320455861,0.408165612687267,1.23049040826923,0,1.75178984491553,1.32948595933992,1.30264504797568,0.212414117293696,0,0.48036856848956,2.37686177654202,1.08856678697202,1.33507036985784,1.01329005930906,0,1.00486784482405,2.99035331047153,NA
"384","13053",0,0,0,5.25744058045737,0,0,0,0,0,0,0,0,19.8212343704917,0,0,0,9.31143335554567,0,0,2.33913169023952,0,0,2.34435697874598,0,2.49705459645841,0,0,0,0,3.80868704333959,6.75278079532137,0,1.94968723384434,0,0,1.66664634503408,0,NA,NA,NA,NA,NA,NA,NA
"385","13055",0,0,0,0,0,0,0,0,27.1839721648764,0,0,0,0,0,0,5.56291923979908,0,4.80177689816659,0,2.99612522088117,2.38650911840451,1.92550333736872,1.59779285863854,0,0,1.48464184898684,0,0,0,2.80520732847526,2.90540936362519,0,4.52413423573632,0,0,1.60379166451409,0,3.32486092919684,0,0,0,0,0,NA
"386","13057",1.32243063870115,2.9181406678028,0.765482539196989,1.46062583829035,1.47191287547969,1.02019716871736,0.657012884396057,0.823819476829818,2.43678190716338,1.06675868562297,1.27444541681039,1.56372990365985,1.19612914713395,0.896197651217819,1.18143297281205,1.14485350988567,0.716785603974442,0.824703005324819,1.15197302366315,1.26265558769278,0.422827644655278,1.28663583257971,2.19485390903343,0.590693874570104,1.5791165606987,2.04027128698973,0.77052571871715,1.2182571174143,1.60755412973503,0.319043534567816,1.13710828030462,1.56078397756778,0.124288678476417,0.260186653212667,0.215642780320067,1.5465806150777,3.29241036204907,1.82499302804333,0.725218943919991,0.419001971459413,0.467319702798083,0.489084926004245,1.26448003344348,NA
"387","13059",5.87139386101264,1.21321284376591,1.26944694065398,1.7006049539714,2.30299825121072,0.756891158636879,0,1.44199369346106,2.13098117212946,0.229109716912211,0.686600822742219,0.703670033871286,0.738287428870575,0.528278682853172,1.96223362896265,2.19240686744624,1.00505866218046,0,0,0.26384122245709,0.314163674034532,0.787295752498023,4.49828000753755,1.24792578219539,1.42330221932399,1.21585090577703,0,0.556573349280477,1.74181400825969,0,1.31610173055138,1.36447911846993,1.67443719190625,0,0,5.44687965492804,0.544040922183414,0.480908942129153,1.33325370001477,1.05304656201346,0.208963031670598,0,1.24853334357364,NA
"388","13061",2.86260695800588,0,2.40455559658147,0,0,0,3.61575153918554,3.41954533126244,0.957592354357604,0.817146994818417,0,0,0.858846981270753,0,0,3.20507746286211,1.68284336948906,1.55069933472909,0,0,0,0,0,0,0,0,0,0,30.412717543762,9.21555478391764,4.18477478039186,4.70700251940448,0,0,NA,NA,NA,NA,NA,NA,NA,NA,NA,NA
"389","13063",4.24784415724684,1.36176944699295,0.328052457230681,2.70655814818497,3.10548636726838,1.963874564811,0.302267979317625,0.281340861211997,5.4000391530551,1.79047027663524,2.04867830710665,2.9033222243323,1.42146471968722,0.586281555782872,0.236138417783132,0.879706086285279,1.13408172393816,0.180336784423262,0.647374114875932,1.15034473225496,1.77850081008799,1.61735211881677,2.2199641494908,0.929325216777024,0.486021106327255,0.901596283334882,0.556313753341995,0.589986439953689,0.96065934647559,0.300873926046346,0.169351197754632,4.00780954083381,0.723120070431299,0.666531785869603,0,0.412270022914192,1.12597363713198,1.35152904672903,1.41320662523295,0.896227903199427,2.97113239609836,0.831654367214059,0.520266309823237,NA
"390","13065",0,0,0,0,0,0,0,0,0,0,34.1314925026599,0,0,0,0,5.86164057065111,0,0,0,0,0,15.7358527072864,0,2.1270962884361,0,0,0,0,0,0,0,0,0,0,0,0,40.3793969802379,0,0,0,5.25734037874969,0,0,NA
"391","13067",2.09131430074165,0.697782076668973,1.1168946727652,0.898408379376391,1.72740094417612,2.04624639996664,2.02725215451367,1.00160752660094,1.32916482247183,0.509381426096004,1.272046322741,1.77960782461891,1.51492406462932,0.843705028630894,1.66291170068482,0.921067304623376,0.955330156578352,1.00607072496483,0.806251110681194,0.84360511912581,0.463857829963371,1.8180006355231,2.88223563299782,0.660605566839139,1.35576406690843,1.52511179044803,0.484865615930011,0.428397104584256,1.2529058296242,0.352053286100658,1.12864660802616,1.12259223123054,0.896332579455204,0.588692219404552,0.743704273430372,1.28136969481234,0.76381347994093,1.35635611575211,1.03400233838551,1.47400879119021,1.58902341100081,0.396109335143777,1.45129868545112,NA
"392","13069",9.50379865884122,0,0,2.83242606908575,0,9.75993197719802,2.47220042924032,0.87583718394519,0,0,4.08636833421955,0,0,0,12.3998864070119,1.96121354097712,0.909974222402817,0.911057820615128,0,0.50682325985122,0.742067964341612,0.842923976742158,0.242068849251692,1.63470357857599,0.579525351767582,0.605164772847828,1.24875875516659,1.25791130202729,0,0.340189376923919,2.52116852049227,3.05749442659031,0.885342998455841,1.0400548210445,0.480108116626359,2.69635603997214,1.2236930138481,2.01130834993275,0.494217284169406,0.471408441902124,0.319894970206013,0.519647104116696,NA,NA
"393","13071",0,6.38923392032348,0,1.60800813701712,1.38047974881032,0,11.6382246762963,1.19349003720436,1.27824306006434,3.54086172257371,2.88776132523506,0.759293481143766,0.498140758827773,2.42923523644926,0,1.39402722989885,0.280807942912005,0,1.16847677133658,0.188566802904274,0,0.269750710837455,2.86818950888238,5.10098713041451,0.945304056271911,0.581543080542597,3.68652856014841,1.17456775622432,0.456903685402178,0.543126961848488,0.222912139335709,0.12364754419901,0,1.30324833790994,1.5708889862087,0.743522255886026,0.769371860960854,0.518532720697341,0.268871836972465,0,1.36383322973923,NA,NA,NA
"394","13073",0,2.3705768629988,3.23826481535192,4.49501988206874,0,1.4170882613173,0,0,7.58677329222988,0,1.24683515308354,1.78209093209614,0.3208109764335,0.930336336407826,1.23918948757406,1.8337013866071,0.591522246393216,1.97703454274517,1.0494319169059,1.69408582420828,0.451520087170944,0.444584007759781,1.13856904299549,0.711284479287528,0.996972245073716,2.02417161261959,1.67639017060751,0.880042902986765,2.93041434864658,0.676880039772289,0.61955624627007,0.75084443663345,1.20602757209401,0.155941314699278,0.83829839950068,0.367862548032675,0.820428979957604,1.34652680800882,1.17179254779339,0.476823932352966,0.246875807492691,0.266889849923556,1.1889511198995,NA
"395","13075",0,0,0,0,0,0,0,20.9954278164577,4.7067124660649,2.61022336274839,1.75738759634635,0,1.2821906046558,0,0,1.61249218830245,3.41107271569266,1.55644106340653,1.34421654785339,0,1.15215021834049,0,2.45565444478102,0,0,1.45581255401476,1.52479467162557,0,4.51203447387757,2.46297553194689,0.991377984542452,1.66444143489036,0,1.44299761001739,0.718935369072014,NA,NA,NA,NA,NA,NA,NA,NA,NA
"396","13077",1.4818919181257,0.857249930934062,0,1.19470157726268,3.8193391137524,0,1.3575579725895,2.46719285972993,4.35262383073677,0.263535711746028,0.458370768956388,1.89831239328955,0.987797301148009,1.6848687737005,1.56700630787791,0.488962181890061,0,0.851259867931942,1.10069498044638,2.10543026697049,0.380855811972764,2.88316576677086,2.46653700044061,0.131752005228267,0.488943843190141,1.08424922946943,0.85939491949624,0.642747784471449,1.08743054273511,0.144540307830558,0,1.62284375529099,1.91811485608279,0,0.202846050668381,0.438269319188634,0.247403667342418,1.15142242733805,0,5.64136554330717,0.604033622260146,4.05763576445314,2.13444776410798,NA
"397","13079",0,6.38923392032348,3.73038711983005,0,0,0,0,0,16.6402614300061,1.5381289657079,1.0203331835561,1.56327747538591,0,0,0.742158584718107,0,0,0,0,0,0,0,11.5620111816592,0,0,9.23603930089222,2.81529728341216,0,0,NA,NA,NA,NA,NA,NA,NA,NA,NA,NA,NA,NA,NA,NA,NA
"398","13081",0,2.3705768629988,0,1.52536514486096,1.4118849267235,0,10.1038925955898,1.46460423761536,2.08251108254341,0.816405061969787,0.714847624376308,1.01738751076335,4.60733913390794,0.768150724645734,0.449044766188584,1.04381922643725,1.59102495082592,1.14204655667786,0.558237169834825,0.190319794920054,2.34960501859211,0.961443144877775,0.93569034257858,2.95174715382221,0.615987589682253,0.570239153691172,0.967611611037562,0,0.768580705234872,1.83939456542791,1.37539071263471,0.342585799604337,0.347857284085021,0.728621432096066,0.394194548265344,0.878063792594269,0.493503946091617,0.558226365279352,0,0.74567291109297,0.864062964363943,NA,NA,NA
"399","13083",0,0,0,0,0,0,0,14.0040270250776,0,0,0,0,0,7.26095505630231,0,14.5117846110377,0,1.36347501150639,0,2.07998792101962,1.9251024130659,2.56773419686336,0,0.715973655950544,0,0,0.944747261181988,0,0,0,4.91860545953084,0,0,2.23059976765323,NA,NA,NA,NA,NA,NA,NA,NA,NA,NA
"400","13085",0,0,0,9.34328727054725,0,0,0,6.63979364705231,7.32380139793542,0.935849983302783,0,1.25715530588952,0,1.87125772187512,1.87367566279104,0.60644541604146,1.17379124631175,1.12799239072924,0,0.586976038404846,0.643054330552522,2.09280221193648,4.54986409893002,0.534336093636414,0,2.14236170755422,0,0.829193012604272,0.441096590821645,0,2.22725575063806,0.592547260074877,0.6178224054222,0,0,1.65605963326157,4.24189419827041,0.751624856724954,1.30959892522811,0,2.77740814444724,0,0.521497403038825,NA
"401","13087",9.50379865884122,0,3.13125374550534,2.30189591096804,1.81496715534646,2.91986092927767,1.19040172142969,1.02881782596087,2.69918466232911,2.97508386110874,0.61456943900854,1.6030487603911,0,5.63241564931798,0,1.52206130884869,0.277127532400327,0.545703942491852,1.93581905155983,2.64272490113944,0.242445995509507,1.57839221362823,0.213932104991446,0,1.41134217570512,0,0,0,4.71809533680143,0,0.403629923225491,0,1.66309897934044,0.858738238078265,5.53945472087031,0.636337074789405,1.32256572638339,0.696002605783657,0.221182775371822,0.685337226593973,NA,NA,NA,NA
"402","13089",4.5479516480599,2.04864496170147,1.61524190444075,0.763793849387784,2.63324395780376,2.52590680477679,1.15695505216885,0.291270185730623,1.64482594151368,0.874873694194518,0.890381645833321,1.47957138628825,1.43317166381951,1.12750081175395,0.900846039274126,1.57803354674806,1.37399789642634,0.768767677156018,1.09512313880994,0.813282776501974,0.697608602778701,2.26910052772876,3.03669079613794,0.745538989222571,0.79096055252046,1.3329570665612,0.589296647407928,0.707100335746096,0.904880857901263,0.182057777732556,1.14668459328213,1.30430621356142,0.542485949547053,1.16726731210799,0.214770675975874,1.03248911775096,0.634750486228915,1.72003918987161,1.1604262918428,0.931942075871596,1.48176650209248,0.654784607278198,1.38226215080642,NA
"403","13091",0,0,0,0,0,7.2728236210439,5.45943948707598,0,5.41883743512802,0,0,4.54725221944366,0,1.18900736501853,0,0,0,6.04228639450158,1.31947940375836,3.15211895098322,0,1.46978763769274,0,0,0,0,0,4.04808112342025,2.20009482208625,0,1.80075498408796,0,1.58757157471132,0,3.23658807363681,0,2.88823757005871,1.2690377718635,0,1.12465103502075,NA,NA,NA,NA
"404","13093",24.9222053020959,6.30003507304601,0.850707656697471,0.618633918892479,1.56617932798447,0,1.94579220918866,4.02926497661903,0,0.352963914666428,2.31974595107347,1.51859307899247,0,2.73923188897944,0.256139381766352,0.252760160633948,2.74813068473184,0.710137970065388,0.685205792591105,0.229337242463925,0.244392409253177,0.550065175756199,0.322678292815869,2.59594895244811,7.97843017745767,0.447595860561752,0.696888034499129,1.04894230105508,0,0.44837548731982,1.16180259117199,0,0.444457599363365,0.264996340692507,0.320618607404809,NA,NA,NA,NA,NA,NA,NA,NA,NA
"405","13095",2.65635750561968,3.06061908098109,1.50449551018509,2.81084988963803,1.75455351443766,0.487371330520262,1.27137764223249,0.999229529510181,5.99122470965991,0.428612304426335,0.541806995610056,0.968434199341933,1.32392906240852,0.854089432846182,0.520046678889955,3.74931886136105,0.70265201544054,0.464452924230156,0.553662924387772,0.190169011708712,1.15011679064367,1.0140578996989,1.36888646247413,0.19495625445976,0.557627343415255,0.84783142377997,0.529909154332807,0.374191360466101,0.372147314786381,0.310650544736236,1.20315098471843,0,0,0.301758730437312,0,0.981930350515039,1.35091469468766,1.12474262460995,0.882402476553387,3.43004932703156,0.474243338074424,0.217320505520651,0.749137528368586,NA
"406","13097",7.55603682961148,4.59683468545134,3.9526633559095,0.455230679153534,3.18088708664322,2.22648707286846,0.465844130005955,0.428927092610231,2.25549671183867,0.96969966538957,0.931660914492439,1.95085488240859,1.47014611693924,0.902515524547531,2.2027398298797,1.11504076252989,1.24595295884504,0.534476212163455,1.55595930736537,0.509886136355766,0.623758835424433,1.49781984021431,2.30107210934514,0.77905654937728,0.462398265341334,1.6112187330167,0.524913197440626,0.357625609054034,1.22361797409412,0.100717374829733,1.63114957122962,1.56127336575071,0.332755551682635,0,0.247746298641399,0.846650799425988,2.20787459776661,2.06900077429894,1.17646677702117,1.32030337405492,0.722588115367691,0.692537871965762,0.235230860681569,NA
"407","13099",0,0,7.55196450982824,3.20243856747191,3.24061581711209,3.71877880241765,0.552685239147558,0,4.96209864386967,1.97326650756462,1.84328802011327,1.51762975978746,2.52596162338683,0.310093183205928,1.69329499469386,2.0450928991214,0.697595507166027,0.771372963740074,0,0.120084406995926,2.01665868090638,0.727162718614666,1.65749954144577,0.595166816245792,0.73489858711496,2.41073082605254,0.267878710965434,0.529329214354055,0.54660185185452,0,1.83161009619546,0.18266072241239,0.605249305365949,1.31048029889767,0.911038557365234,0.930462328314649,0,2.93865374411306,0,0.240850807923472,0,1.44750175050744,0.644529168388332,NA
"408","13101",0,6.38923392032348,0,0,0,0,0,5.40378702260529,0,4.61609250108514,0,0,0,0,4.01084150913597,0,0,0,0,0,0,0,0,0,0,0,0,NA,NA,NA,NA,NA,NA,NA,NA,NA,NA,NA,NA,NA,NA,NA,NA,NA
"409","13103",0,0,2.86085361663031,0,2.22230697874396,0,0,0,0,3.65417828652497,3.60592974336405,0,2.62509209322741,4.08126931491474,5.56566170305451,3.58536686956486,0.638582323025726,0.528260617413561,0,0.522066417515523,1.16192378868601,0,2.25687471639435,0,0,0.93457443064323,0,1.20474732494405,1.34860360108409,2.73876116159626,1.24478748338127,3.15100194217271,0.862004261196802,0,0,0,0,0,2.04320250107003,2.59990454477369,0,0,0,NA
"410","13105",0,0,5.35623193094833,0,3.29763030713821,0,0,0,0,0,12.5942117983537,2.67458338883059,0,0,0,0,0,0,10.2594975569929,8.60678080743635,1.23320517287032,0.867059696307564,2.07208183161113,0,0,1.92057881260245,0.674772176091571,0.712821616481634,2.17115367403531,2.65259145947841,0,NA,NA,NA,NA,NA,NA,NA,NA,NA,NA,NA,NA,NA
"411","13107",0,0,0,0,0,0,15.9172924009947,7.75195613452362,2.09298072250287,1.41082686707063,0,1.05524037889353,1.04611506184309,0,0,2.79574743851249,1.4243826280538,0,0,2.88828207691773,0,1.41833770109729,2.69023894390986,2.33437887683832,0,0,0.991436790011523,0,1.23372466948671,0,0,0,0,3.48288837935532,NA,NA,NA,NA,NA,NA,NA,NA,NA,NA
"412","13109",9.50379865884122,0,0,0,0,0,4.64153255959367,4.33414123910855,0,0,0,0,0,0,0,0,0,23.8861211570939,0,0,0,NA,NA,NA,NA,NA,NA,NA,NA,NA,NA,NA,NA,NA,NA,NA,NA,NA,NA,NA,NA,NA,NA,NA
"413","13111",0,6.38923392032348,3.73038711983005,0,0,4.07703636263996,0,1.67471886442212,2.97515652023223,0,0,1.2759333921516,1.31699754663486,0,0,0,0,0,0,17.0672927698025,2.33736502816654,0,0,1.1630360527376,1.16091696604232,3.37887133735033,0,0.981069652595733,0,1.00797338693858,0,2.41822721345253,1.2369025990834,3.40528085333727,0.955020528889458,0.829641173835627,0.763778353740555,0.745581059006901,0,0.86067443577351,NA,NA,NA,NA
"414","13113",1.32243063870115,1.51167668329748,0,1.01364543041515,2.38702384161009,2.58893647551087,0.383181671262743,2.06849663016244,3.74685947104673,0.700714537012492,0.812109654496132,1.12259538496072,0.722506730569458,0.90820788404467,1.29365956588432,0.932560227814293,1.11982306514094,0.74406477265848,0.566115387254386,0.395968314161028,1.06542212954823,1.3576839836356,2.25605476554363,1.05064098248487,0.780040550586788,1.6404114483653,0.347128645153738,0.696010432834269,0.724326674809685,0.195765100374976,0.442057153166253,2.44755893897694,0.504833373100423,0.766047953656144,0,2.16607215079905,0.54419371236205,0.829545474289997,0.569462120447696,0.599564341694822,0.959865917070626,0.684535632627968,1.4445684382881,NA
"415","13115",1.32243063870115,0.769714251503427,1.71309765259641,0.959451249175011,1.73464477346679,2.71084412972554,0,0.333733268410182,2.29776421107259,6.76116515579112,2.09290034719604,0.859836047912717,0.24339666582672,0.116873067397616,0.497448729333329,0.707589246707707,0.664974040650384,1.15755096872431,0,1.42692876043778,0.748276196982606,0.775289410330121,2.32223396045489,0,0.253709061744768,0,0,0.403459548217029,2.05815657706572,0.608682443011006,0.669336456252965,0,2.19404229828072,1.421996417795,0,0.709012304446902,0,3.94405975255619,3.44147412611668,0.560558019201079,0,0,2.47680050600652,NA
"416","13117",7.55603682961148,1.25217318478227,0.866101588685876,3.97060777365882,2.03547679577077,0.835716911649777,1.46428766138316,2.56772980044854,3.66032005197183,0.211388321236611,0.563162862282225,1.5854207038867,0.512752567957833,1.53387144163692,1.33871675348397,2.20319168145009,0.717256141930974,0.67377657131131,1.17527059496656,1.02890454270541,1.15005537142226,1.01527840674687,1.85033617391555,0,1.07727637308695,2.56650046056136,0.438773860132562,1.25671620320917,1.10263881927984,0.197695090400337,1.41011459229368,0.821833393104516,0.636636728345265,0.886008943026205,0.351213049539951,2.31184483875184,1.52895529160568,0.664595706523907,0.848894346643348,1.0371525615837,2.2933007590774,0.094772314322868,0.845200390851584,NA
"417","13119",9.50379865884122,0,3.13125374550534,2.30189591096804,1.81496715534646,0,0,0,0,0,0,0,0,0,22.5951906589268,0,0,5.3271438206763,6.76292339804352,2.14560532720697,2.98102171361354,0,0,2.05604606277171,0,1.10473631521252,3.30776987708714,0,0.970931025765356,0,0,0,0,2.08797096866769,2.50719922102466,2.43681123739915,2.02873611336073,1.6343411125789,NA,NA,NA,NA,NA,NA
"418","13121",3.45422144885118,2.11699876354357,0.536522604070692,0.42448431511718,2.86571611387862,1.76085006776117,0.817271373542421,1.24252350769937,2.1675440968348,0.986769504909058,1.47211628670973,2.53799263595922,0.774514044775156,0.256481562322587,0.787569863424949,1.20329221913605,1.46436856457762,0.458481719567665,1.13639113275246,0.756621784604727,0.601865483794513,1.78815936549913,2.76487678307654,0.372524666589353,0.920031390381025,0.994145382266855,0.299809642300418,0.610184299281265,1.03799623352874,0.129701450652859,0.686267931596174,2.82555708874422,0.966957444093975,0.616390832248935,0.0282359667745654,1.93266742695081,0.676441184022009,0.634555645758526,0.632900421532495,1.15238951266856,0.777884844223334,0.895752321145426,1.53603267269235,NA
"419","13123",0,0,0,0,0,0,0,20.9954278164577,4.7067124660649,0,0,3.66723408418488,1.54524704023487,0,0,0,1.71532763164822,3.60946289097423,0,1.57541841568693,5.18341956479616,2.82667422140797,1.41219656897456,4.24564987331692,1.20212415389265,1.62750746348675,2.690895119656,1.77319223308456,0.384413033064185,1.41742124753472,0.677238411249663,0.171500049783155,0.734831874327595,0,0.958623004108074,NA,NA,NA,NA,NA,NA,NA,NA,NA
"420","13127",3.73187737416727,1.98724770320809,0,0,1.26062302677191,1.31708264334685,1.36591603159759,2.63557066233048,7.03743424540531,0.691647548888898,1.0724323565485,1.36223148040729,1.61645989507642,0.7483494558085,0,0,0.461837058303379,0.560601845266981,0.693156798468819,0.840221099307063,0,5.0876098322808,1.71066057513037,0.709228198749676,1.82869188384422,1.07819918938882,0.997913122264495,0.485269557589161,0,0,1.34353446373436,0,0.960578833786492,0,0,0,7.15863936344536,0,0,3.5011550715681,0.992634147830576,0,0,NA
"421","13129",2.86260695800588,3.03158080064382,1.03024353830249,0.834155727163253,2.19848620940254,1.31461458479776,0,0.630405432144155,0.667867242865004,1.43114450055197,1.47932833619814,0.738172280881642,0,1.54352169776029,0.789806265267298,0.814298990887449,0.843695824857933,0,1.90827112675244,0.978032078938847,5.27547877323551,2.65940014015828,2.9091836056324,0.375907223743017,0.97698873228551,1.20732114481977,1.16163675954399,1.95055130319625,0.789018008877184,0,1.05854928568522,0.829919157390115,0.589167749270099,1.85815724526365,0,0,1.47898679895915,1.56014287974853,1.17763488559871,6.89405922005629,0,0,0.572708857812219,NA
"422","13131",0,6.38923392032348,3.73038711983005,0,0,2.14269673413943,2.01507445834452,1.8320959401928,3.11502988942281,7.52987624734186,0,0,0,3.24675449216872,0,2.07279048727461,0.982709372262913,0,1.89838361882814,1.38125424003738,0,2.67569270564819,2.78985686506318,0.344989095454958,0,0,2.12296252469283,1.46743195032147,1.79466517824644,0,0.341499669696758,0,0,0,NA,NA,NA,NA,NA,NA,NA,NA,NA,NA
"423","13133",9.50379865884122,0,0,0,0,6.49174112276038,8.89404637514207,1.35105554229271,0,0.848140857398456,2.32077129723454,0,2.15448237234954,3.83724582576431,0.533029775141729,0.471734803665267,0.891339446343885,0,0,2.29151740118264,1.23340789797778,1.83832663842712,2.72779605737941,0.466571522395785,0.84250175198532,0.405611128898348,0.831222709223579,0,2.45924655861109,0,1.07609771206,1.09783139228861,0,0.605241250614641,0,1.56482513748016,0,1.01716090350058,1.11479979825931,0,3.63001435629211,NA,NA,NA
"424","13135",2.96114153599944,2.49216224161477,0.476784692837554,3.38392080282049,2.6583672923563,2.10330570711816,0.90189006297843,0.857763810863656,3.98684032515874,0.502831965848852,1.18863857005001,1.58450676989223,1.0876887680316,1.28477768172276,0.974238280808797,2.15343658968821,0.968060044786232,0.863274407986155,0.941460353591073,0.631108821630829,0.339083643853671,1.18562972977672,1.91083365078963,0.919043588844378,1.05917065987582,2.69215961629179,0.654915587935406,0.898841949313244,1.4236827563506,0.686919967324476,0.851401174493732,1.31079935900394,0.526501730923333,1.34655911122168,0.765138842624259,0.724964644229881,1.05007062877145,2.10255397347035,1.1392229024055,0.943512008792791,1.32996487984901,0.609630266029705,1.14623313024587,NA
"425","13137",9.50379865884122,0,0,0,0,0,0,18.1070569532575,4.47816889994163,0,5.56673643834318,0.661923798126424,0,0.531176975083742,6.2147845333479,0.383539554959582,5.50847266906259,3.18280132123545,1.1601374657124,0.240239079713874,2.66039110189081,0.764456138017505,2.0139127877879,1.50005026561126,1.14361506346523,0.336113701768996,0.0679745313582447,1.58422219078128,1.42327707061116,1.42249132426224,1.84036752927562,4.17361306456879,0.80267064953953,0,0.471144927592775,NA,NA,NA,NA,NA,NA,NA,NA,NA
"426","13139",1.32243063870115,2.9181406678028,2.44735003266268,0.756071379281344,0.988153809483059,2.10487454067237,0.281609060530387,0.559723936722933,7.7080106250298,0.530553735598918,0.429814351041645,0.894208441810932,0.61431068816211,3.84391462341901,1.42193443514334,5.1768962769018,1.84430389944522,0.454194935878119,0.482769121658138,0.970976997348863,0.160531932201947,0.575807035593758,3.35596221217558,0.502718266728387,1.5834459482214,5.34175204267426,1.16155106630687,0.30371366616122,1.56748831559647,0.329042631430055,3.24768483060891,0.879312767541783,0.853607442622463,0.139724220699869,0.0145895549504345,1.05391359038851,1.53255583296133,1.13259318426438,1.72482242874497,2.607230702512,3.01634907898602,0.070149792336498,0.800093829185158,NA
"427","13141",0,0,0,9.34328727054725,0,0,4.43120274854104,0,1.64334087461346,0,0,1.73192646491475,5.00797474382952,0,1.24315524371735,3.18557477480095,1.74760785796737,0.747107914396898,0.684350324547678,4.26615272068391,5.43236346327867,0.964870245742853,1.2624905011667,1.28481111876492,1.34243499498765,0.542537393009668,0.543427394442199,NA,NA,NA,NA,NA,NA,NA,NA,NA,NA,NA,NA,NA,NA,NA,NA,NA
"428","13143",0,6.38923392032348,3.73038711983005,2.47378173269665,1.8265976137214,1.4690017874283,1.26299356845879,3.25122904769072,0,0,4.1968886371038,1.4492216769575,0,0,0,0.781330643118796,0,3.45810898842762,0,1.21947235016948,0,1.21603104725621,0,2.69131114371704,1.31842460636178,2.40849217838131,1.04943645997552,0,0,0,1.27099172373139,0,1.8806846315816,0,4.25279979068146,0,0,0,NA,NA,NA,NA,NA,NA
"429","13145",0,0,0,0,5.8621602337794,8.23997229269908,0,0,3.53591911481664,2.84717164891857,0,1.08433650556024,2.95417612864869,1.70667908059894,2.17350457956531,0.624233584092369,0.575134365677837,1.11816454077433,0,1.81651584497508,0.629968563962472,1.29450023359516,4.70787003037002,0.952167956251345,0.803497923679853,0.725822348552904,2.03599960482702,0,1.62764066309152,1.89383544631857,0,0,0.34092557868726,0.395892615539901,0,1.23709395269736,0.760361114579588,0.878983768543427,0,0,0,NA,NA,NA
"430","13147",0,6.38923392032348,6.85120391027542,0,0,0,0,0,0,0,0,0,0,0,0,39.1410185978152,9.45754785878784,0,0,0,0,3.51823795518404,0,0,0,0,0,0,0,24.9868041084661,0,2.30161212099237,0,1.52046399644295,0,0,1.76261556518771,NA,NA,NA,NA,NA,NA,NA
"431","13149",0,0,0,0,0,0,0,0,0,33.1870148289224,0,0,0,0,0,3.98151500222769,0,0,4.19391247025285,0,3.18325995895754,0,2.48586183516622,0,0,0,5.25325596158114,2.27657790517501,0,0,1.71909542299057,1.67473507614193,0,0,0,2.28814623733678,0,0,3.10669404361257,2.86881515949306,0,6.0111945040458,0,NA
"432","13151",3.23994950919703,3.3704613378188,0,5.20145787157136,4.48370051410182,2.08097642350795,0.801675882616775,0.417397201498578,2.54547681270076,1.38183565185517,1.86460740973814,1.55905186805584,2.00134141409402,1.18766920349881,0.698556868889875,0.969641067487273,1.24616958206806,0.592398586126996,1.02673163692494,0.437490522225346,0.728535718023406,1.39880962416697,1.83136734954907,1.01361172152538,0.583521301584837,0.892224014302932,0.580383876270686,0.940218107603819,1.05522401032241,0.148926791532318,0.326508887561482,2.21235708218726,0.546337479217927,1.54971621765027,1.31340230970354,1.07573147963342,1.77691173463348,0.36313363670992,0,0,1.80293527557139,0.800784854813881,0,NA
"433","13153",0,11.0886817491692,5.35776793515118,5.79857582187459,0,2.18299848444517,1.79513578603262,0.526400600378213,5.71689457969836,1.97410376741823,2.95184143294057,1.1430202918576,0.806335588738191,0.595784149258818,0.298800148406465,2.31026236789169,1.942440173587,1.50476392132367,0.986161783623422,0.23107658865157,0.233337443871237,1.71868659759085,1.14456502093326,0.523086950435467,1.5894619278978,1.28904867062333,0,0.262914722236718,2.21711794118304,0.426027154041347,0.734258691129984,0.612203788457088,1.58167965685682,0.322691575532963,0.506779657047673,1.07668290125226,0.76071972221137,0.40688934000638,0.444770641493256,2.59515340531361,0.698558744479323,1.12773193309581,4.01609260902737,NA
"434","13155",9.50379865884122,0,3.13125374550534,0,0,0,0,0,8.5187087085208,3.30062032487151,0,0,0,5.57849801870314,0,1.44469565593429,1.30366294262848,0,0,1.39380980703622,0,0,2.18777371331749,0,4.79659761331069,0,0,0,0,4.62234180719518,0,0,0,0,0,0,0,0,13.1478861533888,0,10.4553142916647,NA,NA,NA
"435","13157",0,6.38923392032348,0,0,0,14.1807760737691,1.35730300772729,1.84119442867527,0.714204825575219,0.628279341222709,1.20083131287256,1.18909235506929,2.30726660575655,1.06939658188414,0.501127279674639,0.970795183727791,0,0.534319866096867,0,3.46833633154497,0.69770523072124,2.58106990522182,4.60252870674104,0.389255026998247,0.331765029113731,2.11297153215233,0.28426276757132,1.93618984776192,1.57181771902162,1.45250466127262,0,0,1.00726268566423,0.283123701672486,1.91561342769656,2.90475257880061,1.16213304042798,2.70770356426485,0,0.587024383528875,NA,NA,NA,NA
"436","13159",9.50379865884122,0,0,0,0,0,0,0,0,0,0,36.1934871029658,0,8.88017679775924,0,0,1.24087707202455,0,0,3.09307405579366,1.56608922841521,1.45968702955526,0,4.74225700604635,0,2.55267824705778,0.740464599112222,0,0.708444153896277,0.756970464847985,0.829325230779258,0,0,0,1.67048652421473,1.93849106074474,0,2.06854564637343,1.90489502006449,1.67695083594935,1.46701436492117,NA,NA,NA
"437","13161",0,0,0,0,0,0,0,0,20.1118374377734,8.49011672233275,7.4855335873302,0,1.61522660637861,1.34366767185353,0,0,2.74082158077316,1.37172934767673,1.30808408781993,0,3.49665806569265,0,0.994203779067491,1.89816760348762,2.58438895108376,0,1.4511425360512,0,NA,NA,NA,NA,NA,NA,NA,NA,NA,NA,NA,NA,NA,NA,NA,NA
"438","13163",0,0,0,0,3.15138939200099,0,3.20093117031631,0,0,0,5.90667279570424,0,2.21318094423155,0,0,3.73574936056004,3.23221065017227,0,0,0,0,0,2.35938841616897,2.75375609228843,0,2.51837341052417,0,0,0,0,0,4.73752978234487,0,0,NA,NA,NA,NA,NA,NA,NA,NA,NA,NA
"439","13165",0,0,0,0,0,7.2728236210439,0,0,8.45950781071323,7.26020074864383,0,1.15835910465541,0,1.00317780429767,0,1.20151138530087,1.33473466693612,1.39975508407102,0,0,0,0,2.52436381751912,0,3.18185700217665,2.80547377455477,0,2.05567778638016,0,0,0,0,0,0,0,11.0928254428533,0,NA,NA,NA,NA,NA,NA,NA
"440","13167",0,0,0,0,10.2861407168863,0,7.23196040720764,8.92494096077581,0,0.572389044734805,0.50582605585868,1.9303751141547,0,0.508893796144093,0.560790618465901,1.83731767677931,4.61901626033904,0.478963769656535,0,0.405764720854524,0,1.44894638319821,0.549721466961048,0,0,0,3.32637533286378,0,0,10.3206802760425,1.33884814614938,3.65829063010684,0,1.17929952168875,NA,NA,NA,NA,NA,NA,NA,NA,NA,NA
"441","13169",0,6.38923392032348,0,0,0,3.29105432191909,3.03118701327508,2.50571196637759,1.98196320120628,0,0,1.59208135370784,0,0,4.19847330724947,0,3.62801670548697,0,1.38756382139822,2.48661818205171,1.10101079985194,0,1.02382846301001,0,1.17512336346845,3.61178530112261,0,2.06916499243179,1.82561360453352,0,1.57955661060139,0,0.824304208501449,0.887375885591134,0,0,1.34065305127104,0,0,0,NA,NA,NA,NA
"442","13171",0,0,0,0,0,0,0,10.5056754612917,0,3.05937123961219,6.06108527621503,0,0,1.10287818987115,6.66533835750664,0.727210967788539,0,0.565185350748549,0,0,0.79903660694357,1.9585389425907,2.14192500203865,1.02873089500931,0,0,2.93803575494733,0.949631466164398,1.79798620655408,1.63270878180797,0,2.14397603801261,0,1.38142183989004,0,0.768826436056543,0.842454240873984,1.7993174024743,0.910616035645854,0.900855116676768,0.887547230774165,0,0,NA
"443","13173",0,0,0,12.6099043814729,2.41140253656811,0,0,0,0,0,0,0,0,0,18.9327762690354,0,0,5.31625645245291,0,0,0,3.72912065150314,0,0,0,0,0,0,9.30482632313603,0,0,5.01279803473103,NA,NA,NA,NA,NA,NA,NA,NA,NA,NA,NA,NA
"444","13175",0,8.90531749049252,1.68447475819589,1.19628649232465,0,0,2.05548754990692,3.05051611527134,0.926565271153997,0.841540766927656,0,0.814840753423496,0,0,1.27241652496473,7.6885326493805,2.8075128568509,1.3453265031764,0.536178417701312,0,1.92035037615635,1.42259041431913,0,0,1.12202626239572,1.22835405152297,1.29667162338287,1.302985270446,0,0,0.748775087982913,1.66752702653529,3.36764102078972,1.49169983384904,0,1.22875204804249,0,0,4.17436036178465,1.3029665124435,1.16796626395995,0,1.55298506842641,NA
"445","13177",0,1.80342412118814,1.63918470677956,1.34464686928062,1.19372634449234,0.452910373977901,1.3485326560933,0.228697220699646,8.76211467558911,0.68434443336748,0.640982527720823,1.36956536983242,1.07662550619338,0.637024936667719,0.883809191414448,3.70932794217642,0.885497821579924,0.247222757529476,0.596771632145804,0.72934470881954,0.325532398713179,1.012396496072,0.404955254857482,0.548867250486564,0.104398877108291,0.487050176985952,0.432691879478219,0,0.867238246182674,0.266552872010084,4.93742174517866,1.028705125952,0,0.426508290158849,0.648052135229013,1.14486387804872,1.45319490544143,0.252858013916756,1.05655851859143,1.08179231701198,1.35179718972431,0.26991698401193,0.281099719737948,NA
"446","13179",0,0,0,5.25744058045737,3.96894916870393,2.84469980356561,2.08908232090103,0,2.93180569735834,0,2.42966103264339,1.1107616364892,2.95068829281852,0,1.58724643881083,0.748020631509471,0,1.56732386275166,0.816722654021602,0.85074480861544,2.53484962926385,3.66638732328544,0,2.58955729203712,0.450689993127684,0,0.886171532236717,0,0,0.713009680911963,0,0,0,0,5.99242280953525,0,0,0,0,3.01675343159791,0,NA,NA,NA
"447","13181",0,0,0,0,10.2861407168863,0,0,0,2.61483305982425,0,2.56900550032999,0,0,0,0,0,5.28325360691539,0,0,8.26475019184696,0,2.26196356252013,0,0,0,0,0,0,0,0,16.4360061384097,0,0,0,0,0,7.26920856785439,5.45895064182651,0,0,0,0,0,NA
"448","13183",0,0,0,0,0,0,0,0,0,0,0,0,0,0,0,0,0,0,41.9271145325661,0,0,0,0,0,0,0,0,0,0,34.1314925026599,0,6.35961308986262,0,0,2.99896555388685,0,0,0,0,NA,NA,NA,NA,NA
"449","13185",0,1.80342412118814,0.671423823079561,0.587753829117075,2.21115490083799,2.04260354699083,0,0,0.509187858628009,1.67364184824743,0.601329643251431,1.88020875770856,3.98676537965374,0.933850000065573,1.18346644283042,1.38652235763348,1.56274779193413,0.293353383457171,1.7129529353924,0.833778602136397,0,1.7476808212052,1.46021598398378,1.41089850524616,0.540216387615567,0.795287278468467,1.82194364673416,1.96046005931701,1.33738331002801,0.81666263165031,3.10468355413794,0.478374444029192,0.59073600227896,0.292464882169659,0,1.41615385551367,1.37281670825268,1.23632100992251,0.62217202020101,0.209991710731116,0.442291049692082,0,1.42649733366375,NA
"450","13187",9.50379865884122,4.20373720110854,0,2.05881324952678,0,0,0,0,10.1648154059472,0,0,0,0,3.0756612414441,0,0,0,0,0,0,0,0,19.9316268735588,0,0,16.5263688611078,1.79499974989655,0.597202749788961,0.484591706881596,0.451119573576528,0.465294425816904,1.02094087161049,0.571708220947684,0,0,2.68032907290381,4.29989865576351,2.07704082472713,2.14688891579809,0.866920590526093,5.70367301459424,0,0.867545010204957,NA
"451","13189",0,0,34.1541047229174,1.47990979467191,0.444464990155186,0,0,0,0,0.635574234999285,0,2.69342691819397,0,0.867407507490669,0,0,1.05998039090471,0,0,0,4.92068054457133,NA,NA,NA,NA,NA,NA,NA,NA,NA,NA,NA,NA,NA,NA,NA,NA,NA,NA,NA,NA,NA,NA,NA
"452","13191",0,0,0,0,0,0,0,0,0,0,0,0,0,0,41.7112502165461,0,0,0,NA,NA,NA,NA,NA,NA,NA,NA,NA,NA,NA,NA,NA,NA,NA,NA,NA,NA,NA,NA,NA,NA,NA,NA,NA,NA
"453","13193",0,0,0,0,0,0,9.82330751988082,0,0,0,9.11140666726886,0,0,8.0116796344485,3.85919513893717,3.36270143366044,1.77907200682996,0.473054405072033,0.846854714775156,1.60511229137189,7.2309853133426,0,0,0.938466504743425,0.562166283054255,0.400472442007626,0.89442593905921,0.505549631577326,1.13067370167539,2.06730023320914,0.290405170367897,0.291201289686898,0.60735519938688,0.976260615964499,0.705194898038415,0,1.73804340079562,0.919998535299695,0,0,0,NA,NA,NA
"454","13195",0,0,5.35623193094833,3.68219830428101,0,0,0,0,0,4.38579164347813,4.23416874965118,5.92993092308852,0,0,2.88140369688736,0,1.28999362888869,0,1.39154420224609,0,0,3.66392063756694,1.73779241545702,1.53340507963418,0,0,0,1.67490973577584,1.86348792428428,3.60525562593907,1.51122818774581,2.43027570111414,1.93899720547513,0,0,0.843822394792079,0.92984179624598,0,0,0,1.96040441126114,2.2070564471748,NA,NA
"455","13197",9.50379865884122,0,0,2.83242606908575,4.52322414045286,3.31407413752143,2.40902898343611,0.935040411602544,0,0,5.47200906165662,0,0,4.03038797596296,0.981619673696596,0.86815734234561,0.407458191286037,0,1.77135930897443,0.471888203791588,0.510750656846751,1.63192403654914,0,1.19068679177171,0,1.36858956769432,0,0,0,0,0,NA,NA,NA,NA,NA,NA,NA,NA,NA,NA,NA,NA,NA
"456","13199",0,0,9.4989667055933,0,4.35008294125231,1.597612638417,0,1.21471956006481,2.27843102918436,1.05536670580295,0,1.0288498603539,2.06125408706463,3.72197378832331,0.778355907811889,0,0,2.76559202087452,0.682350261333694,0,0.732699041093741,1.54602664457071,2.30218372091463,6.2437271006907,0.456115393710497,0.738701730075305,1.2978375753483,0.306335005649546,0.315007854891825,0.347942530255632,0,0,0,0,5.32777196792573,1.33987252777241,0,0,0,0,3.0377381508757,NA,NA,NA
"457","13201",0,0,5.35623193094833,0,0,6.16909632661256,0,0,0,0,0,3.58261128851957,13.5203827602217,0,4.10055955748871,0.737574228245187,0,0,0.666764614387866,0,0,2.57090137630062,4.07003448755633,0,4.78935169489322,0,0,1.28150984232662,0.653817754704221,0,0.801864018444191,1.78912029051175,0,3.81830402436636,0.846351672035992,0,0,1.61802776736067,1.67810001125813,0,0,0,0,NA
"458","13205",3.73187737416727,9.63913407894444,3.31996988201434,0,0.467694793783371,0,6.64562676955361,2.24274824232896,0.254462902936351,0.885268670812966,1.81362531138928,0.191185812948379,0.583099015210576,6.10423222979856,2.47019879092326,0.848293047773354,1.32194067377685,0.317151477819292,0.0789853349763401,0.936200099527001,1.57935131897189,0.788736459346522,1.11753625585531,1.97987145898435,0.832350155148235,0.0892397022884393,0,0.417187105458925,6.9188444739513,0.851523677914938,0,0,0.138003582536584,0.236958684736822,0,1.70607567085485,0.662417902483988,1.51492597381987,0.19593135676866,0,1.4889781049862,NA,NA,NA
"459","13207",0,11.0886817491692,0,0,0,0,0,0,4.86339297251455,8.4477557411581,0,0,1.89564072126285,3.26284687542021,1.37383299321879,3.38294023174786,0,0,0,0,0,0,2.69367740844055,0,3.84862651431439,3.16269285211765,0,0,0,0,0,10.3781486369191,2.46280873790355,0,1.45857674920745,2.46996962132557,0,1.06089501927328,0,1.16703940569232,0,0,1.76742131330602,NA
"460","13209",0,0,0,0,0,0,0,0,0,0,0,0,0,0,0,0,0,0,41.9269212728816,0,0,0,NA,NA,NA,NA,NA,NA,NA,NA,NA,NA,NA,NA,NA,NA,NA,NA,NA,NA,NA,NA,NA,NA
"461","13211",0,0,0,0,0,0,0,14.0040270250776,0,0,0,0,0,16.1790885054102,7.62053926643233,5.09506204067529,0,1.26700528840932,0,0,0,0.841827319306636,0,2.80424233553049,2.91245775445772,2.46864632015437,0,0.911033670481715,0,0.940826937900106,2.00760668318115,0,0,0,2.88352522649363,0,5.64592275316893,0,0,0,1.05481694508368,1.16100399759896,NA,NA
"462","13213",5.3593048205652,0,2.07379171298768,1.6645019150203,1.43326242833803,1.29072112190505,2.32428148710568,0,1.02243123637278,1.01358284113138,0,1.12673471271309,0,2.69553427832296,0,1.38925538782737,1.3571937745809,1.29584767505775,0,2.48696482058567,0,0,0,1.60450809041938,0,0,6.88545158881809,3.4851221564573,0,1.08744615224587,1.91625952280335,1.71218308660845,1.53794578983443,0.705150321066481,0.675753111658974,0,0.745739111751792,NA,NA,NA,NA,NA,NA,NA
"463","13215",0,3.45810439938785,2.3206362711029,1.75255593377406,4.04365892957277,0,0,3.61729567943339,5.6922187445912,0.523575105046162,1.67176729465072,1.74236949779808,0.915276412954479,0.851456956435728,1.10163507527897,3.34389165674717,0.903142323234188,7.06173927064949,3.27647273838008,1.35068984960727,0.128502203317909,0.881895304313974,0.812039568121925,0.122345022567362,1.01739414223191,1.12332805937547,0.325557213953205,0.706499231565945,0.947544992648911,0.505568902416781,1.07918475660457,1.34729456334626,0.344884372366064,1.29576961528298,0.599236381541033,0.98410410954426,1.00828167710354,0.390912744999682,1.22577434841138,1.79001457640127,0.540460331873424,1.06602309266844,1.17855250171353,NA
"464","13217",0,1.80342412118814,2.56258366335349,2.90591035028989,3.62719267759576,0,1.00462384935013,0.476816538669843,5.56157731431597,0.348633353557457,1.1969590751527,1.0707942953009,0.754512883967811,2.83235295579388,1.47686634554202,0.573002595684041,0.36525250902538,0,1.23318709223217,0.906173049778794,0.499560136515126,3.10155394297789,2.10176918710349,0.80801884959509,1.93868308499586,0.937098700298746,0,1.05569630606662,1.70098299827961,0,1.16524478998773,1.20080884981061,0.868687543708838,1.3857377819028,0.172949453235049,1.06474056443615,1.44540819583287,1.25509393398118,1.38662907393486,0.665293284292599,0.815641892398737,0.495405433410805,1.19990451304198,NA
"465","13219",15.495240879053,5.82912529023472,0,2.48423255616832,2.88618447928012,0,0.742806473518823,0,3.08288938581137,1.46740622029349,0.683643420662976,0.651143458975818,1.8742878712895,1.18094301304354,0,4.33869583058054,0.470236728707638,0,0.851799327396321,0.441946981436457,0.956369505692878,0.526645954793318,1.7138941885412,0.591870853238206,1.19793744676359,1.74623988990252,0,1.13009408342027,0.578805399013573,1.20500030435632,0,0.697372674435305,0,0.917011953658604,0,4.71681867168413,1.06818083474004,0.93440113083798,3.8840721010615,1.24045873465566,0,0,0,NA
"466","13221",0,0,0,0,0,0,9.82330751988082,0,0,23.0729136425736,1.07760154237106,0,0.575864994606543,3.05701687091671,0,4.9170663446315,0.336532596619362,0,0,0.643849157237565,0,1.37420002427872,0,6.86057861859788,0,0,0.37640675933791,0,0.451638320317738,0,0.741983334025776,0.973098899466076,0,0,NA,NA,NA,NA,NA,NA,NA,NA,NA,NA
"467","13223",2.86260695800588,1.57264598719145,0,1.01545094164105,4.47721035643744,4.74850042060222,1.93861477080347,0.378732309921834,1.93388566546049,0.5787927570106,0.282135993429531,2.53449076073235,1.59871262613089,0.498771886074695,0.956893209303594,1.38934146786353,1.33721778522872,0,0.907929854504166,1.64003568407641,0.943149048010648,2.4886905888037,4.50745486533804,0.294221956154812,0.506207178201905,1.28672921574761,0,0.124433951673704,1.13521721675826,0.328483037500711,0.385822773354197,0.677992139196909,2.01060402199563,0.773817957258749,0.260628381858774,1.57863505500824,1.54278082225268,0.744183914201646,2.99603613910031,0.411687817252494,0.767784891871389,0.189405850950801,2.29624660781191,NA
"468","13225",0,0,1.95162457285785,1.65483862258168,1.47473507496357,0,0,1.55651547622612,0,0,0,5.37979156184314,2.37245446491037,5.20425829542595,2.35731400523858,0.880261089523481,2.14967479090994,0.619964084296548,0,0.616874413734539,0.677939921253742,1.50180008002672,0,0,3.899702932355,2.61719979296548,0.735598120062302,0,1.87421956908895,0,0,0.743506151638506,0.865161040110399,0,0,2.87097823059646,6.44959842712021,0.953517466455793,0.752606632374309,3.64168917154111,1.91882349601186,0,1.50428280605033,NA
"469","13227",0,6.38923392032348,0,0,0,1.71274761633416,0,2.088020547333,0,2.25677897583866,2.09449926140016,1.82738114394624,0,0,0,1.95622488506694,0,0,2.90479692020458,0,5.37964735569059,0,3.53555969160949,1.40913069258914,1.18512180482198,0,1.0724407376189,2.13757382010563,0,0,0,1.44470239133655,1.62512072882871,0,1.83315420995952,0,6.57051587730709,1.24344213763052,0,0,1.87837399627132,1.8507645209741,0,NA
"470","13229",0,0,0,0,0,7.2728236210439,0,4.90026697475059,6.29345128033027,8.42352392998961,3.69477596798971,1.21632094601451,0,2.15271590384353,2.66182471468166,2.55784772900344,1.06567885312706,0.23665100197343,0.905971078106997,0,0,0.624190850248608,0,0.516977006918034,0.676347411658696,1.65666812699444,0,0,0,0,0,2.46723756180808,0,0,7.09654138467167,0,0,2.13494360191247,0,0,0,2.78784837349959,NA,NA
"471","13231",9.50379865884122,0,0,0,0,3.5182408882082,3.36908651324275,2.75187425640988,7.32987400631998,1.17698026785896,0,1.57971713493082,2.13715980913093,0,0.666435390320526,1.36814483325824,2.67483342915033,1.80302455394047,1.0549853683742,0.949829387610857,0.449981472011696,0.901141416523034,0.470322682944602,0.511679955399328,0.572413469991121,1.88624071951089,0,0.706953844547554,0,0,0,0,1.97790379556021,0,0,0,0,NA,NA,NA,NA,NA,NA,NA
"472","13233",0,6.38923392032348,0,1.60800813701712,0,0,0,1.95077864385354,3.18120539593489,0.998939152144243,0,0,1.85264940515657,0,2.06045880556314,0,2.17434238487486,0,0,0,1.44464370691832,3.14997011762439,1.49629835428262,2.57659498260899,0,1.96185668124036,0,0.920519881512783,5.14827550067379,0,0,0,3.94422420120517,1.78097299487027,0.529044646991711,1.44660203232398,0,3.07041773742001,0.40768750979947,0.785107864669283,0,0,0.505342904638055,NA
"473","13235",0,0,0,5.25744058045737,3.96894916870393,0,0,2.49618423550308,0,4.41199990108925,1.82988676680015,0,1.42227148173169,1.3278686525356,0,1.33597014134247,0,0,0,2.2989292139997,2.48962682764132,0,0,9.70461134108308,0,0,1.88686696832835,0,0,2.98756605231617,0,0,0,4.91318710126839,1.09628015011307,1.88141502043474,2.3419591511115,0.659520909818095,0,0.617926858912876,0.665400796460601,NA,NA,NA
"474","13237",0,0,0,2.80455791705411,4.73326356856345,0,0,0,0,2.19253249514718,2.37327293306175,9.24285458786169,0,1.81000030717326,0,2.728653936841,1.81493464449979,2.10714670762825,0.463852281593185,0.436016578720977,0.868648578088269,0.896192814184663,0,0,3.67046891740459,0,0,1.89775176548101,1.24179877468949,0,0,3.44421474050313,NA,NA,NA,NA,NA,NA,NA,NA,NA,NA,NA,NA
"475","13239",0,0,0,9.34328727054725,3.00006474094972,0,0,0,0,0,0,0,0,0,0,0,0,0,0,0,0,0,0,41.9270554555017,9.5037967298066,0,0,2.8324260688085,0,6.45720853295961,0,NA,NA,NA,NA,NA,NA,NA,NA,NA,NA,NA,NA,NA
"476","13241",0,0,0,0,3.15138939200099,0,5.94778034708544,0,1.97132161082755,0,0,0,0,2.83445070206862,0,0,0,0,0,6.92206301281486,0,4.87980225265929,0,0,0,0,4.01182464408116,6.88464946005808,0,1.95251995719529,1.59085140465297,0,0,0,NA,NA,NA,NA,NA,NA,NA,NA,NA,NA
"477","13243",0,0,0,0,10.2861407168863,0,0,0,4.92266013387053,0,0,6.90722767494144,8.46701853856607,1.27004254356746,2.64198692206722,13.4179122007719,0.12819282046514,0.829550052615953,0.544644728799186,0.371458004570117,0.157417989436637,1.0718572440967,1.4153523820988,0,0.371528373796671,0.688661798865778,0.309389014487229,0,0.868210253230926,0.263531574799037,0.640852445517767,0.383338722504175,1.32879939020968,0.486457261455211,0,1.74210584076697,0,1.97190585940885,0,1.39985263706317,1.40301175199083,0,0.73323346131874,NA
"478","13245",1.19395342739023,0,0,0,0.603298459430669,0.720238171933794,0,1.14563144185956,19.8410626331566,0.354848776441386,0,1.75483171447993,0.175676622997897,0,0.990102279959736,3.76550338104399,0.395404053557056,1.45805532949657,1.79494136767604,5.58170458207053,0.196184820205831,0.581096716479664,1.141942177762,0.44569322000573,1.58278843035734,3.49829928598476,1.23507695050229,0.327437424434566,0.969078580574273,0.600702555963981,0.925005800488443,1.17728457674774,0.993692767475623,0.114648210364286,0.308829580934764,1.15540466919675,0.37523975245423,0.588819193866045,1.57208700617838,0.584382599649134,0.30692443500507,0.220899143181726,0.617821298972484,NA
"479","13247",9.50379865884122,6.00458825086398,2.26543506418749,2.32434306252739,2.32617236424455,0.477818166717828,0.438496415451281,0,7.38174633932769,2.71752046406833,1.9801164083035,1.52759874402654,0.991520139132493,0.76957361230849,0.500728531432835,0.649925805319021,0.142182073551832,0,0,1.56845332343012,1.26099680549633,1.70752918123567,1.95241615624479,0.295305499938915,0.282064032860988,2.21389758114151,0.804930639654314,2.29831262408085,2.69260718106562,0,0.725192257913629,1.23427572829478,1.22004444665491,0.698213563926503,0,0.981129654232869,1.26663958857224,1.31790406571552,1.73163295024309,1.02038592095175,0.581654175646528,0.193312359093637,0.814133462261511,NA
"480","13249",22.6278264790165,0,0,1.1882170861435,2.12487931516316,0,0,4.22474330291604,0,0,1.8867318427854,0,0,0,0,1.92006361353791,0,5.15187548435069,0,1.93854716937627,0,0,0,0,0,0,0,0,0,0,0,0,0,0,0,NA,NA,NA,NA,NA,NA,NA,NA,NA
"481","13251",9.50379865884122,0,0,0,0,0,4.64153255959367,4.33414123910855,0,2.79489668200537,0,3.99192326815569,0,2.97649432530033,0,1.2360327463126,1.18936292177161,0,0,0,1.81494488347538,3.90556216021803,0,0,0,0,0,2.96620765137321,0,0,0,0,0,0,NA,NA,NA,NA,NA,NA,NA,NA,NA,NA
"482","13253",0,0,2.86085361663031,0,4.2208906777632,4.80434058480057,0,0,0,2.12018847922998,0,1.22533483974763,3.65142536332641,1.07106872171625,0,0,1.93603318871525,0.990332124342479,0,1.10719435963084,0,4.81988473713752,0,0.978601363667131,0.918242364295605,3.35469867766814,0,1.3951025362386,0,0,0,0,2.67021655050827,1.53554918905727,0,0,1.67776290603264,0,1.83602846758514,0,NA,NA,NA,NA
"483","13255",9.50379865884122,2.21279899337513,1.43628372390344,5.04187971070327,0,0,0.651733287655463,0,0.813908584485993,2.76146348459408,1.83482905567481,3.90350980266979,0.618193641283795,1.04487274013934,6.16732370627952,2.61244556544877,1.29973478898237,0.360270918593468,0.336023303897145,0.853046456462286,1.08282455784121,0.772258132141365,1.61693090020711,1.39852203204453,1.68669883699222,3.24564803663136,0.943065606867152,0.238815331313755,0.801459378439017,0.117698434111642,0.391171155201174,0.153593076292693,0.754934965686688,8.46497238058983,0.142872371776788,0.801481891027788,0.201675449932668,0.590517178000451,0.313600620985999,0.711202997622899,0.139924001181225,0.677131443243612,0,NA
"484","13257",9.50379865884122,0,0,2.83242606908575,2.39056201205549,0,1.95711502050744,1.78593868087755,0,0,0,2.12764383253898,4.29441930921484,5.01723797134268,4.38842444566754,0,0,1.23134158791388,0,1.38190629150669,3.52589220807957,0,0.623122254487795,1.78426597839038,1.12538754987896,2.59240001156629,2.23879971034701,0.387714002121026,0.360896634651254,2.08730921296591,2.25800937106275,0.296130272563852,3.69442528714914,0.671384458506217,0,0.203539287859175,1.29809800198407,0.702765783238056,1.50896455649999,0,0.285413183625881,NA,NA,NA
"485","13259",0,0,0,0,0,12.3954918704862,0,2.96971193825581,0,3.80489525837344,0,0,2.95527316809009,0,1.40371108613599,0,5.30896243795347,2.12450330475258,0,1.54472091135153,0,0.744607005299203,0,0,0,0,2.31996538714097,7.32681604632117,3.4858213043569,1.2087331909335,0.939333585168541,0,0,0,NA,NA,NA,NA,NA,NA,NA,NA,NA,NA
"486","13261",0,0,7.55196450982824,0,6.16742573435399,0.872189536431338,2.67549730377432,0.54598527309885,7.06920963342279,1.16899242243637,1.790366336483,2.49001917711378,2.94241482858185,0.344058681361015,0.415869680299861,5.42989359403294,1.49229583332986,1.27093356951169,1.04246453546092,0.50281470592004,0.228417974507882,0.877453519144811,1.26927060016791,0.229288202448578,0.253843727013437,1.7401759014714,0.658603138348034,1.56570376171469,0,0.0789882319185933,0.700367969209216,0.302041085542183,0.479900570625609,0.292070316848469,1.06151101835836,1.21640171573333,1.70068321253778,1.62676308254712,0.379032085732846,0.369601696065311,0.572061186104117,0.618731389295051,0.690352660852561,NA
"487","13263",0,0,5.35623193094833,3.68219830428101,2.59998000568502,1.94409350776793,1.55030372697974,2.54702509403468,0,2.01384928875771,0,0,0,1.32719496906425,2.97598109643417,2.80800675866741,2.30592799443347,0,0,2.56969311051363,0.825052331425924,1.59232409041414,0,0,0,0,0,2.04681862642277,4.80392237535827,3.96963064009759,0,0,0,0,NA,NA,NA,NA,NA,NA,NA,NA,NA,NA
"488","13265",0,NA,NA,NA,NA,NA,NA,NA,NA,NA,NA,NA,NA,NA,NA,NA,NA,NA,NA,NA,NA,NA,NA,NA,NA,NA,NA,NA,NA,NA,NA,NA,NA,NA,NA,NA,NA,NA,NA,NA,NA,NA,NA,NA
"489","13267",0,0,5.35623193094833,0,0,0,0,0,0,0,13.0113996646906,0,0,0,0,0,0,0,0,27.1827484122328,0,0,0,0,0,0,0,0,0,20.4178442551138,0,0,0,5.2450453375325,0,3.70108679428086,5.40724693088388,0,0,0,0,0,NA,NA
"490","13269",0,0,0,0,0,7.2728236210439,0,0,0,0,0,7.16293998229991,9.62701226467697,0,0,1.89221959982744,1.69457508342446,0,1.5991488934028,1.56714681360975,0,1.55264215444217,0,0,1.90310658747882,3.79405994818943,0,0,1.57441723043861,0,3.21959038171632,0,1.5028453580102,0,0,0,0,2.79864319663096,0,0,NA,NA,NA,NA
"491","13271",9.50379865884122,4.20373720110854,2.49543848965504,0,0,0,5.20617963863541,2.95115951097754,0,0,0,2.30784692940545,0,2.55533672040943,0,1.25684042343932,0,1.3191406085047,0,4.28945513107316,0,4.4729265119126,4.82075625343963,0,0,0,0,1.29826001097635,0.791021921773104,0,0,0,NA,NA,NA,NA,NA,NA,NA,NA,NA,NA,NA,NA
"492","13273",0,3.45810439938785,0,3.89806010231901,1.55543123520751,0,4.6707609952727,1.85614194906638,14.3536113621669,1.58524635390741,0,0.609699795366124,0.291439174269585,0.918014273151936,1.1657217874866,3.69477846249566,0.900421732321171,0.404186127521987,0.510934296032587,0.516390440062288,0.41675525548671,1.08702971028602,3.25507724430982,0.154927851280583,0.299411616267634,0.303087841667606,0.964017526148297,0.526467618492311,0.395652206080906,1.33975216228043,0.728921410852326,0.772793196771427,0.805951872713891,0,0,0.750260653480723,1.33266305352823,3.32368274579676,2.5364769391237,0.355400530911282,0.319259234337792,0.313106382665696,0.988136935489983,NA
"493","13275",0,11.0886817491692,7.55400012087862,1.42930154483701,0,1.79329428050052,1.60800829636417,2.84721652513662,1.22425485892668,4.4518685361787,0,0.688242475335431,2.79411838148441,1.63470670039124,3.20980041891858,2.87475487679284,0.145169716634408,0.392310941932557,0.130210954551192,1.52072193873349,0.447948869887722,3.09429980960441,0,0.437137117339355,1.72935110542398,0,1.05398024781997,2.29870388409587,1.45842199487838,0,0,0.152778681248885,0.713143090988979,2.27587477077378,1.10388028796957,1.72966280250339,0.801032311271325,0.190461646364556,0.194472643379192,0.846232094887328,NA,NA,NA,NA
"494","13277",0,0,7.55196450982824,0,7.18940147596885,1.59774926312428,0,3.12364280514346,0,2.09439982771019,1.53358882425371,0.711378140419358,1.3496067478252,0,2.62509612039936,0.31650944197999,1.2419451786631,1.50233760089162,1.14540758995486,0.278477066220134,0.568287050486164,0.899107784830101,2.75007060948991,0.870685988584026,1.08887351552748,0.773249214388098,0.254902906614749,1.05637007111972,1.63862841812993,0.279562809792172,0,1.60029283976397,0,0.760011862008939,0.840824409349001,0,0,7.19936476213969,2.95451234395859,1.54922399933411,0.979920641126223,0.215678368732567,1.04296978879702,NA
"495","13279",0,0,0,5.25744058045737,3.96894916870393,0,4.74879354611021,1.77508905830212,0,0,2.70159367685572,1.29193764876221,0,0,3.95649773630603,0,0,1.24015716439954,3.59279121118918,1.05957775143916,0.944115730873334,0.86923538124364,1.63557051259962,0,0,0,1.14961637065103,2.65224190903505,3.80015371669922,1.04530370962994,0,0.834177018503406,0,1.80778542428401,0.956158480064083,0,1.0936135093782,2.23672201433081,0,NA,NA,NA,NA,NA
"496","13281",0,0,0,5.25744058045737,0,0,3.77862808533394,0,0,0,13.5499376080069,0,0,2.09935131400524,0,2.73088037851432,1.66800142323899,0,2.89289516053564,0,0.646681961621977,0,0,0,1.20548194238199,0,0,2.59188133894555,0,0,0,NA,NA,NA,NA,NA,NA,NA,NA,NA,NA,NA,NA,NA
"497","13283",0,0,0,0,0,0,0,0,0,0,0,0,0,41.5359066678638,0,0,0,0,0,0,0,14.0040269714326,0,0,0,0,0,0,NA,NA,NA,NA,NA,NA,NA,NA,NA,NA,NA,NA,NA,NA,NA,NA
"498","13285",0,3.45810439938785,0,3.89806010231901,0.79241422213115,0,0,1.54619711876666,3.86198820085759,2.01285649988016,0.569495158338087,2.89693837815549,2.35975806799665,0.658756681627189,0.889124691289193,2.44151267789856,0.496963325991217,0.949573946615642,0.93168296251025,0,0.517945020044624,1.15383774894794,2.15585471696433,0,2.16040238260624,0.873818183373052,1.10366819510112,1.31336888345391,3.1050232538944,1.03315693997922,0.738526490334591,1.53267224725633,0.644598314003458,0,0.697846012855575,2.24214538613655,0.572538302562322,0.772938111598374,0.589021235911157,0.409355037859252,0.87819131695797,0,1.37256306478331,NA
"499","13287",0,0,0,5.25744058045737,0,0,0,4.20585389023139,0,3.53702359415177,2.84523961992502,11.7250822924111,0,0,1.26248057858074,1.18694595949319,2.26140625799767,1.05372524637607,2.83088919185001,0.411788994352898,3.21001393028377,0,1.14598368283537,0,2.02792011015402,0.58704345732104,0.3044762424725,1.58738233534867,0.965757684155867,0,0,0.817187548812919,0.477718883606901,0,0.708841788208758,0.858332800908585,1.93638383452929,0.988526850407461,0.962068829753268,0,0.978297538562629,0,0,NA
"500","13289",0,0,5.35623193094833,0,0,0,0,0,0,0,0,0,0,0,0,0,0,0,0,0,0,0,41.9272782064796,0,6.38923390914759,0,0,0,0,0,9.573674246408,0,2.86290200893655,2.16340121726629,0,0,0,2.02581719519908,0,0,0,0,0,NA
"501","13291",0,0,0,0,10.2861407168863,3.33068278606392,2.22968446962152,1.636296962708,1.31697828234986,0,0,1.29627459711824,0,0,3.99392521575931,0,6.63213735878992,2.32564910054175,0,2.2422717227629,4.22066629584521,0.950377148668132,0.407714123723009,1.4958201958219,0,0.754227578160847,0,0,0,0,0,0,NA,NA,NA,NA,NA,NA,NA,NA,NA,NA,NA,NA
"502","13293",9.50379865884122,2.21279899337513,0,0,0,1.40652728962918,0,6.74851111498861,3.82318623317765,7.03015583486188,2.81235632663805,0.333186162294356,2.90973640208718,1.51667902489789,0.756746648814995,0.708284227903005,1.04330846030201,9.3234430223863,0.656342561289166,0.290346465056938,1.43916507562979,0.464836500541473,0,0.330011053309485,0.313988819445531,0.679687425932558,0.601472895508798,0.292923699793636,0.523785935296433,0.20499962109933,1.41696249859133,1.28368923946399,0.797013712687756,1.3288804181336,2.02043449342513,0.23615869324307,1.14232263363088,2.18090553032758,NA,NA,NA,NA,NA,NA
"503","13295",0,3.45810439938785,0,0,0,2.39520173035497,0,2.73766253717827,4.74372371734523,0,0,0,6.06333324466997,3.51178471616132,0,0,0,1.66647349616197,3.37768343249303,6.11651104139787,11.243556643475,0,0,0,0,0,0,0.661893599152698,0.511483134538618,0,0,0,12.9650305361769,NA,NA,NA,NA,NA,NA,NA,NA,NA,NA,NA
"504","13297",0,6.38923392032348,9.50057681065498,0,2.64805458502435,5.58455698254846,1.31147680320984,1.03438223979184,0,1.33443593306356,1.75468241616097,0.434109492381742,0.44408021469175,0.929737206877772,4.05950843897152,0,1.10813729472336,1.70829997474209,2.44967381450086,0,0.796344596505076,1.05871999233813,0,0.603863375761422,1.01549171493627,0.379882590536648,3.57725916196823,2.79845688765092,3.01091991381929,1.06386192976775,0,0.526868517865186,1.77742573726037,1.7642062713773,1.01944532432483,0.492842028333023,0.492585519204564,0.172663827610013,0.57615767477252,NA,NA,NA,NA,NA
"505","13299",9.50379865884122,0,8.17299498612728,0,4.95981769698946,0.910533772752033,2.86105401921587,1.16080309015234,1.00819995342238,0,1.89227899654182,6.14956091180475,1.53377398935438,0.72804472958852,0.632475089502286,0.401814066741412,0.622419622410391,0.678326672267286,1.96478684537871,0.509664974821756,0.78241884776499,2.05767747076057,0.733859261651134,1.17179397534903,0.684057319688922,0.91144168657746,0.698271161060126,1.20154524641385,0.741641366880255,0.514485896954068,0.546821570949483,1.45370902580054,0,0.999127923315483,2.08153330667541,2.30542099629491,0.299622732316991,0.285869793611326,0.863139970109933,NA,NA,NA,NA,NA
"506","13301",15.495240879053,3.13230367769245,0,0,0,1.67413457710361,0,2.11142543703344,0,0,0,0,0,5.29528003051525,0,4.60836165821254,3.33908975779409,2.38701105188986,0,0,0,0,0,6.67929496477616,0,0,0,0,0,0,0,0,13.21467985162,0,0,NA,NA,NA,NA,NA,NA,NA,NA,NA
"507","13303",0,6.38923392032348,0,0,0,0,0,0,13.1995194424862,0,5.80812204008867,0,1.59219433736643,0,6.15222849440075,5.16169409133482,0,2.39939848046647,0,0.390692430792151,0.408996876302351,0,0,0.744590875610954,0,1.318988880265,1.5810065595388,0,0,5.30931460345673,0,5.99542752874736,0.877284102825582,0,1.95079186833248,0.608215517393868,0,2.52838494870271,0.626901016035676,0.626243499953217,0,0,NA,NA
"508","13305",9.50379865884122,4.20373720110854,2.49543848965504,0,0,1.6301609027909,0,0,4.20545428736094,0,0,1.96392492879904,0,0,2.25739175113242,2.26723304092543,2.05979422265312,0,1.69624172297521,0,0,1.85506519762733,0,0,2.58333557333128,0,0,0,0,NA,NA,NA,NA,NA,NA,NA,NA,NA,NA,NA,NA,NA,NA,NA
"509","13307",0,0,0,0,5.8621602337794,8.23997229269908,0,0,0,0,0,0,0,0,0,18.3690383041103,0,6.19342646247828,0,3.09233343634402,2.40997457218354,0,0,0,0,2.90399556019218,5.68204452001523,0,0,0,0,0,0,0,NA,NA,NA,NA,NA,NA,NA,NA,NA,NA
"510","13309",0,0,0,0,0,0,0,0,0,0,34.1314925026599,0,0,0,0,5.86164057065111,0,0,0,0,0,0,0,0,0,0,0,0,40.6827771993651,0,0,0,5.25734948726255,0,0,0,NA,NA,NA,NA,NA,NA,NA,NA
"511","13311",0,0,0,0,0,12.3954918704862,0,0,0,0,3.09820050848904,0,12.2386649901849,1.45161262717466,1.01348605444211,0,0,0,0,4.01072333416896,0,1.46589507394782,6.0421059665448,0,0,6.36412588670532,0.486881386303746,0.817342191051148,1.10310641249358,0.699637753492089,0,0,4.30975646683597,3.0908771214079,0.950216092812428,0,1.03138655198025,3.57594053281007,0,0.206495442393062,NA,NA,NA,NA
"512","13313",0,0,5.35623193094833,1.92565806162216,1.50598871372843,0,2.40436882766911,0,3.22926130482774,0,4.35707774383058,0,0.660703763514844,0,0.691227516658023,2.92413442050596,0,0,3.0608949381704,0,0,1.55393695191985,2.33848878798117,1.46042839107745,1.32622335303701,3.92197614060584,1.33980447803229,0,0.72409928024072,0.368717615069343,2.66548224041926,2.17114415633226,0.978185853412309,0.300470030255812,0,1.85045304669779,1.86072852676396,1.19538203216906,5.9667669814523,1.45696147274301,0.999093632184137,0.24822516841481,0.716112363611935,NA
"513","13315",0,0,5.35623193094833,0,0,3.32949567636171,0,0,8.02313760810791,0,0,16.4150603656663,0.989460448991337,1.33030027654317,0.266520926359056,1.21001825811397,0.474590865457063,0.98643962157246,0.785189535304064,0.282617617861768,0.313702076557771,2.06291820799895,4.2396534174704,1.08403046628549,0,0,0.933168702886684,3.98815241801245,0,0.210539846975005,0,0,0,0,NA,NA,NA,NA,NA,NA,NA,NA,NA,NA
"514","13317",0,0,0,0,0,7.2728236210439,0,0,4.70434220762983,0,0,3.30627599667794,2.85507263576327,0,0,2.2543838602566,0,0,0,5.7931558540067,0,4.29320772534727,1.64345800268191,0,6.49591961200051,0.800995510649944,0.65674889742738,1.16948784511162,0.55485604786237,0,0,0.767630276321493,0,0,1.64274161817801,1.93435571996933,0,0,0,0,NA,NA,NA,NA
"515","13319",9.50379865884122,0,0,2.83242606908575,0,2.39868300884941,0,2.23027981652849,7.14560992580204,0,2.03274259856385,0.852442850399011,0,0.803943265445842,1.68240576987454,2.49817054336451,1.51939931008499,0.682799597490384,0,1.30235200414041,0,0,4.22140949558069,1.57776627288281,0.701328643780611,0.640027076172221,0.615901630858525,1.23642026899653,0,0.708388310916096,0,0,0,1.60845369161254,NA,NA,NA,NA,NA,NA,NA,NA,NA,NA
"516","13321",5.3593048205652,2.69871990544466,0,1.53357174155489,2.66047710775947,1.16327875113036,2.05439542439644,0.910734692447461,11.2813680065759,0,0,0.529364718482732,1.29588158889363,0.268676613993776,0.877663286915249,4.65985674200598,2.18437523462266,0.790646102781514,1.1866540593892,0.465852203613556,0.914653379294338,1.08579869678444,1.26727980943181,0.801031194695826,1.28165593846612,0.635867515876413,0.484557229947625,0.341665907286146,1.29568139960632,0.201564369541825,2.76318893816444,0,0,0.460479504904,0.260083781896674,0.616107454012318,0.374912281672334,2.21143945169868,1.83917547709875,2.50374042389481,1.06379803241308,0,1.51875139524461,NA
"517","15001",0,0,3.7296424389009,1.4584513226256,5.51782837393427,0,1.38848683626664,1.81704966980711,0,1.6338615285506,1.06911331733881,1.05466676766428,0,0.56680839340646,0,0,4.34335492424391,0,2.43506297700553,5.14315742651952,0.481126549705119,0.40331377629442,0,0,0,9.68422162885104,0.364750361623389,0.578119909184114,0,0.746124325181311,0.264258133935431,0.303675945323443,0,0.480849301183756,0,0,0,4.65146142695131,0,0,1.54312208260108,1.47710923812473,NA,NA
"518","15003",0,2.90865516125909,0,1.07361122142804,0.817240140345512,3.12854282642041,0,1.30991185150708,1.3336315537309,1.41972999332344,1.828342990401,3.46548433227499,1.48462341436944,0.651281901340204,0.43873252426346,0.788026641942948,0,1.02547309076741,0,0.574902056172188,0.534473910713848,0.182719288672589,0.656967963758203,1.39683342217143,0,0.631022317414533,1.54037071616463,0.537780693244739,0,0,0.75127105264577,0.302285752832584,1.10320554913423,1.27543423753363,0.46094640860336,0,0,1.85274385904525,0,0.7797236606089,0,0,0,NA
"519","15007",0,0,0,1.91234480540149,5.05793852974922,6.9700960847639,0,0.618277765834425,0,0,0,0.862202974265665,2.18764797929722,1.23594844614666,1.23473520067417,1.14762205519859,0,0,0,1.52044982826208,3.39249943893645,0,0,0,0,0,0,0,0,0,0,0,0,0,0,0,0,0,0,0,0,0,0,NA
"520","15009",0,0,0,2.51160746374791,0.598822151332636,1.18867323570259,0,2.47369519256361,2.84646342971228,0,0.474723118796262,4.32153069896025,0.733599398797381,1.59591931524379,0.289223028160436,1.11259788207896,0,2.62139621813927,0,2.58427529630577,4.39281023956311,0.387502717677024,0.335773110350713,0.63625806803351,0,0.553229048640861,1.89673549219845,0.463078582043304,0.499439399716283,0.534067756403439,0,0.662423367328755,0.387635621182074,0,0,0.78134599637211,1.95150323942172,0,1.20366329636804,0,1.32616464982895,0,0,NA
"521","16001",2.12139763391122,3.39917787549562,1.87678926243038,4.03638391560888,2.9038767481264,3.10244874988748,1.70188870530841,1.78662571077839,5.29655226070582,0,4.44351307288601,0,1.38559969401942,0.605404969038456,0.409572011218239,0.434742550283997,0.541549830069893,0.296309467250555,1.81482472605409,0.736081057229557,0.173060138958204,0,1.09713236165638,0,1.96298635531797,0.65727422187884,1.28293714900835,0.379239820214051,0,1.51517336876957,0.539230945929979,1.24552476158395,0.700318411725476,0.828786234383094,0,0,1.6657469143411,0,1.60231823629601,1.84970989456261,3.96623930723801,0,0.610894318055056,NA
"522","16003",0,0,0,0,0,0,0,0,0,0,0,0,0,0,0,0,0,0,41.9272111630765,0,0,0,0,0,0,0,0,0,0,0,0,0,NA,NA,NA,NA,NA,NA,NA,NA,NA,NA,NA,NA
"523","16005",0,0,2.86085361663031,0,2.22230697874396,0,0,2.33346284087492,0,0,0,3.35295614812653,0,0,0,0,0,0,0,0,0,0,0,40.7182984990785,0,0,0,0,0,0,0,0,0,0,0,37.0168063027563,0,3.45006011497909,0,0,0,0,NA,NA
"524","16011",0,0,0,0,0,0,0,0,13.2287174018193,0,0,0,0,0,0,0,0,0,0,0,0,0,0,0,0,41.9215156064074,0,0,0,0,0,0,0,0,0,0,0,0,40.6838341098687,0,0,0,0,NA
"525","16013",6.85371719797014,0.253232072846068,0.733427109093412,3.79473232856488,3.04619788016023,0.543086937630845,1.18091305938071,1.15018236754717,3.9250340557538,1.8586331631048,1.19632350430099,3.32879151183357,1.52169977977603,0.121656910197982,0,0.324722302234823,0.144661956932539,0,0.871328106652472,0.388537755950537,0.169875537481935,0,0.544992366788916,0,2.27000473036886,0.911845104377294,0.475649918583133,0,0.268598531943595,0.610104519077857,0.714062988151371,2.03555973182291,1.67724987523137,0.404166571781222,0.781215241577946,0,2.04219091343184,0,0.458709733907511,0,0,0,1.03856082191986,NA
"526","16017",0,0,0,0,0,7.2728236210439,0,0,4.70434220762983,0,0,0,3.71908272122964,0,0,0,0,0,0,0,0,0,0,0,0,0,0,0,0,0,0,0,0,0,0,0,NA,NA,NA,NA,NA,NA,NA,NA
"527","16019",0,6.38923392032348,0,0,0,3.29105432191909,5.65363726839899,2.08134543577395,0,0,1.43376652289741,0,5.82903645742829,0,1.0862707309993,0.984786392319625,0.931563670064707,1.79363787959432,6.02428569841002,0,0,0,0,0,0,4.64597006868586,0,0,0,0,0,0,2.96223368758117,0,0,0,0,NA,NA,NA,NA,NA,NA,NA
"528","16021",0,NA,NA,NA,NA,NA,NA,NA,NA,NA,NA,NA,NA,NA,NA,NA,NA,NA,NA,NA,NA,NA,NA,NA,NA,NA,NA,NA,NA,NA,NA,NA,NA,NA,NA,NA,NA,NA,NA,NA,NA,NA,NA,NA
"529","16025",0,0,0,0,0,0,0,0,0,0,0,0,0,0,0,0,0,0,0,0,0,0,0,0,0,0,0,0,0,0,0,0,0,0,NA,NA,NA,NA,NA,NA,NA,NA,NA,NA
"530","16027",15.495240879053,5.82912529023472,0,8.43719493659797,5.90105614247681,0,0,4.71280078739715,1.67722294959484,0.878103838726825,2.27288463046312,1.43951203548836,1.16168125049876,1.06716312688252,0.206360335043935,0.321195059248124,1.15985984446324,0.882212077802458,2.35230801127136,0.756651587226442,0.122601939552756,1.10747577982152,0.754277497972325,0.788119758811409,1.89508039198281,0,0.84849617711356,0,0,3.76766509223434,0.923778656038834,1.70724187836036,0.618446954211874,0.727486937236887,0.29009985119719,0,2.90289339138504,0,0.372098416509095,0.595504871661034,0.645388308952676,0,2.16422179914636,NA
"531","16029",0,0,0,0,0,0,0,0,0,0,0,0,0,0,0,0,0,0,0,0,0,0,0,0,0,0,0,0,0,NA,NA,NA,NA,NA,NA,NA,NA,NA,NA,NA,NA,NA,NA,NA
"532","16031",0,0,0,0,0,0,0,0,0,0,37.6298754659942,5.29939835592071,0,0,1.92503225438208,0,0,2.19181814404555,2.24901363732687,0,2.06609315315767,3.5734613337272,0,0,1.38650385962891,0,0,0,2.42777636596524,0,2.96454885301923,0,0,0,0,0,0,0,11.8760674674669,0,0,0,NA,NA
"533","16037",0,0,0,0,0,7.2728236210439,0,0,0,0,0,0,0,0,0,0,0,0,0,0,0,0,0,0,0,0,0,0,0,0,0,0,0,0,0,0,0,0,0,NA,NA,NA,NA,NA
"534","16039",15.495240879053,0,10.5027785461626,0.995893414547397,0.724300521023231,0,0.616242257760538,1.29690163919511,0,1.57697740605147,0,0,0,0,3.47341710519603,0,0,5.72227311245178,1.50195514805363,0,2.20069944990722,0.990946023417359,5.75221297264782,0,0,0,0,0.72173159831416,0,0,0,0,0,0,NA,NA,NA,NA,NA,NA,NA,NA,NA,NA
"535","16043",0,0,0,0,0,0,0,0,0,0,0,38.5206446780483,0,0,0,0,0,0,0,0,0,0,0,0,0,0,0,0,0,0,0,0,0,0,0,0,0,0,0,NA,NA,NA,NA,NA
"536","16045",0,11.0886817491692,2.86173001875628,1.86253776518953,0,2.53302204302907,1.12712601591297,0,0,1.22147444620411,0,0,0,2.5925346373724,0,0,0,0,4.99731142365978,0,0,0,0,0,0,9.62248349071885,0,5.47615627622245,0,0,0,0,0,5.40198334496895,0,0,4.58678019146013,NA,NA,NA,NA,NA,NA,NA
"537","16047",0,0,0,0,10.2861407168863,0,2.72387774621534,2.0899797772899,0,0,0,0,0,6.86662389292764,0,0,2.54970650470499,0,0,0,2.88112693882044,0,0,0,0,0,0,15.2037281433436,4.23045059184565,0,0,1.90504949942836,NA,NA,NA,NA,NA,NA,NA,NA,NA,NA,NA,NA
"538","16049",0,0,0,0,0,7.2728236210439,0,0,4.70434220762983,3.51939400008699,0,2.29822941137397,0,0,0,0,0,0,0,0,0,0,0,0,0,0,0,0,0,0,0,0,0,0,0,0,0,0,0,NA,NA,NA,NA,NA
"539","16051",0,0,0,0,0,0,0,8.40581537701601,0,0,0,0,5.81248189769313,0,0,0,0,0,0,0,0,0,27.4156608899554,0,0,0,0,0,0,0,0,0,0,0,0,0,0,0,0,0,0,NA,NA,NA
"540","16053",0,13.0012304148575,1.32205632822321,2.61108709786958,1.30532750867037,0,2.59195302037051,0,0.496226599569304,2.51239375074466,1.89067819799802,0.434662093092677,0,0.438205980105167,0,4.27485024930776,1.50470697674818,1.32630430454257,0,0,0,0,0,1.00211959021996,1.4365574878938,0,0,4.46361271300949,0,4.93755086503115,3.58717538082487,0.888772697990063,0,1.39493012025719,NA,NA,NA,NA,NA,NA,NA,NA,NA,NA
"541","16055",9.50379865884122,2.89939156114278,0,0.783216582072265,0.729826816120604,0.739786335511758,9.35805131980888,0,1.02965092279764,0.298700909608187,0.290473919614914,1.79982833617017,0,1.03475939087914,0.74557635705452,0.402283848028827,0,0,0,1.66690620761613,0,1.26990937439298,0,0,5.00062477457595,1.44334447687962,1.222369055364,0,1.0531826321329,1.05517561342058,1.07667506535458,5.81950053174329,0,0,1.27918535942548,0,0,0,0,1.54395999560956,0,0,0,NA
"542","16057",0,0,0,0,0,7.2728236210439,0,0,4.70434220762983,0,0,0,0,0,0,0,0,0,0,33.871640910885,0,0,0,0,0,0,9.82324568056773,0,0,0,0,0,0,NA,NA,NA,NA,NA,NA,NA,NA,NA,NA,NA
"543","16059",0,0,0,0,0,0,0,0,0,NA,NA,NA,NA,NA,NA,NA,NA,NA,NA,NA,NA,NA,NA,NA,NA,NA,NA,NA,NA,NA,NA,NA,NA,NA,NA,NA,NA,NA,NA,NA,NA,NA,NA,NA
"544","16061",0,0,0,NA,NA,NA,NA,NA,NA,NA,NA,NA,NA,NA,NA,NA,NA,NA,NA,NA,NA,NA,NA,NA,NA,NA,NA,NA,NA,NA,NA,NA,NA,NA,NA,NA,NA,NA,NA,NA,NA,NA,NA,NA
"545","16063",0,0,5.35623193094833,3.68219830428101,4.89633064771476,0,2.77709160400358,2.23018844436819,0,2.58576029730055,0,0,1.67885761295123,0,0,1.17495886624765,0,0,0,0,3.52131722238402,3.60335607782345,0,0,2.6086692869869,6.24894485919819,0,1.28449522101228,0,0,2.49097626153547,0,3.88312633908792,0,2.11086509936896,0,0,NA,NA,NA,NA,NA,NA,NA
"546","16065",9.50379865884122,0,0,0,0,0,0,0,20.6923956386044,0,0,0,0,0,0,0,0,0,16.2495060835189,0,0,0,0,0,16.1947554375048,0,0,0,0,0,0,0,0,0,0,0,33.1352430031586,0,6.36182675602326,3.7278100653826,2.47350411769998,0,0,NA
"547","16067",0,0,0,0,0,12.3954918704862,0,0,0,2.70910672702425,0,0,2.91270731316244,2.72541865988137,0,5.93060182742115,0,1.27112399655664,0,0,0,0,0,0,0,0,0,23.2402501653586,0,0,0,0,0,0,NA,NA,NA,NA,NA,NA,NA,NA,NA,NA
"548","16069",0,14.6904074042041,0,0,0,6.83089186389418,0,4.26961496860093,0,0,0,0,1.68323682178933,1.95500013377328,1.02747430193051,1.00247469682016,0,0,0,1.36648584036803,0,10.9499970624032,2.03491958936863,0.718848911566263,0,0,5.40943004248676,1.80551722315717,3.84466393502337,0.801907133478759,0,0,0,0.293296573592304,0,0.552798171450516,0,0,0,19.2497908245325,NA,NA,NA,NA
"549","16073",0,0,0,0,5.8621602337794,0,0,0,0,0,0,15.6544974638105,0,0,0,0,0,0,0,0,0,0,0,35.6258357156684,9.37391014104941,7.62823419267714,0,0,0,0,0,0,0,0,0,0,NA,NA,NA,NA,NA,NA,NA,NA
"550","16075",19.617755579559,0,0,0,0,0,4.28640347266361,4.06633738435411,0,0,1.3785610099633,0,0,0,4.29365410229475,0,0,0,2.38529365426633,0,2.51080598378765,0,0,0,0,3.85368256541803,0,0,7.3768204863479,0,0,0,2.28913796018642,0,4.61073942553421,0,0,0,2.01586363145951,NA,NA,NA,NA,NA
"551","16077",0,0,0,0,0,0,0,0,0,0,0,0,0,0,0,0,0,0,0,0,0,0,0,0,0,0,NA,NA,NA,NA,NA,NA,NA,NA,NA,NA,NA,NA,NA,NA,NA,NA,NA,NA
"552","16081",0,0,0,0,0,0,0,0,0,0,28.780203310455,0,0,5.34336704983465,0,3.29730142851467,0,2.49489617913469,0,0,0,0,0,0,7.49949758573472,0,5.30289607480661,0,0,0,0,0,0,0,0,0,25.9584210727366,0,0,0,0,0,0,NA
"553","16083",0,0,0,0,10.2861407168863,0,0,2.51823676293676,4.10126283296082,3.08101310466799,17.1910555765658,0.345767281890767,0.238657462220156,0.798471053857318,0,3.07410965450021,0,0.390035778889331,2.92469630852653,0.549613516200872,0.353493998554868,0.712348443266774,0,0,4.7550581141199,0.225869150416923,2.05042315900502,0.905185936381193,0.335179877516924,0.988803171924333,1.48889878143717,1.15287171138838,1.60183407269576,0.461868283759357,0.610015975658003,0,1.54822845087821,0,1.04978254117843,2.43712644178795,3.05207979164941,0,1.8814780111879,NA
"554","16085",0,0,0,0,0,0,0,14.0040270250776,0,0,5.20437410910821,0,0,0,0,0,0,0,0,0,0,0,0,0,0,0,0,0,0,0,0,0,0,0,0,0,0,0,0,0,0,0,NA,NA
"555","16087",0,0,0,0,0,0,0,0,0,0,0,0,0,0,0,0,0,0,0,0,41.9273037904936,0,0,0,0,0,0,0,0,0,0,NA,NA,NA,NA,NA,NA,NA,NA,NA,NA,NA,NA,NA
"556","17001",0,0,0,0,0,0,9.82330751988082,0,0,0,0,0,7.23446814202734,0,16.6925121523553,0,0,0,15.3732591715813,0.369314673226528,0,0.231605823195375,0.230169905374495,0,0.63116158482644,0.408128070959311,0.535856274327554,1.97633265681223,0,0,0,0,3.6479552423327,0,0,1.41755628404717,8.25919220427745,0,0,0,0,0,0,NA
"557","17003",0,6.38923392032348,0,0,0,0,0,0,7.832702021354,0,0,0,0,0,7.23123660971099,0,0,NA,NA,NA,NA,NA,NA,NA,NA,NA,NA,NA,NA,NA,NA,NA,NA,NA,NA,NA,NA,NA,NA,NA,NA,NA,NA,NA
"558","17005",0,6.38923392032348,0,3.09723040497987,0,0,0,0,0,0,0,11.6170653741381,0,0,0,0,0,0,0,0,0,0,0,0,0,0,41.818999890884,0,0,0,5.25743754165947,0,0,0,0,0,NA,NA,NA,NA,NA,NA,NA,NA
"559","17007",3.73187737416727,0,4.33051831695596,0,0,0,0,7.46334810693555,0,2.57525992741595,1.38843026008532,1.74438447960386,3.78935227743727,0.385030981895836,1.01691236334484,0.635248871322293,1.84343353187232,3.60364192263542,1.3898947358194,2.11246225254376,0.814102691729736,0.445782664492122,0.294894737050488,1.23865444339512,1.46092182180079,2.39947503657391,2.28098537552531,1.09639986128384,0.648191874293052,NA,NA,NA,NA,NA,NA,NA,NA,NA,NA,NA,NA,NA,NA,NA
"560","17009",0,0,5.35623193094833,NA,NA,NA,NA,NA,NA,NA,NA,NA,NA,NA,NA,NA,NA,NA,NA,NA,NA,NA,NA,NA,NA,NA,NA,NA,NA,NA,NA,NA,NA,NA,NA,NA,NA,NA,NA,NA,NA,NA,NA,NA
"561","17011",0,0,0,0,5.8621602337794,0,0,4.2688406547888,0,0,0,3.70008825681131,0,0,3.6065796677362,0,3.01903365334272,0,2.46008804410568,0,0,2.35753385283842,0,0,0,0,0,5.89757874223037,0,4.7548956127145,0,2.97418912907268,0,0,0,2.84382255684383,2.8102727523182,0,NA,NA,NA,NA,NA,NA
"562","17013",0,0,0,0,0,0,0,0,0,0,0,0,0,0,0,0,0,0,0,0,0,0,0,0,0,0,0,0,0,NA,NA,NA,NA,NA,NA,NA,NA,NA,NA,NA,NA,NA,NA,NA
"563","17015",0,0,5.35623193094833,3.68219830428101,2.59998000568502,0,0,0,0,0,3.72507515746511,0,0,0,0,0,0,0,0,0,27.447801828117,0,0,5.33539563062567,0,0,0,6.84911284317586,0,0,0,0,0,0,0,8.255161645913,0,NA,NA,NA,NA,NA,NA,NA
"564","17017",1.9528485272007,1.10963655179404,6.40215954053807,1.88556441375191,2.08901984419237,0,0.537585441490971,0.547869749114422,1.17229817918388,0.319929633350118,2.06445022535419,0,0,NA,NA,NA,NA,NA,NA,NA,NA,NA,NA,NA,NA,NA,NA,NA,NA,NA,NA,NA,NA,NA,NA,NA,NA,NA,NA,NA,NA,NA,NA,NA
"565","17019",5.3593048205652,2.69871990544466,0,7.77880656132808,0,0.735180035154495,5.83688726987171,0.877611958031643,1.0785851748776,2.15274539097755,2.59128286247283,1.723035506137,0.742924932628209,0,1.22310639022862,0.901360910770921,0.382076835559135,0,2.33198855347891,1.42568797432074,0.234099357864206,0.237331448123784,0.25320019543798,0.569375236362365,0,0.830403271904228,0.512562066266696,1.22216216268981,0,1.51498560453073,0,1.69645012574142,2.49680449329862,0,2.20850963234218,1.34063421032156,3.99292043777698,2.64958585382143,3.28588946277314,3.10106892607529,2.28969588451697,2.7978786396015,0.5343070797992,NA
"566","17021",0,0,0,0,0,0,25.3547223845444,10.041614914606,0.83246198400663,0.578704724904336,0.487282903374035,0.926569354845432,0,1.59179559889302,1.14300021010015,0,0.654285182425518,0,0,1.02416305840727,0,0,0,0,0,0,8.27057817877306,0,9.56998528474002,0,0,0,2.12334273696578,2.09702140075039,0,0,0,4.78488582524616,0,0,0,0,0,NA
"567","17023",0,0,5.35623193094833,0,0,0,0,0,6.12109975382502,0,0,0,0,5.67350194429153,0,0,0,0,0,0,0,0,0,0,0,0,0,0,41.8189705581036,0,0,0,5.25743754158388,0,0,NA,NA,NA,NA,NA,NA,NA,NA,NA
"568","17025",0,0,0,0,0,0,0,14.0040270250776,0,0,0,0,0,0,0,0,0,0,0,0,NA,NA,NA,NA,NA,NA,NA,NA,NA,NA,NA,NA,NA,NA,NA,NA,NA,NA,NA,NA,NA,NA,NA,NA
"569","17027",0,0,1.95162457285785,0,1.67583456301121,0,1.79625828992331,0,1.9450335535998,1.88522682291083,0,0,3.61755556187387,0,1.63405984805024,0,3.06050129018835,0,16.4798317114098,2.1622371293625,0,0.47268117645487,0,0.243791378713168,0,1.13428411082458,0.966582793339379,0.581626619905392,0,0.736439860002582,2.33252950486551,1.51234479092069,11.5735924501656,2.68150230839264,0.405820675372454,0.166960238161619,0.784684663267883,1.72098797136649,0.789837626305117,0.649051994177859,0,0.379731918284116,0.437036916595075,NA
"570","17029",0,0,7.55196450982824,1.66479855188028,0,2.23164057385735,0.995617069489355,0,0,5.06364908129692,1.74536325959226,0,0.695422432074209,0.682541155072863,0,3.05823668750426,0,0,0,0,0,0,0,0,0,0,NA,NA,NA,NA,NA,NA,NA,NA,NA,NA,NA,NA,NA,NA,NA,NA,NA,NA
"571","17031",1.71319078508023,2.21496495434593,1.28669720830451,0,3.5513824419471,1.4054552216312,2.66314467481155,0.764385483919924,1.82143183649817,1.37427612960735,0.811052396305811,0.980781985749923,2.30787737756281,0.956285529899283,1.0440220630567,0,2.60223043642708,0,2.67305089299794,1.18663823900371,1.33481023222093,0.935501949796976,0.849520301518301,0.96534191069279,0.772237219483532,1.31098976641994,1.01474759516614,0.886838598751663,0.841505040532346,1.10334179122212,1.38620036795192,1.2505170734382,1.69168019825411,1.25079466190442,1.21619019757684,1.03615488040537,1.07355599967297,0.998262543166919,1.12055490306263,1.4456627418701,1.01074640627567,1.30824074601974,0.836134516470311,NA
"572","17033",0,0,0,0,5.8621602337794,4.56895436484149,5.88785508004564,0,0,0,0,0,0,0,0,0,0,0,34.4551334181272,0,0,12.7908869933677,2.30228208135451,2.9682334418591,0,0,0,0,0,0,0,0,0,0,0,NA,NA,NA,NA,NA,NA,NA,NA,NA
"573","17035",0,0,0,0,0,0,0,0,0,0,0,0,0,0,0,0,0,0,41.9271145325661,0,0,0,0,0,0,0,0,0,0,0,0,0,0,41.8189999421519,0,0,0,0,0,0,0,0,20.1118374366667,NA
"574","17037",0,0,0,0,13.7433627509621,0,7.00110273378644,0,4.25588942272985,3.06698959873108,0.939108902206154,0,1.16239212240683,1.15542764191398,0,0,4.67831525976329,0,0,0.42158352654652,0.452662866575553,0,0.63283666358556,1.54477114095914,1.73118961249322,5.44453279154242,4.35276997591218,0.386183348395097,0,0.305971658775729,0,0,5.42246433197392,1.26700674537387,0,1.69868806796065,1.82751611958207,2.14899812619167,1.17972188868428,2.07724201468034,1.6247724897409,1.72654266319339,0.699951557455319,NA
"575","17039",0,6.38923392032348,3.73038711983005,0,0,2.14269673413943,0,0,0,0,0,0,0,0,0,0,0,0,0,0,0,0,0,0,41.9271140001802,9.50379713836091,0,0,0,0,0,NA,NA,NA,NA,NA,NA,NA,NA,NA,NA,NA,NA,NA
"576","17041",0,0,0,0,0,12.3954918704862,13.891108255663,0,0.962714461672127,0,0,0.86973436920229,0,0,0,2.36601670754566,0,0,0,0,0,6.61685526077874,0,0,0,0,0,0,0,0,0,27.4507549618479,9.03570642058523,0,0,0,5.54240814997642,6.06440095447467,1.37952881888137,0,NA,NA,NA,NA
"577","17043",2.34953262325417,0.668166307660291,1.71712293704545,0,3.2546902276401,0.13145665789592,2.90433825196958,1.61690795767855,1.10549676970105,0.998283450338023,1.44153042365516,1.25686730872934,2.02042530050062,1.34344524109835,1.09482273142919,0,2.75209653354733,0,2.12302603157516,0.608550889962197,1.65850572188988,0.843524871415113,1.18482792540251,0.957145994149339,0.980881172100759,1.22228744457831,1.01892721028571,0.655847757207115,0.829331526921335,1.31725309550002,1.06520422898899,1.26860920362658,2.07256704409494,1.01707036596443,1.34238658704319,1.72003991689741,0.921647454711321,1.07714784768128,1.60837594828965,1.25474207239234,1.18830228908402,1.14422440914854,1.17014270538056,NA
"578","17049",0,0,0,0,5.8621602337794,0,4.26509821608114,0,0,0,0,0,5.38258356179296,0,0,0,0,5.65729724924144,0,0,0,0,0,0,0,13.8624871872846,0,0,5.20396451301875,0,0,NA,NA,NA,NA,NA,NA,NA,NA,NA,NA,NA,NA,NA
"579","17051",0,0,0,5.25744058045737,0,0,0,0,5.09017922955181,0,4.16824990099874,0,7.55342441002195,3.2563610419212,2.23728103946101,0,0.78377564713733,0,0,0,1.36846758688555,3.27542561775534,0,0,0,0,2.22272979270437,0,0,0,0,0,0,0,0,0,0,NA,NA,NA,NA,NA,NA,NA
"580","17053",0,0,0,0,0,0,0,20.9954278164577,0,3.31412581108219,0,0,0,0,0,0,0,10.3589883705903,0,5.77051250006736,0,0,5.58446260908839,0,1.94580236127292,0,0,0,4.23127206327729,0,0,0,0,0,NA,NA,NA,NA,NA,NA,NA,NA,NA,NA
"581","17055",0,6.38923392032348,0,0,0,0,0,0,0,11.9088792851726,0,0,0,5.19370785499345,0,3.69821753197995,0,0,0,0,3.9372985937209,0,0,0,4.51289606280174,6.8848234275066,0,0,0,0,0,0,0,0,0,18.353305845052,8.4573166387285,0,NA,NA,NA,NA,NA,NA
"582","17057",0,0,0,0,0,0,0,0,0,0,0,0,0,41.5359066678638,0,3.45774273494973,0,0,0,0,0,0,0,10.3590568940985,NA,NA,NA,NA,NA,NA,NA,NA,NA,NA,NA,NA,NA,NA,NA,NA,NA,NA,NA,NA
"583","17059",0,0,0,0,0,0,0,0,20.1118374377734,0,0,0,0,0,0,0,0,0,0,0,0,0,0,0,0,0,0,0,0,NA,NA,NA,NA,NA,NA,NA,NA,NA,NA,NA,NA,NA,NA,NA
"584","17061",0,0,0,0,0,0,0,0,0,0,0,35.6259752547784,0,0,0,0,0,7.27275606910493,0,0,0,0,0,0,NA,NA,NA,NA,NA,NA,NA,NA,NA,NA,NA,NA,NA,NA,NA,NA,NA,NA,NA,NA
"585","17063",0,0,5.35623193094833,0,3.29763030713821,0,2.49490412867621,0,2.16268759578488,3.77953873724248,2.95808663544345,0,0,0,3.43378216260659,0,3.27801531104338,1.88062588546937,3.03728037170843,0,1.66087381401255,0,0,0,1.49454084253554,0,0,0,0,0,6.18620532835577,0,4.81302869153799,0,0,2.95001876587588,3.75673323678837,1.98418386416994,3.06586911952629,1.19938292628939,1.49742015183655,NA,NA,NA
"586","17065",0,0,5.35623193094833,0,0,0,0,0,0,0,0,0,0,0,0,0,NA,NA,NA,NA,NA,NA,NA,NA,NA,NA,NA,NA,NA,NA,NA,NA,NA,NA,NA,NA,NA,NA,NA,NA,NA,NA,NA,NA
"587","17067",0,0,0,0,0,0,15.9172924009947,0,0,0,0,0,3.97023063155028,0,0,0,0,0,7.05632186849355,0,0,4.70160967247962,0,6.01407700671305,0,1.87192761386669,NA,NA,NA,NA,NA,NA,NA,NA,NA,NA,NA,NA,NA,NA,NA,NA,NA,NA
"588","17069",0,0,0,0,0,0,0,0,0,0,0,0,NA,NA,NA,NA,NA,NA,NA,NA,NA,NA,NA,NA,NA,NA,NA,NA,NA,NA,NA,NA,NA,NA,NA,NA,NA,NA,NA,NA,NA,NA,NA,NA
"589","17071",9.50379865884122,0,0,0,0,3.5182408882082,3.36908651324275,0,0,0,0,0,0,6.65293198326392,0,0,0,NA,NA,NA,NA,NA,NA,NA,NA,NA,NA,NA,NA,NA,NA,NA,NA,NA,NA,NA,NA,NA,NA,NA,NA,NA,NA,NA
"590","17073",9.50379865884122,0,0,0,2.96787517096382,2.73520556310784,6.286929792313,0,1.21290031941801,2.06368662971372,0,4.95608105204063,0,2.93616573271652,0.500927449193482,0,0.476218331248783,0,1.23482033266919,0,2.55188233326593,1.72338712408462,0,0,0.856324770854878,0.928263294036156,1.01409104451729,3.09691460547512,0,0,0,2.15495357053735,1.13168613457728,6.06887525187896,2.93259270664937,0.547027697990474,0,1.31938606351246,NA,NA,NA,NA,NA,NA
"591","17075",0,6.38923392032348,0,3.09723040497987,0,0,4.59525146012621,0,1.85277959869999,1.65375680662866,0,1.48135002190064,0,0,1.82337537611297,1.93325003100013,0,0,4.01952848833466,0,1.71397542112179,0,1.60988652733991,0,1.69662599192484,0,0,2.14602605744327,2.17929252398338,3.82065327366978,0,2.65613734380307,5.08407389388366,1.48682983997793,2.28945120973196,2.67868445882279,0.366926573204195,1.31054647152992,NA,NA,NA,NA,NA,NA
"592","17077",0,0,0,0,0,7.2728236210439,5.45943948707598,0,2.89660242275458,0,4.0088006592853,3.14573615799049,2.3967963171835,1.86232396208523,1.51364759947624,0,4.70346519832888,0,2.17349592762357,1.14893975678605,0.354648967540237,1.70863787314443,0,1.05353994336889,0,0.424601164160098,0.978784962177693,0,1.32337367466945,2.80560979644842,1.31367863644494,1.7450340788224,1.51459525229697,0,4.51319284032867,0.34693667199371,2.1121341337435,1.81662117564763,5.11151044161208,1.94480854459272,0.590538286221368,1.42341416848865,0.0944495445264757,NA
"593","17079",5.3593048205652,2.69871990544466,0,0,0,0,0,0,0,0,0,0,30.4268363970029,19.2048575505574,18.8977920006268,0,5.79456681771866,0,0.810621673960842,0.18934600923664,0.197769907082243,0,0,0.772060057609011,0,0,0,1.46428444347487,0,5.94943261059568,NA,NA,NA,NA,NA,NA,NA,NA,NA,NA,NA,NA,NA,NA
"594","17081",0,6.38923392032348,0,0,2.99910157542646,1.33940935034981,1.21964396776484,1.12868347368391,0,1.11181950147835,1.14798483101882,1.17666190846543,1.1812945055565,14.7062877255032,0.424345469670442,0.59941060058034,8.33281352521549,0.270991223387798,0.325124572329391,0,0.312616074117079,0,0,0,0.632032786976632,0.94696802292637,0,1.65568777387606,0.888406473498724,NA,NA,NA,NA,NA,NA,NA,NA,NA,NA,NA,NA,NA,NA,NA
"595","17083",0,6.38923392032348,3.73038711983005,0,4.08207855905552,0,1.4701250101159,0,0,0,0,5.11671778447161,0,0,0,0,0,7.092713969997,0,2.59641325209462,2.07076051928168,0,0,0,0,0,0,0,9.24376040554844,0,5.68239767986557,NA,NA,NA,NA,NA,NA,NA,NA,NA,NA,NA,NA,NA
"596","17085",0,0,0,0,0,0,0,0,0,33.1870148289224,0,3.43306300322699,0,2.04311099647982,1.78062673119255,0,3.09671549366621,0,2.64617647162491,0,1.17612586021411,0,0,0,0,0,3.83663407022475,0,0,0,0,0,0,0,0,0,0,34.12739249231,9.31696764653155,0,0,0,2.96774196464844,NA
"597","17087",0,6.38923392032348,0,0,0,0,0,0,7.832702021354,0,0,0,5.09208386545095,0,0,0,0,0,0,0,0,NA,NA,NA,NA,NA,NA,NA,NA,NA,NA,NA,NA,NA,NA,NA,NA,NA,NA,NA,NA,NA,NA,NA
"598","17089",4.24784415724684,2.63786296162825,3.88622869477055,0,5.73095077450729,1.69346985515298,0.896175891939358,1.00906477109846,1.073503371739,0.965426319745438,0.824371465790077,1.51597222365441,2.05323487168273,0.799593371754635,0.813017663977776,0,3.5163368843554,0,2.15454172871579,1.6756663398978,1.09787664748375,0.678414322779615,0.983009800990388,0.547625923653621,1.02018394681363,1.84772654120153,1.6334635020721,0.800662118575564,1.08576353076538,1.43502838832129,2.30080252100714,2.46957582479047,2.04835749345448,1.49443679558418,0.892836471164971,1.03533076163689,1.57747015466856,1.26022055965585,1.30643423073724,1.61696149941062,1.24517682344662,1.20913285474483,1.53105020710433,NA
"599","17091",5.3593048205652,2.69871990544466,3.40466336562829,0,9.56225072959114,5.00084594090374,1.89568397223499,0,1.84669767174008,1.64950988862243,0.680070205563792,0.499591569164989,1.66813095868777,1.30853058468358,1.41127928110327,0,7.72272435901256,0,1.68138482034153,1.16768259774858,1.10866378628348,0.335381366278974,0.573021494223244,0.371609038808706,1.76280280350647,0.575372444358908,0.902446287033463,0.235611833192699,0.254342747694274,0,0.807031360179573,0.561015138291043,1.33765046787194,0.377298680890977,1.01995861780676,1.0551397656752,0.854445876801987,2.68675957525508,2.1979608183807,1.85722106809611,1.0549277570586,0,2.84492930535409,NA
"600","17093",0,0,2.86085361663031,0,2.22230697874396,2.95689530281822,3.2016846914683,1.86984080672244,0.512650835762054,3.44792051227296,3.06471431995609,0.275987325789594,2.36140270814761,0.416995162581662,1.17386429452639,0,4.48829796213807,0,1.94757118761229,1.46430532311873,0.245061710283114,1.07436763523064,0,0.26950564583165,0.470503754643627,0.751178749122308,2.56572047320243,0,0.681162956880579,1.80639462781322,2.31961575711219,2.55412116863035,2.9360535078367,1.39772099695767,0.494843474982607,0.912078101027391,1.48921734995109,1.67851458060059,0.878091905784708,1.1475301874005,0.741908603147449,1.02786353105925,1.52271515101953,NA
"601","17095",0,0,0,0,0,0,0,0,0,0,0,0,40.6838341098687,0,0,0,0,0,7.27281780591854,9.66091130170704,9.12484753364583,1.24474769864535,0.876819968961499,3.40235283785296,2.63676226434007,1.26912659020762,2.44757401510066,1.45939736366867,0,0,1.37633032702698,1.46255789578914,0.307471281650913,1.28451227294205,0,1.73985866016068,NA,NA,NA,NA,NA,NA,NA,NA
"602","17097",4.31411826905379,1.28112373404317,1.67596941875064,0,3.96617967444389,0.414693223215456,1.98784213543186,1.29112933007557,1.250905940499,2.15694517912963,1.37034422582733,1.32623491930112,1.32970859213881,0.971000648493663,1.14327049855696,0,3.4526201604609,0,2.508188499202,1.19929400584522,1.22261454954925,0.708755365716222,1.01449211027535,0.864749588105716,0.551021001834286,1.49549267645508,1.61257569722881,0.872445084378701,0.516953049426436,0.684890764664681,0.91731702994309,1.64923052105486,1.77500984558875,1.51033966861211,0.947155987404217,0.720896568872768,0.874703216504777,1.47072499804683,0.971367117925384,1.90454135015842,1.44021882030555,1.17595266263031,0.540151424070611,NA
"603","17099",9.50379865884122,4.20373720110854,0,0,0,2.2193185183893,2.25453147807265,20.396606595545,0.51668846161989,0.343838693394665,0.563386049664882,0,0.289060251935972,0.679791490993557,1.23074127154505,2.30269572317372,0.463539777584729,1.3349606710457,0.424539192255954,0.425177838487736,0.892541084726833,1.41741603017205,0,2.10630494413785,0.528260594961311,5.21002826089834,0.756059837849249,0.952832784975302,NA,NA,NA,NA,NA,NA,NA,NA,NA,NA,NA,NA,NA,NA,NA,NA
"604","17101",0,0,0,0,0,0,0,0,0,0,0,0,0,0,0,0,0,41.9250628452275,0,0,0,0,0,0,0,14.004027025071,0,NA,NA,NA,NA,NA,NA,NA,NA,NA,NA,NA,NA,NA,NA,NA,NA,NA
"605","17103",0,0,0,9.34328727054725,0,6.65890162197864,0,0.632765849639212,0.581061524582666,0,1.29340399928502,0,1.66840851896702,0,0,0,0,1.9040135967576,0,0,3.22413383658484,0,3.00391181797911,4.7846782992793,1.75980506047354,1.37123197751059,0,0,2.38931961093184,0,NA,NA,NA,NA,NA,NA,NA,NA,NA,NA,NA,NA,NA,NA
"606","17105",0,0,0,0,5.8621602337794,0,0,0,4.6279632057551,6.93554406481949,0,1.87941457259426,0,1.51044715627905,2.81032635091859,0,1.24328040675346,0,4.70593711168467,1.0025173418463,0.872326039541428,0.795560379206753,0,0,0,1.24763816527553,0,0,0,3.34608347879403,0,0,0,7.54921220667316,0,0,0,0,0,0,5.39793110684037,11.992248635994,0,NA
"607","17107",0,0,0,0,0,0,0,20.9954278164577,0,0,2.81695161630552,0,2.21871260818302,0,0,2.33338049696459,0,0,0,0,0,0,0,0,0,0,0,40.6907586360552,0,0,0,0,0,0,NA,NA,NA,NA,NA,NA,NA,NA,NA,NA
"608","17109",0,6.38923392032348,0,0,2.99910157542646,0,0,0,0,0,5.92357451411096,0,4.75630707273792,0,2.97421842850172,2.37817221985375,8.12394750290534,1.05081784470178,3.69120038904029,0,3.68788834709924,3.21106935489813,0.285354583042866,NA,NA,NA,NA,NA,NA,NA,NA,NA,NA,NA,NA,NA,NA,NA,NA,NA,NA,NA,NA,NA
"609","17111",0,1.21977147106955,2.23597007317691,0,7.71525752593691,0.427894707148422,0.863283130197065,0,1.66384210778421,0.904180819682901,1.79945136517949,2.90375456098461,2.3180827462327,1.0542736997878,0.917722720968446,0,2.76875995878659,0,1.90729691765329,0.986930921111751,1.017276469387,0.663081623564529,0.800432179593259,0.484436853035701,1.10106735452585,2.03554213968138,2.40735758826216,0,0.674137154290786,1.03222859963978,1.86662655972577,1.16453664802964,2.17287004667693,2.05381897842808,0.462074727020715,0.972664908331436,0.53020830088508,1.37580962784273,1.26743012520718,1.6885217153446,0.961545804033719,1.5049081187057,1.60237571203692,NA
"610","17113",1.9528485272007,0,0,0.844000582272877,1.70091695953772,0,3.6202024597439,2.39544705470382,1.32917482705299,0,6.65496092588112,1.05485432542934,1.39836127634976,1.41496211711019,0,0,4.20236865533766,0,1.93880953884711,0,0.363544284236763,0.387753159719789,0.438285380604762,0.260057646805738,0,0.41714126349424,0,1.44160134018847,0.876693216987539,0,0,1.28725629287793,0,1.64496605533342,0,6.84671054814986,2.53533211426787,0,0.840663813844834,1.54881571816547,1.45963207289891,0,2.80990411353573,NA
"611","17115",9.50379865884122,0,0,0,0,0,11.4004421287003,2.54151065314557,4.80508551238219,0,3.40914040893052,0,0.647633426203256,5.18413143667867,5.04524715153113,2.03119960448529,0.662848951920582,0,0.568214398652688,0,1.86660996838219,0,0.303388464842302,1.69926541377845,9.36172414597628,0.572349781524445,0.438984656027894,0.128839669193714,0.256887362112216,0.142384223571494,0,0.461296699355933,0.319223220416375,1.30646129919928,4.85670397407482,1.24856567112741,0.691235406677144,NA,NA,NA,NA,NA,NA,NA
"612","17117",0,14.6904074042041,2.32121290634198,2.88427501893313,0,2.69677512530448,0,2.93828912408515,0,1.30047784852967,0,0,0.798909642528929,0.932557398069422,0,3.62357394194336,0,0,1.17834996990084,2.34190008735447,0,1.14737017598773,3.26453613438406,0,1.81659465313705,0,0,0,1.18761774083203,1.40576237105183,0,3.36543052063566,NA,NA,NA,NA,NA,NA,NA,NA,NA,NA,NA,NA
"613","17119",0,0,2.86085361663031,0,9.16781785796813,2.36771749606161,1.67223213026109,0.663128388685317,1.72303712667399,4.31326776717398,1.51432472872168,0.63238361464781,4.18691252530982,0.213683983465344,0.763082241501506,0,5.23044766352205,0,2.46994691719296,0.228329909055306,0.75324379591505,0.538092170013274,1.4468232629988,0.804625399219912,1.85476200756522,0.676402743762876,1.3074538394516,1.14816214626462,0.408024449947118,0.624577629758892,3.67241072224114,0.825593659356265,2.63224523676069,0.817779126405232,1.50642687775155,0.0561186866573612,0.677655177814239,0.361226890980642,0.606441274875897,0.156348458064662,0.188536388411811,3.06501160788417,0,NA
"614","17121",0,0,0,2.80455791705411,0,0,0,0,4.49786116872796,0,19.4027767420702,1.12430737444368,0,0,0.610961813676579,1.90688773750207,0,0,1.70411329392445,0.91542994589366,0,4.74664540854325,0,0.755552718636811,0.721392894205581,0,0,0,2.48772047341833,1.41052591689416,5.17520352994595,1.0003747835081,0,0,0.801346865694128,NA,NA,NA,NA,NA,NA,NA,NA,NA
"615","17123",0,0,0,0,0,0,0,0,0,0,0,0,0,0,0,0,0,0,0,41.9272782576116,0,0,0,5.25744058038175,3.96894916870034,0,0,0,0,0,0,0,0,0,0,0,0,0,0,0,NA,NA,NA,NA
"616","17125",0,0,0,9.34328727054725,0,0,0,0,0,0,0,8.25937339030447,0,0,0,5.1429655507987,0,3.69534399501213,0,0,0,0,3.93729692426094,9.48656709341148,1.97952311791133,1.37664999943881,0,0,1.0951872598835,1.19113359392058,NA,NA,NA,NA,NA,NA,NA,NA,NA,NA,NA,NA,NA,NA
"617","17127",0,0,5.35623193094833,0,0,0,0,0,0,0,0,19.2933752391962,8.43789328702167,0,0,0,0,0,0,0,0,0,0,31.8392663365111,0,0,0,0,0,0,0,0,NA,NA,NA,NA,NA,NA,NA,NA,NA,NA,NA,NA
"618","17129",0,0,0,0,0,0,9.82330751988082,0,0,0,0,0,0,0,0,0,0,0,38.5204815462691,0,0,0,5.25702259604534,0,0,0,0,0,15.1696947888725,0,2.12086926958968,1.61195671745444,3.76203711336458,2.83852458677818,0,NA,NA,NA,NA,NA,NA,NA,NA,NA
"619","17131",0,0,5.35623193094833,0,0,0,0,0,0,0,0,19.2933752391962,0,6.16577213770559,0,3.09010872320278,0,0,0,0,3.64424474605583,3.58437427138776,0,0,0,0,0,4.59146822210982,0,0,0,8.61757768036894,NA,NA,NA,NA,NA,NA,NA,NA,NA,NA,NA,NA
"620","17133",0,6.38923392032348,0,3.09723040497987,0,0,0,0,0,5.06025928149219,13.984048046167,1.83747914684933,1.20370778266604,0.934119541160391,0,6.52429781546666,0,8.78240937003254,0.260815990473127,0.60927122065167,0,0.185969285264309,0.419576187205279,0.255325194109467,0.651882589132128,0,0.54580852754135,0.680913443722507,0.806945506672501,2.60736685364669,1.64614937475128,1.46599150998276,0.656789988136781,0.620338500053742,0,1.99958370995616,1.3632456551483,0.680625313245827,0.680846498448948,0,2.88674542545007,0,NA,NA
"621","17135",0,6.38923392032348,0,0,0,0,4.02360274335763,0,0,4.05155906126433,0,10.2702961694342,0,0,1.14899738868747,0,0,0,3.61119754253316,3.56697991871907,1.48209441582859,2.35166084893863,0.954423749436123,3.16039728410464,0,1.24208327505632,0,0,0,0.955866729644049,1.19406665762518,1.3936664171297,0,1.5575080274904,1.51828463571495,1.42967086991828,NA,NA,NA,NA,NA,NA,NA,NA
"622","17137",0,11.0886817491692,2.86173001875628,0,1.58996849537667,0,0,1.64396578864989,0,2.04551957810978,0,2.20301527526436,0,4.03120602730374,0,0,0,1.88270164915099,0,2.24163049877476,2.19284648939104,0,0,2.02356750246929,0,2.13259730024257,0,2.16730540528705,0,2.09603722306759,3.73588461825299,4.27168564150443,1.05308791718756,0,1.58993904780614,0,0,0,NA,NA,NA,NA,NA,NA
"623","17139",0,0,0,0,0,7.2728236210439,0,0,4.70434220762983,0,0,0,0,0,0,0,0,0,0,0,0,41.2833208606372,0,0,0,2.80453186498927,0,0,0,0,0,0,NA,NA,NA,NA,NA,NA,NA,NA,NA,NA,NA,NA
"624","17141",0,0,12.798633678712,2.30246326940689,2.96826577340223,0,4.44665020759099,0,2.49225016716149,0,1.07325352369992,3.95689534231445,0,0.802488276531633,0.391938194948255,4.0896385745244,2.49681745943826,0,2.30893045938262,0.208243866688684,2.32993036449362,0,0.736859930564362,1.86283222874933,0.372690957064113,3.22535733541997,0.803218793080791,0.149152373696886,1.16467799211678,0.441731911199381,0,1.24471102793295,0.59867195703836,NA,NA,NA,NA,NA,NA,NA,NA,NA,NA,NA
"625","17143",0,0,1.95162457285785,0,3.22285173668905,1.44847534884847,1.29744501312412,0,0,2.54449279345014,1.26441930333627,0,0,3.99743631215463,0,0,4.56645484241414,0,3.42213706476955,2.08124670197523,2.23064090820792,1.81026367997062,0,0.750071757483615,0.383859502518426,0,1.46486397831592,1.09746683051733,2.27989642266766,0.545439587293341,1.03441869535275,3.69495661350679,0.781449791572041,1.36852403888816,1.52766638787803,0.840782836513187,2.56890999968359,1.58707963958461,0.205464048406315,1.36672828715624,1.49252785334528,0.895534793619746,0.1781976519005,NA
"626","17145",0,0,0,0,0,0,0,0,0,0,34.1314925026599,9.31702604297353,0,10.2265681267641,1.47362841467075,1.05376661971504,3.27543494547111,3.13035209927905,1.46291402497615,1.21385022952467,2.41435667333011,0.89653196551032,0,NA,NA,NA,NA,NA,NA,NA,NA,NA,NA,NA,NA,NA,NA,NA,NA,NA,NA,NA,NA,NA
"627","17147",0,0,0,9.34328727054725,0,2.48247901225698,0,3.56739646460583,0,0,0,0,0,3.08591130058648,0,0,0,0,0,0,0,0,0,0,0,0,0,0,0,0,0,0,NA,NA,NA,NA,NA,NA,NA,NA,NA,NA,NA,NA
"628","17149",0,0,0,0,0,0,0,0,0,0,0,0,0,0,0,0,0,0,0,0,0,0,0,0,0,0,0,0,0,0,NA,NA,NA,NA,NA,NA,NA,NA,NA,NA,NA,NA,NA,NA
"629","17153",0,1.80342412118814,0,0,0,1.55087782507219,0,7.51961705103462,0,0,1.14990404909445,2.152521988054,1.00755217082036,1.88253101968795,0,0,1.89416038038377,0,0,1.27479971856678,2.73030230396965,0,0,0,NA,NA,NA,NA,NA,NA,NA,NA,NA,NA,NA,NA,NA,NA,NA,NA,NA,NA,NA,NA
"630","17157",5.3593048205652,9.04775824282969,1.23809934953769,3.32506869028652,4.54502628682982,1.61334833801003,0.957682583911291,0,1.11504310891279,0,1.28719578053117,0.709479438093033,1.15164777089385,0.405190807036404,0,2.32179603660285,0,1.00412543948084,2.97699549995842,1.34625406929759,0.407263453594824,1.15197539353413,0.746765398026989,1.83574656429975,3.65330830176892,0,5.73905703941463,0.858664168653438,2.30702162014935,1.33533501957555,1.71590748476692,0.68275121407798,0.164698438226227,1.09802109157315,0.26940348550121,NA,NA,NA,NA,NA,NA,NA,NA,NA
"631","17159",0,0,0,0,0,0,0,0,20.1118374377734,0,0,0,0,0,0,9.82184838311832,0,0,0,0,0,0,0,0,0,0,NA,NA,NA,NA,NA,NA,NA,NA,NA,NA,NA,NA,NA,NA,NA,NA,NA,NA
"632","17161",0,0,9.4989667055933,0,2.29404865780024,0,1.76313103217287,4.56762079946444,3.45682870323549,4.74967537012636,2.16132045296635,1.21993223070157,1.66809474737872,3.04472261509879,1.59130611263191,0,3.55451438244796,0,1.87163036790656,0.53892557095699,0.920541838283007,1.80434463677226,0.993058688919324,2.86246581953419,1.58432310203945,1.11695432121893,1.524999977681,0.0709503844880297,1.60000554097126,0.417753017641913,1.76245650668423,0.353364153597937,1.62963007532016,1.57249188434681,0.71501606488971,1.18768448921875,1.14670305649424,1.56365208207128,0.446765973655055,0.670355490736541,1.30684458256126,1.36721216773559,0.900396388761012,NA
"633","17163",3.73187737416727,5.44553418205857,0,0,6.22127810860136,1.75514652856461,5.40952932791025,1.4537429079628,1.56360881465702,1.82895315574947,0.321398308470401,0.311026458988204,3.47661454953131,0.829270515547082,0.769966462415939,0,4.17000868922505,0,3.03169167052617,1.13596396689501,1.14409760707686,0.853669080430488,1.12890504908526,0.311892937185719,0.907785890664909,1.02349645137237,0.788534088657721,0.454645260299418,0.408759385983912,1.15724511270883,2.47728234471016,1.218774228979,1.58850894651541,0.934714648018693,1.8347946627196,0.724346623749096,1.75519605872373,0.430450268321722,1.71980063654007,0.853353217592792,0.739757453923315,1.46461112541646,0.675707283006147,NA
"634","17165",0,0,0,0,0,0,0,0,20.1118374377734,0,6.17432829160413,0,0,0,0,0,0,0,0,0,0,0,0,0,0,0,0,0,0,0,0,0,0,41.9273077425003,0,NA,NA,NA,NA,NA,NA,NA,NA,NA
"635","17167",0,1.80342412118814,0,0,2.50787372535295,1.238333845772,1.2061672264598,3.27812720822941,1.81576074435626,2.21768446351551,0.621165646177742,1.11788044358036,2.53653991786629,1.78240246921155,0.790695329404835,0,0.759823921396963,0,3.92379700483003,0.417248608902744,0,0.411487251095527,2.51142742721256,0,1.68189253592822,1.62946773453763,1.14852301260676,0.365223086464098,0.727897107825018,1.47590158846626,0.376755284327594,2.63732394654053,1.73676423489909,4.03699284357917,1.98867936957699,1.56737900700799,5.91413086776786,0.920820131307134,0.668962118244907,1.11993807930074,0.748214037585961,0.063460535230673,0.279178512658462,NA
"636","17169",0,0,0,0,0,0,0,0,0,0,0,0,0,0,0,0,0,0,0,41.9272782576116,0,0,0,0,NA,NA,NA,NA,NA,NA,NA,NA,NA,NA,NA,NA,NA,NA,NA,NA,NA,NA,NA,NA
"637","17173",0,0,0,1.91234480540149,0,0,0,0,0,0,0,0,0,0,33.9169650671813,24.6573890886401,0,1.17614197053489,0,0,0,0,0,0,0,0,NA,NA,NA,NA,NA,NA,NA,NA,NA,NA,NA,NA,NA,NA,NA,NA,NA,NA
"638","17175",0,0,0,0,0,0,0,0,0,0,0,0,0,0,0,0,0,0,0,0,0,0,0,0,0,0,NA,NA,NA,NA,NA,NA,NA,NA,NA,NA,NA,NA,NA,NA,NA,NA,NA,NA
"639","17177",0,0,0,0,5.8621602337794,0,4.26509821608114,0,0,0,0,0,0,0,18.5385103339217,0,3.29108357907536,0,3.88040676396889,0,0,0,1.76884698447149,0,0,2.63601307118994,4.91009969530579,0,0,1.65126158276207,0,0,0,6.71237090640587,0,0,8.10378131957504,5.7619401043429,3.03074706646002,3.34711920124219,1.91462882721033,1.85770020764886,1.23460147825708,NA
"640","17179",5.3593048205652,2.69871990544466,0,0,0,1.77230758962686,3.66737063246361,4.58950554501604,3.25703450869149,0.795827087967826,0,1.85051391495827,0,0,0.737475566844682,0.862758201549123,0,2.32547972149682,0,0,0,19.1548688271673,0,0,1.12708102071486,0,1.37208480713889,1.15787542452771,0.61110956602165,0,0.364180234590429,0.417792695809741,0.976118580003799,2.68672050826734,0,1.08016600636078,2.06551591424965,0,NA,NA,NA,NA,NA,NA
"641","17181",0,2.3705768629988,1.68417106865375,0,0,0,0,2.34244352545628,2.67072736240026,0,2.44419754513579,0,0,5.96405611448591,8.01934954021552,1.65679527688289,1.18882594536676,3.19980245324805,0.737397999322968,NA,NA,NA,NA,NA,NA,NA,NA,NA,NA,NA,NA,NA,NA,NA,NA,NA,NA,NA,NA,NA,NA,NA,NA,NA
"642","17183",0,8.90531749049252,0,0,0,0,0,4.13429696524723,0,2.18831163818965,0,0,0,0,0,4.28601187873357,0,0,4.47477390044173,0,0,3.30136902221488,0,0,8.02167102671863,3.6450089748781,0,1.08772845308376,0,1.01764713032,0,3.55022779249875,NA,NA,NA,NA,NA,NA,NA,NA,NA,NA,NA,NA
"643","17185",0,0,0,5.25744058045737,0,0,0,0,0,0,0,0,0,0,0,0,0,0,0,0,0,0,0,0,0,0,0,0,NA,NA,NA,NA,NA,NA,NA,NA,NA,NA,NA,NA,NA,NA,NA,NA
"644","17187",9.50379865884122,0,0,0,0,0,8.35781878115648,17.8960978877186,1.78764960683721,0,1.83732434177019,4.38658244924795,1.69795826302057,1.60122132106795,0.974916890715885,0.180006200625491,0.543201818016733,0.581538351651504,1.27854476958457,1.80411155886816,1.11814640647108,0.648827442275453,1.45727210337399,NA,NA,NA,NA,NA,NA,NA,NA,NA,NA,NA,NA,NA,NA,NA,NA,NA,NA,NA,NA,NA
"645","17189",0,0,0,0,0,0,0,0,0,0,0,0,0,0,41.8189999421519,0,0,0,0,0,0,0,0,20.1118374366667,8.49011672231636,4.10962476562859,2.48237219545784,1.76113396645427,0,0,0,0,0,0,5.17497400936197,0,0,8.63472739988452,0,0,5.8601884584675,0,0,NA
"646","17191",0,0,0,0,0,7.2728236210439,0,0,0,0,0,0,0,0,0,0,NA,NA,NA,NA,NA,NA,NA,NA,NA,NA,NA,NA,NA,NA,NA,NA,NA,NA,NA,NA,NA,NA,NA,NA,NA,NA,NA,NA
"647","17193",0,0,0,0,0,0,9.82330751988082,0,0,0,0,0,0,NA,NA,NA,NA,NA,NA,NA,NA,NA,NA,NA,NA,NA,NA,NA,NA,NA,NA,NA,NA,NA,NA,NA,NA,NA,NA,NA,NA,NA,NA,NA
"648","17195",0,0,0,0,5.8621602337794,0,4.26509821608114,3.16830759242992,2.32498371423268,0,1.65340706814867,4.23180056541902,6.03074277382649,2.02015425587501,0,0,1.36352124528078,0,1.58447291925375,0.574044714920283,0.619303334426632,1.30502696697925,1.31777706317223,0,0.692998329666023,0.742440578444901,3.74486851028508,0,3.10040587765643,0.535884929158473,1.44211363011064,1.74027769284909,1.57058608014416,2.0926053201265,0.926473757631266,1.40091119273014,2.26324833177146,0,1.74377061685463,0.62953984800819,1.03890294241422,0,0,NA
"649","17197",1.6850824659663,1.27982545529176,2.70912283460395,0,8.70714014224771,2.05308378637643,3.38779125180889,1.83242805413502,0.181780732738793,2.96260294011425,1.67152924262772,1.6535555926866,2.51643368837929,1.10790582701256,0.732813458637017,0,3.07385290864758,0,2.13650416334757,0.607303308133754,1.21314191003572,0.638152423492144,0.782838908005636,0.996062268288733,0.758978975912053,0.933520430881794,0.502435647379832,0.579044068177727,0.766504876441598,0.747373184137672,1.51976790061805,1.19516090463731,2.18025816002756,0.820326844827537,0.986149920225919,0.673841552899966,1.150717104007,1.61481679205553,1.65256303964041,1.55051394355022,1.98111425574317,0.709731466585543,1.7760619021925,NA
"650","17199",0,0,0,0,0,0,0,0,20.1118374377734,8.49011672233275,0,0,0,13.1457820020363,0,0.988693205425084,0,0,0,0,2.98649765331564,0,1.91093385920305,0,1.8252875754294,1.7042295963355,1.55918765704923,1.41478673360276,2.49750447905968,3.08356656140187,0,2.244322380931,0,1.95566268059336,0.628732435940376,1.23819365419798,0.616065055090882,0,1.37199659075243,0.733024119935873,NA,NA,NA,NA
"651","17201",2.86260695800588,0,2.40455559658147,0,0.959259586877743,0.968766413679629,2.87429062639302,0.888795585862741,1.61995871369946,2.14192763650137,3.5204949290754,1.8423924004684,2.88096221641784,1.70078517156892,1.62895038264797,0,2.67182863046025,0,2.38993525203874,0.482172225857702,2.11836827454626,0.702278862324569,0.272248109589804,1.50137960125208,1.22326991448388,3.06585727546723,2.89190531581996,0.528137192336121,1.30137142442458,0.838795347448966,2.0273146958987,0.856941514660984,1.56091083772039,1.24499330016201,0.819597276131946,1.23310005403619,1.05298219352261,1.25905950048463,2.20421291603661,1.70409019647471,1.2642252215248,1.80427458948138,1.61715698914399,NA
"652","17203",0,3.45810439938785,0,0,0,0,3.06296177101903,0,0,0,0,5.33711602646105,8.01202184613375,0,0,0,1.93825307414352,0,0,0,0,7.72787334889275,3.02272452131205,2.16683854355892,0,0,0,0,0,0,0,0,0,0,0,0,40.1153740743551,0,6.38582764607934,3.73011305722681,0,0,0,NA
"653","18001",0,0,0,0,0,0,0,0,0,0,0,0,40.6838341098687,0,0,0,0,0,12.3954834244964,0,2.96971191817049,0,1.99287410318983,0,0,0,2.50505269488771,0,0,0,0,0,0,0,13.5552177064178,0,0,0,0,0,7.26092047565752,0,0,NA
"654","18003",0,4.98171426424011,0,0.919741926990475,8.86214997847388,0.912477578256569,1.04393258303461,0.593175543261651,0.558532292559656,2.44691548580573,1.77772667973936,2.67697252036797,0.193014677764949,0.71279695775313,3.85936339809971,0.417153962815617,0.63721217163816,1.21825745228401,1.63924597090296,1.86359134421816,1.1061533633559,0.842702793073658,0.985173145328641,1.135286798447,3.55445312157671,3.10485613082525,1.15259498227451,0.357352212472058,1.07286897303801,0.365652553409987,0.301117455012505,2.04634618811395,0.630974038311661,1.33373968285305,0.589507975296151,2.23694076642329,0.802139063710986,1.01575750000844,1.29814129276869,1.09277140210742,0.460825904942433,0.744540922516081,1.79815632401133,NA
"655","18005",0,0,0,1.16872963603358,0,1.3797858306539,4.25224417860616,0,3.30222625197421,0,1.67129415157771,5.50189203205897,9.2108848888027,2.18071306297198,0,0.148126606375321,1.55875542889873,2.32242496140147,0,3.12583536413311,0.226912524739962,0,0,0.392435135813461,0.476748837452168,2.66502444697374,0.207424184857053,1.07079022426598,0.848643120981128,0,1.34537901858801,3.7286263692878,2.25842224119504,3.39285184718341,0.91627659364195,2.4164773617486,0.474112790869455,0.22217886345803,0.678762617251501,0.88578937321181,0.4420415823625,0.200155908963751,0.117371571841744,NA
"656","18007",9.50379865884122,0,0,2.83242606908575,2.39056201205549,0,0,0,0,0,0,11.0641688855093,0,3.04355089303977,0,0,2.07028764285021,2.00068296454164,0,0,2.0714102829328,3.88463039246543,0,NA,NA,NA,NA,NA,NA,NA,NA,NA,NA,NA,NA,NA,NA,NA,NA,NA,NA,NA,NA,NA
"657","18009",0,6.38923392032348,3.73038711983005,2.47378173269665,0,0,0,0,2.57697412946798,0,0,3.63902309675485,0,0,0,0,0,0,0,0,0,26.9226256905766,0,0,0,0,5.86001629422706,0,0,4.26882897673096,0,0,NA,NA,NA,NA,NA,NA,NA,NA,NA,NA,NA,NA
"658","18011",0,0,1.95162457285785,4.60129658629886,0,1.08034763121686,4.58982290318868,4.68245147268773,0.96389315774805,2.5969147897237,0.902890964113333,1.56730355490298,2.72062252300578,1.355927996207,1.18905683683124,1.52378702557685,0.284085769810499,1.1167242111026,0.843945524309612,1.83425104613834,0.8272263220799,0,2.22741171633089,0.547257934147692,0.95407625107342,1.22164759776075,0.810013234420186,0.275323897973704,0.147659716052734,1.14957042575737,0.909077741984142,1.17790877189788,1.0172116094272,1.02106363380401,0,0.220802983487026,0.498195135983774,0.294211371230686,1.40935832238677,0,3.95273742221118,0,0.388169610777956,NA
"659","18013",0,0,5.35623193094833,0,3.29763030713821,0,0,0,0,0,5.24925960046481,4.73598212445639,0,7.52622772651444,1.63425644966078,0,0,3.24025121928483,0,0,1.11317102120791,1.1863492506621,0,0,0,0,0,0,0,9.64180846185195,0,0,0,0,0,0,0,14.0004059363475,7.62798719607213,3.99285689380256,0,NA,NA,NA
"660","18015",0,6.38923392032348,0,0,0,0,4.02360274335763,0,0,0,0,0,6.96016217684041,5.39074725507206,0,0,2.73461475614226,0,0,0,0,0,5.68351717616385,4.9706023611921,0,0,2.72798518225906,2.35823554763849,6.99295411186608,5.36142484327009,0,1.69220318221893,0.488650019833498,0.927907745889799,0.469677001760482,6.81861255133841,4.48569872550208,NA,NA,NA,NA,NA,NA,NA
"661","18017",0,0,5.35623193094833,0,6.11435931958675,0,0,11.2550245421173,2.51099645446165,0.583688741264996,0.947804485688937,2.06789077516334,0,2.21789624973259,0,1.79851854696016,1.39259067172203,4.00207363408811,0.509778608014688,3.92480286861885,2.52012295543655,2.40726644333444,2.85539013527827,4.12013890187589,2.70329097054593,2.14922681142237,6.67268597899161,6.36507913644727,0.703923609776732,0.173509831277911,0.256963991723551,0.33785666671471,0.0765036010562283,0.645469441210622,0.913662619506155,NA,NA,NA,NA,NA,NA,NA,NA,NA
"662","18019",0,1.80342412118814,1.32168222958049,4.1031564680837,1.59282347348947,3.70304484219958,0.962685866576831,2.72649306728459,1.89284118596259,1.32143720041138,2.47049774567212,1.15131845990327,1.02658198196591,0.799464960796941,0.782397115247566,1.70857404740729,0.613674032124653,1.51608080009742,1.1735691398222,0.287382025180917,0.87492543205008,0.756318498644188,2.30755755906712,0.745675133494003,0.867154137202868,1.12523020350635,1.23151582314236,0.27155019616784,2.03982356319573,0.534456962041453,0.932636953468366,0.936556512971191,1.59615704894744,2.02067454024437,0.469717247197172,5.05335433152064,0.483076240754212,0.348881470748582,0.332237191173635,1.54224515901576,0.89083778301947,0.143933507113217,0.236900738491949,NA
"663","18021",0,0,0,0,5.8621602337794,4.56895436484149,3.16624559721627,0,5.36394859592018,4.83082929076087,0.847813285000236,0,0,0,0.830467578558345,0,1.3427376386909,1.60734091576802,0,1.78706412449972,4.71137656035713,2.40481321356943,0,0,0,0,0,0,0,0,0,14.7669625860087,0,10.6944480524313,0,0,NA,NA,NA,NA,NA,NA,NA,NA
"664","18023",0,0,0,0,0,0,15.9172924009947,0,3.17413031513945,0,2.02153922247124,4.90717944601675,2.44243641554886,0.95212546276017,0,0,0,1.06458485628683,1.28628417409237,1.46439637812861,2.8969572279175,0,2.32918612125277,1.03134459725382,0.949052859707482,0,4.43448607028648,0.77180779342696,2.63232361953354,0.5604136122643,0.512656425547056,1.47913531995874,0.488363484065055,1.0011624643999,3.40289085124421,0.868516244245953,3.31843407101704,2.34009728686251,NA,NA,NA,NA,NA,NA
"665","18025",0,0,0,0,0,12.3954918704862,6.93505151349271,0,0,5.21939061867967,1.99042295613782,0,0.755010014960315,0,0,0,0,0,0,0,0,0,22.9436179050056,0,0,5.33015837354386,6.76370507082249,0,0,0,0,4.16068736013775,0,0,2.1157710338599,0,0,NA,NA,NA,NA,NA,NA,NA
"666","18027",0,6.38923392032348,1.95203238713263,3.99489032960778,0.980595105418862,0,0.793161498270909,0,1.80471254891098,7.34028449693573,1.77173901735399,1.32867365264694,0.726777388523132,1.60729307793346,0,1.2340878869624,0,0,1.70591316384806,0.479852115681074,0,1.21181787944795,0.66188660559653,0.715080257396854,0,0,3.03475136085781,1.03184844618178,1.00112404707415,NA,NA,NA,NA,NA,NA,NA,NA,NA,NA,NA,NA,NA,NA,NA
"667","18029",0,3.45810439938785,2.3206362711029,6.22909738826586,2.07865123304261,0,2.70068628901276,1.72053014017429,2.43072067422942,1.2363630554729,1.78313294059308,0.947743551476218,1.44514491606271,0.813867247988811,1.55713029965756,1.23469077474675,1.62583962695327,0,0.22671338142177,12.1988632614045,0,0.0850967118748922,0,0.156003315575676,0.17889497015839,0.338096387389428,0,0.436760891577708,0.620959915106439,1.22651322402578,0.946932818843083,3.27499644312431,0,0.39443672829174,1.91181911698294,4.40146495630828,0.280483463759602,3.04029644432525,0.392860483757704,2.72107196366897,0.299377510037138,NA,NA,NA
"668","18031",1.9528485272007,5.87975892882712,6.81330910188383,1.28610157125121,2.31886662823044,0.374824733972212,0.849707351707782,0.168274979625119,1.91934511702711,1.91008827242678,1.46960394841678,0.153054209638613,1.47329870620433,0,1.36099230937496,1.24570576595836,1.70598801323532,0.747987526761944,0.584205893404092,0.296551102807405,3.52606598997334,0.273000241159074,0.653329284518432,0.64727279838873,0.13480885114668,0.299390868349042,0,0.665385244772812,1.91113317882393,1.21791621489633,2.66959306981042,0.787219916789848,0,0,0.267733247114175,1.25545520541949,0.372356207418508,0,0.54171891998449,0.644720666565709,0,NA,NA,NA
"669","18033",0,0,0,0,0,0,9.82330751988082,0,5.48292375749834,0,3.04583908718777,0,0,0,2.84516881856464,0,0,0,35.7054845396044,0,0,0.437818403013808,0.104725111348161,0.228393942354869,0,0,0,0,0.697376474394798,0,1.72569203101298,0,0,2.66069641832192,4.69673850308737,3.48544288876373,0,1.1291477722669,1.03025271739901,0,NA,NA,NA,NA
"670","18035",0,6.38923392032348,5.35725583587532,0,0.960612006354187,0,4.90115950427945,0.695635902341498,1.80306487135067,2.05119686538707,1.31870441430197,1.91261059117128,1.01589281632628,1.24022782247732,0.877200342560402,0,1.80462424991599,0.917413763308933,2.10465864233616,1.92900774123622,0.740901230103721,0.688740514954881,0.672447038478773,1.13424473023664,1.82002511689782,1.31792604495106,0.212330505748019,3.56863680912949,0.695553313958987,0.319725343331828,0.78075549137561,0.796205624693357,0.999321174213708,2.04175753853605,0.335709864128421,0.170219989675134,0.893068795886148,0.762586898046133,3.81657835035033,1.02365233475033,2.34385487153152,0.253211912334135,0,NA
"671","18037",0,0,0,0,0,0,9.82330751988082,0,5.48292375749834,0,0,0,3.28317756995258,5.65004762379279,2.08107787538423,0,2.73023165450472,1.16251382110252,0,1.0634195984463,2.11849687324286,0,0,1.1877122919047,0,0,0,4.52274774172605,0,0,0,0,2.87164885180554,0,0,3.5203619894404,0,7.97220306000739,3.45264586431884,0,1.02725102102969,0.934620994778369,0,NA
"672","18039",0,0,1.48095220197864,2.51732184794965,2.15043646465866,1.8294843048123,0.796331159989326,0,5.36021546740751,1.60682338383787,1.72922298680926,0.731716455959572,0.668368721282557,1.2886257489925,0.323327868686337,2.29076517025715,0.952489134186836,2.91259701613601,1.2563241240737,2.1443386093802,2.15282841700075,0.917599487328326,1.49533338765804,0.628121028372751,2.13046030922267,0.775308870103286,1.86864793149424,0.390375433129391,1.13808070103285,1.38874211774647,0.547120748763084,1.01007011168557,1.38163561239167,2.3767289458196,0.567195114460656,0.155580997012562,1.69797432499748,0.916450254444,0.463468582066525,0.485436507966157,0.176561036599567,1.56857556330329,1.05212595256992,NA
"673","18041",0,6.38923392032348,3.73038711983005,0,0,2.14269673413943,2.01507445834452,5.05455080055828,1.28051110522436,1.03041792371607,0.894140058343964,1.63321974003706,0.769825052815772,1.48747102037239,0,1.50490166541949,0,0.838492523794869,0,1.06298239991362,0,0,0,0,0,4.63691602929603,0,4.51675956617049,0,0,0,0,4.01073160116272,6.88426265597541,0,0,1.82740504607554,3.20928804583503,0,0,0,1.60122283060086,1.73397880622573,NA
"674","18043",0,6.38923392032348,0,1.08588751450674,3.61820469299478,1.48604442845368,0.643443943383455,3.34978426249847,0.477544564503187,0,5.18728538504508,0.977917449141988,1.1064811178826,2.15317401917085,0,4.55987739750138,0.475532666198152,1.51873319259495,0.625177050556047,1.41733540356074,0.231506392283517,0.121467928538179,0.407750072149262,0.790161080917796,1.62815581076093,0.972306271919364,1.37548241539108,0.949329964790159,0,0,1.53115255415306,0.724519369656141,2.53446639342379,0.247164069693904,0.244765444885123,0,2.44735806798911,0.281000960964929,1.16445758252966,1.17639380217773,4.7569984010732,0.642820781922497,0.186120459887509,NA
"675","18045",0,0,0,0,0,0,9.82330751988082,0,0,0,0,0,0,0,13.9919232825094,0,0,0,0,0,7.26095493623145,0,4.89990385224275,3.40201843338693,4.53871093342121,0,0,0,1.50437797313307,0,0,0,3.06875454455079,0,3.29958697887463,2.77922948558358,0,2.02546161961787,1.78201709405142,NA,NA,NA,NA,NA
"676","18047",0,4.98171426424011,0,4.97299854940723,4.55967752194763,0.81689479236479,0.991842287865322,0.590105545094935,1.94338510138313,1.05255944016041,1.50310917160842,0.716739598159127,0.470707892894053,0.723282069027231,0.511218823084933,1.37354950626154,0.293613701533808,0.947167150180477,0.673310897582491,0.361894163257111,0.790149712414882,0,2.43279116420318,0.503701970147861,0,5.86140229417768,0.786258572570743,0,0.319774192996907,0.331770437558987,0,0.461085543031149,0,1.58516690649746,0,0,1.40022387874367,1.5111298326331,1.51322484534471,0,0,0,3.75478787704864,NA
"677","18049",0,0,0,0,0,0,0,14.0040270250776,0,5.91449253153931,0,0,0,0,0,0,0,0,0,0,33.3028712613545,9.29755684418045,4.18980973983977,0,0,0,2.21930174592392,0,6.76639565204731,4.76275778018224,8.82648791315582,1.5287387599197,0,0.325116559420488,0.956391607435626,0.336846437017067,0.753021977591772,0,NA,NA,NA,NA,NA,NA
"678","18051",0,3.45810439938785,0,2.04404960564744,0,0,0,0,0,0,0,0,0,0,0,0,0,0,0,0,0,0,0,0,41.9273037385619,0,0,0,0,5.86216023377883,0,0,0,0,0,0,9.62389731246907,0,0,0,0,NA,NA,NA
"679","18053",0,3.45810439938785,0,0,3.96810620678541,0,3.24856129311652,0,0,2.70434922483644,2.47765462785905,1.08924961058184,2.79522803194623,2.27802626032315,1.25006131387501,0,1.07528327326793,2.10511018183933,2.88844078732672,1.24461589460389,0.368429847521656,0.351719476007833,1.06834974093156,0.375483796749041,1.61156519989348,0.84108946988589,3.25009021986203,6.241738852918,0.660175875337859,3.12791884715474,0.521733881216661,0.116911789817148,1.14828613190298,0.11975248290626,0.134346315780152,0.478455090730548,0.391034349828849,0.24448830609891,2.62760439505527,2.64776218970952,1.29836298144293,0.229519512670857,0.435547512762814,NA
"680","18055",0,0,0,0,5.8621602337794,4.56895436484149,12.1585074798322,1.29237449719662,0,0.771363977475845,0,0.799841594406343,0.901490155270802,0,2.36917316419851,0,5.73484255860952,4.89304247102034,0,1.41553254184863,3.13494067300986,0.333155596689988,1.50915702897995,0,0,0.673473165650829,0,0,0.667778502503666,0.88003711254397,1.09005437321951,0,1.37102048330595,8.18388315845508,0.821107493680451,14.4579208411934,1.09261912493009,0.152178118452113,0,NA,NA,NA,NA,NA
"681","18057",0,2.73985437087479,1.38117619365709,2.18894946115995,2.16435222014259,1.81442668870557,2.40140972202341,2.3736989222231,1.76614367662673,3.48135963376362,1.47273456787288,0.576476197791152,1.78428118964349,1.26534514390811,1.17951669584879,0.899368418093613,0.909835368444531,0.0956131480206661,1.21156764461109,0.431788466661731,1.35176508792391,0.489208213010098,0.391212904643323,0.520103504484091,0.525255200144862,1.28559228230091,1.31271210064896,1.26834506971901,0.930204222351243,1.0217846647981,0.532829172795518,1.25212985312839,1.48553977049972,1.66051163726633,0.273806780750061,0.865688288915187,0.496205103322082,0.984099348680907,0.555852850533389,2.49786491008877,0.988783194777722,0.82237768174469,1.17790267114716,NA
"682","18059",0,6.38923392032348,6.85120391027542,1.05555544351457,3.01525372694824,3.31007957749105,1.26685965792358,2.06165367292957,0,1.95409188434249,1.05070688961571,1.00961071043784,3.68203729178026,0.786250621801527,1.86893628073361,2.44594730178896,1.21696925297731,0.109837044186978,0.962175062988322,0.329415744551731,0.71239798138814,0,0.474309388120915,1.49022668698802,0,1.19243562156392,0.769595585359288,2.09130532643813,1.95754625748385,0,0.441920618110821,1.98927887152038,2.31227334820924,1.14612453129696,0.177743638967995,0.870689846111255,3.46863484416864,1.30872904938238,0.649361680748713,1.08476196394789,0.234679275482812,0.123131583740025,0.139635946143691,NA
"683","18061",0,6.38923392032348,5.35725583587532,6.93685337133454,0.620888560303813,0,0,1.38792231728572,2.37479561341549,2.25180262047701,1.96652761365402,0,4.43001467611561,0,0.668504446951163,0,0.936741722983175,0.260689190324434,0.89972301287971,0,0.415414135372492,0.982833457275145,2.1764970224949,8.84656511461164,0.592106001728827,2.98297290077059,0.332762524131804,0.297273511188813,0.443956900715248,0.479504177642864,0.727405895851379,0.632300828280235,0.727704765674799,1.07900808234725,0.577410669964191,0.611679801218956,0,2.15474144394895,1.10598694162745,0,NA,NA,NA,NA
"684","18063",0,4.23530012456915,1.13808765813893,2.60869075022442,2.40664079735851,2.20809862183912,2.64733310435037,1.76788276943174,1.74836739072992,2.5325108266943,2.4445358427433,1.74672175188969,1.65343140204321,0.807184197519757,1.01161914214887,1.46788156549826,0.878120939795586,0.628443766841121,1.50125637716189,0.675717991117005,0.685420252122851,0.758937703914629,1.05392347917934,0.551054486822502,1.04312714704265,1.71563611656433,1.59937273498518,1.88294123179347,1.30286000214947,0.509987370836397,0.290079931143393,1.96218707983373,0.708589927590523,1.21058630816831,1.35303531052692,0,0.0853704861561824,0.618147403440751,0.495734971131629,2.14099255830373,2.79506909130168,1.08313967095557,0.509881930277482,NA
"685","18065",0,6.38923392032348,0,0,7.87123094022385,3.49763081647782,1.23569453334593,0.980110156349179,2.47083000113283,1.4080950596178,1.84364158405655,1.61426378956348,0,0.487815754880533,1.01686945009969,0.545018191504891,0,0,0.87582248884015,1.05941008383597,2.36027186033629,3.3051753329015,1.8015375206315,0,0,0.735215019610113,0.805430871246665,0.904593980809325,1.00334061999813,1.06863515068077,1.08775081909509,2.09532242602865,0.96764845621757,1.77233296566427,0.813011161562585,2.23813375455417,0.680342479977959,2.4752136325804,NA,NA,NA,NA,NA,NA
"686","18067",0,0,0,0,1.10587729316051,2.46622463741207,3.59435167373777,1.98939970872643,1.59272748814276,2.55291631678207,2.05046733384484,0.435446856117629,0.804485006076821,0,2.09176395736662,2.06699286845209,2.61143663999155,0,1.20734803743591,0,0.616471421930363,0.679437418658775,0,4.26215824487528,0.402940883428968,0,2.53128015312775,0,1.34292337842503,0,1.44355614779445,0.381555923152566,1.98835903946236,0.790941742282612,10.2355569751879,5.87816110518828,0.628396442152395,0.875305381249392,0.209583339562588,0.278115629491507,0.681447729045934,0.521965102841948,1.1149923815258,NA
"687","18069",0,0,5.35623193094833,0,0,3.32949567636171,0,5.33822893993984,0,0,3.48957023676267,0,0,0,0,2.34884124504125,0,0,0,0,0,0,0,0,0,0,0,0,0,41.535526380975,15.4878246234949,0,0,0,0,2.32035925924442,2.43626880327525,0,NA,NA,NA,NA,NA,NA
"688","18071",0,6.38923392032348,6.85120391027542,5.6252327006323,0,0.973201287531168,0,1.76350407033614,6.86203887482207,3.21875252075032,1.15989392935509,2.38665914031058,0.248297800665484,0.690086141213522,1.35498883693229,1.5603469601252,0.87216598050882,1.47890952585756,1.20441828583994,0,0,0.910703193364493,0.778313203517857,0,2.4005244380646,2.06859188294762,0,2.70243650559179,0,0.796340918223661,0.272117801728449,1.99702016830347,1.70626571474085,1.08438694190203,1.75484130941066,0.690340037985981,2.12015622670294,3.45590045784124,0.900432761869326,0.264875685327288,0.128367338661916,NA,NA,NA
"689","18073",15.495240879053,3.13230367769245,1.87478794362049,1.36998574929804,0,2.18177587870343,1.03330100164265,1.95200440557879,1.77286806298185,1.56889309354694,0,2.04316573797185,0,0,1.51400306291383,0,0.946396171560859,1.04842004634576,1.11625678023,0,1.23831467798534,0,4.02974963326498,0,1.16983608000655,3.15396259451227,0.906008596337688,0,2.3655716357737,4.70479875137435,0,0,0.476644234123166,4.97272404683558,1.88013711574859,0.31711070931947,0,0,0.994278618305616,0,NA,NA,NA,NA
"690","18075",0,6.38923392032348,0,3.09723040497987,0,0,0,2.84566894721925,0,0,0,9.99541267836974,0,0,0,1.74573491902384,0,1.95978962749384,1.97073370182906,0,0,1.9817057297349,0,2.12406354087716,0,2.16632126455453,0,3.9923661779542,1.68670727599099,1.41665114633875,0,0,2.5643290182003,NA,NA,NA,NA,NA,NA,NA,NA,NA,NA,NA
"691","18077",0,11.0886817491692,5.35776793515118,0,0,1.25643131533874,0,1.37962468297068,4.13889004460005,0,3.22086549096849,0,0,3.33140770636346,0,0,2.42237929421713,0,0,1.83970250066846,0.959454084244602,0,1.0710049292507,0,0,0,6.99356546757867,0,0,0,3.70975557222453,1.12280571387552,0,0,NA,NA,NA,NA,NA,NA,NA,NA,NA,NA
"692","18079",0,6.38923392032348,3.73038711983005,2.47378173269665,1.8265976137214,6.44215680062877,2.57521251829901,0.637585597107903,0.541124486583175,1.00984269379841,2.85094122883766,3.2679121596016,1.33156867415641,0,0.546855953522908,1.10419663744245,0.291271586950089,0.957077431467103,0.353572652011459,2.99014525474835,0.717419191456818,0,0.701454888644281,0.735792276564137,1.17849084956335,0,0,0.570053779558751,0,0,0,4.63026487156238,1.55104534508045,3.83847032068302,0.979540015434989,0,0,1.64930995066049,0.87190004222115,2.65751076933566,2.4048770758565,0.691599284307626,0,NA
"693","18081",0,3.45810439938785,2.3206362711029,3.36447716593153,1.28937259270726,1.7675125197872,2.78146498485939,1.21691463767038,2.07065919771137,1.50908292157623,0.634561232278722,0.752787144000984,1.25975127097431,1.03272003439804,2.01593623751198,1.14907020721344,1.13472274725185,1.06659284666414,1.23978434988274,0.923389969553464,1.57681120313422,0.510293563936385,0.103744881701332,0.992140290708603,0.655561503895596,0.846132427628256,1.52647931050831,1.26221300272636,1.02495994046217,1.6225660804326,0.30895290787249,1.33313113666819,1.92843266909404,1.045106609908,0.159366280423586,0.27241817611626,0.590442392570413,0.988196878044091,1.16568014188521,2.75386141537101,3.37142665419621,1.94406226553695,0.502232711136002,NA
"694","18083",0,0,2.86085361663031,2.28345580269797,0,1.8293051766038,3.25642144672413,1.37464812085424,1.18270676079851,1.05635023182424,0,2.94642737480706,0,1.82758535427723,0,0,1.02810799526469,0,0,1.7286506241289,1.94595186911437,0,0,0,0,3.17443930408813,3.21515857371487,0,0,0,0,0,0,0,0,0,NA,NA,NA,NA,NA,NA,NA,NA
"695","18085",9.50379865884122,4.20373720110854,2.49543848965504,1.76339788321926,0,0,4.05906816211177,3.45659414310289,0.927895530362762,1.54656464412767,0,1.32564967478689,0,0.732879054581625,0,0.982421865989376,0,1.37838487741248,0,3.36366643678595,1.55827843898157,0,0,0,0,2.17110442204812,2.45734534550515,2.34810907796286,3.77268257335302,2.75612848288497,0,0.951008101313114,2.60124919485687,0.789171258223557,1.46799847685048,0,0,0.808580804757277,NA,NA,NA,NA,NA,NA
"696","18087",0,0,0,0,0,0,9.82330751988082,0,0,5.01853497278549,0,0,1.7292100689808,3.23557147792245,1.41250639594568,2.39145264555292,1.00772610561383,0,0.899569876032863,0.926490737986055,0.974512456260564,0,1.15126390546344,1.23285956107021,1.26644250054538,0,1.32956430576334,0,2.86934053215316,1.36439684138358,1.25542201072955,1.14932953048253,0,1.10860305235762,0,2.50866967614857,1.25230342132112,2.33069077955456,NA,NA,NA,NA,NA,NA
"697","18089",0,4.68672442726124,0.890563283152887,3.94588126234633,3.78191384960403,3.48756055074773,2.04073188786879,1.12974973044374,3.69133042522574,2.0026089400328,1.66271560611892,1.16532904112768,2.39512381525071,0.67047755497709,0.959883028329494,1.31990774721566,1.11746981482005,1.59768251195879,1.2035351279107,2.17064738637291,1.31672644702998,0.911990494357955,0.383405367249458,0.9514724540016,1.71724012361218,0.802898369090117,1.14354638752167,0.166251116205164,1.31473535022049,0.788491375148696,1.16868532872081,0.984043160621287,1.77748590448082,1.19204604248537,0.294006163270973,0.86392224274273,2.08806444902821,1.10330080259731,0.893340578908874,1.19009327864237,0.890151955904992,0.595049012030336,0.878563899762269,NA
"698","18091",0,0,0,0,0,7.2728236210439,5.45943948707598,0,2.89660242275458,3.26859455358933,2.46292335244539,1.91775537167582,1.05501765375145,0.934156361639419,0,1.81865176273957,1.36266222126067,0.895672685481208,0.446096975630202,0,1.01034952893296,0.559981715640449,1.24287809970447,3.73216282618384,20.2748468451591,2.12755448628644,0.395767577307488,0.378737517196264,0,0,0.308347639319097,0.403917131362938,0.139408305007381,1.34321207539391,6.60462581171773,0.659285845690715,0.927315309153038,1.13398269645969,0.932995532663419,0.606387180961416,0.522323238527013,2.37433310591638,0.321880201138229,NA
"699","18093",0,6.38923392032348,9.50057681065498,0,3.85048690703613,0.964778204095861,0,1.57441159841995,0.773235173928876,6.73071032267134,6.17382179639571,0.863881830303748,0,1.00430981986699,2.07770463503078,0.182599728261712,0.56085154615139,0.790739071806722,1.05209451296783,0.668619660576642,0.475757135862926,0,0.301084326117003,0.716904874783494,0.432498896354799,1.03414407047359,1.17097429144438,1.23158094359904,0,1.90411071085571,0.627829492241814,2.98859262488558,0,0.530126749843796,1.06444353237443,0,2.9066542008629,0,3.30085503551883,0,1.38576827385607,NA,NA,NA
"700","18095",0,3.45810439938785,2.3206362711029,0,4.54179321167962,5.43559183762142,4.23450678937436,4.87171367327928,2.59939186564271,1.67289600740451,2.59112008724852,0.666385653141929,0.602661240923586,1.60876807815886,1.64012027232604,3.49533581707854,0.492956171762552,0.222992219792126,3.87923129733271,1.73818414039174,0.910152834396992,0.305914812914718,0.0870662760947955,0.471069991216672,0.540766391869069,1.38761311345214,1.26217643773847,0.661979949992757,0.601894241809438,0.465525819036064,0.413733036231434,0.731084912239489,1.98925752765232,1.60590828283685,0,0.19904935586872,0.531155106498885,0.939189059648977,1.42006921303473,1.09020786563357,0.832040082506523,0.69637983629734,1.52306142004479,NA
"701","18097",0,6.18999180381546,3.04705711031109,2.1606919440737,4.38802184595042,1.67052337669445,1.2205228920383,1.44680920941627,1.60011483943599,1.38134905048619,1.53948283392643,0.949632306954436,1.01416466885649,1.31246067887858,1.29936429671067,1.17390316311861,0.91065237913869,0.750566076537982,1.11041455222301,0.858754072047318,0.892239457708816,0.78887138245913,0.336721793888992,0.994585037590603,0.872834546746163,1.55246838068119,0.835502280422487,2.02197910021952,1.15303981891864,0.818402443618934,0.555594765090207,0.932027910268883,0.854083946360275,1.29924335118696,0.484844850183458,0.945780852719023,1.14905945208333,1.59853049754989,1.66357826598494,1.45693465098167,1.35140888432052,1.04404696197393,0.772865664585185,NA
"702","18099",19.617755579559,0,0,0,0,0,2.25865773466324,0,0,6.65058080024789,4.76264847460709,3.12034793107962,1.11319425611892,0,0.864541152499197,1.7072610328054,3.93612588631873,0,0,1.25624517702629,0.640601502111857,1.3337903109164,0,0.765089192861417,0.835440036059126,0,2.03577090824591,0,0,1.31544217336695,1.41644694018793,2.79390595800081,0,0,1.28605563733831,1.31898934587743,0,1.46189289232807,0,NA,NA,NA,NA,NA
"703","18101",0,6.38923392032348,0,0,2.99910157542646,0,0,7.58332898376295,0,0,0,0,0,0,0,5.80686333821895,0,0,0,5.08654887327518,0,0,0,0,0,0,0,0,0,0,NA,NA,NA,NA,NA,NA,NA,NA,NA,NA,NA,NA,NA,NA
"704","18103",0,0,0,0,0,0,0,20.9954278164577,0,0,2.81695161630552,2.27251026431019,5.17434338295903,0,0,2.11760185971774,2.86947290365912,0.840185956400348,0.765552340149809,0.729592174295305,0.726832975811081,0,0.851311115428709,0,5.21754775835169,0,0,0.855045678891046,0,3.67537067165686,0.869850880343721,3.08138750950016,4.17474199277228,1.75947254530383,6.86454204906433,5.04297756477745,0.362929059766002,0.390962309714787,0.36177224746304,0.279900691520864,0.210998971166626,0.762245084877412,0.622523464160195,NA
"705","18105",0,11.0886817491692,2.86173001875628,3.56663482877551,2.45237895659427,6.51424117444854,3.12035113452133,1.4679338873707,1.16237318195175,0.761033999053311,0.721560684638684,0.9643156391958,1.23148486276195,0.755078464649608,0,1.6778718603229,1.69871874878301,0.279549002428112,2.43195203349767,1.24000541188905,1.78755328918709,0.807555544121878,0.760177451254155,0.747671446018268,1.3179979917791,1.13355392797091,0.942622525777959,0.191324118291868,0,0.233680407699262,0.838414620151961,0,0,1.13606769332961,0,0,2.14447518559642,0,1.29289828373317,3.73272960941931,3.97509222668938,0,0.668603174766231,NA
"706","18107",0,6.38923392032348,3.73038711983005,2.47378173269665,1.8265976137214,1.4690017874283,0,0,5.07094345036562,2.13222173263872,1.72667109555348,0,0.689460175401036,0.692357731599191,0.732366783991303,1.56466776563139,0.812709152853787,0.830482213641111,0.841425561605084,0,0.940841691663504,1.99654568094901,0,0,0,0,1.88339249385416,0,2.61884738298955,4.74247192159558,0,1.5863410719465,3.88633906008254,2.02655101255324,1.62912432149333,2.01864454824585,11.5332353598906,4.73551325881331,1.12970333304489,0.431886173909881,0.193216988085917,NA,NA,NA
"707","18109",0,11.0886817491692,5.35776793515118,3.11466830727014,3.08626756415101,2.9050908730161,3.16389332002159,1.20967741499338,2.8960025067693,2.29676302361211,1.45348545534963,0.718573128419607,1.31734947788235,0.784245917217836,1.67508658504898,0.446410140932681,0.453501311115154,0,1.26135191039147,0.994509246542984,1.48138481631663,0.433002156585139,0.22385573431763,0.240784999423398,0.808023768761624,0.915190736858318,0,1.96611429024695,1.22753374678218,1.96978256102683,0,0.365646858587813,1.13387551161463,1.93391120720399,0,0.40987309054957,1.7223148394614,1.71950527159107,4.51979978559309,1.19031153247776,0.982291494210233,0.653631751940525,1.03342431215189,NA
"708","18111",0,0,0,0,0,0,0,25.1868783954183,0,4.36441101525944,0,0,1.26505521435193,2.49081389845094,13.8409235142104,0.453453107099832,0.643107971325254,0,0,0,0.747471118034874,0,0,1.90889255616963,5.195347090084,1.70177632026152,0,2.36758736857445,1.03726462652331,0,0,0,0,10.5023617235869,0.547038615231027,0,0.376235610834623,NA,NA,NA,NA,NA,NA,NA
"709","18113",0,0,0,0,0,7.2728236210439,0,0,0,4.93170705200987,0,6.75400115627098,8.00531117831568,2.34564074694831,0,0,0,1.60731100596605,0.895137770746038,0,0,1.34181466624295,2.84689867356296,8.77578415071022,1.41120159191715,1.02856605687635,2.05648745256354,0.705402399031039,0.658993510742624,0.658213155249812,1.68140496061729,0.680019402984336,1.36496826147038,0,1.07160402300157,0.748550045829052,0.792837690074664,3.89723153130139,0.347625629835897,0.637926854087089,3.68927672751775,0,0.688826263066734,NA
"710","18115",0,0,0,0,0,0,0,0,0,0,0,0,0,0,0,0,0,0,0,0,0,0,0,0,0,0,0,41.9273077940322,0,6.38923392032348,0,0,0,0,4.02360274335763,0,0,0,0,5.39788316542596,4.44355388830768,NA,NA,NA
"711","18117",0,0,0,5.25744058045737,3.96894916870393,0,0,4.71184411540479,0,3.41313440873322,2.72784192485594,4.96206201726723,0,0.620530763182825,0.581527725985965,1.72333065694845,0.576395432657566,0.596040154296852,0,0.715430244032433,2.34232438625549,1.55958218063692,0.741773849801412,3.31997971126379,2.18368230205579,0,1.68281621870201,0.397882052849981,5.93427178016681,0.276762513245364,0.710163585418713,0,0.679971755753291,0.24868271935379,3.24908341529702,5.87179268002666,0.528574822025749,0,0.135607852972425,NA,NA,NA,NA,NA
"712","18119",0,6.38923392032348,6.85120391027542,0,1.67012339482945,2.72193910302619,2.22099090410827,0.935070489940497,0.837723779864511,0.794255215566418,0,0.868927911175207,0,2.2291255079737,0,2.49206106315317,0,0,1.29738675494604,0,1.56097489406103,0,0,0,5.11308739700516,0,0,0,0,2.86434817155815,0,0,0,0,0,0,0,0,19.9313888454958,0,6.17317478937205,0,3.0902409396131,NA
"713","18121",9.50379865884122,0,8.17299498612728,1.67457885845669,0,0,1.13978150908323,1.19433452234544,0,0,0,0,0,4.07654619990398,0,7.74696484496051,0,0,0,2.11383763655786,2.09381329470887,1.94923020714523,0,0,0,0,0,0,0,0,0,NA,NA,NA,NA,NA,NA,NA,NA,NA,NA,NA,NA,NA
"714","18123",0,0,0,0,2.15491637715522,0,0,3.03609834692418,0,2.93309457345267,0,0,0,0,0,0,13.0174556183779,7.37209719892599,0,0,0,1.53287401356126,0,0,NA,NA,NA,NA,NA,NA,NA,NA,NA,NA,NA,NA,NA,NA,NA,NA,NA,NA,NA,NA
"715","18125",0,6.38923392032348,0,0,0,0,0,0,0,0,0,0,0,0,0,0,0,0,41.9213223983936,0,0,0,NA,NA,NA,NA,NA,NA,NA,NA,NA,NA,NA,NA,NA,NA,NA,NA,NA,NA,NA,NA,NA,NA
"716","18127",15.495240879053,5.82912529023472,1.62664062899948,3.29562156979777,3.84269846928024,0.577578689165221,2.80190743918767,2.26007680456687,2.42397592368571,2.41495130443343,1.18296146638212,1.35661337517318,2.91234339073175,0.625155982201843,0.115961760147013,0.924666283390845,0.242790711330329,1.57613285323633,1.50779330453833,0.278252946511804,0.990961807434539,1.14106573918468,1.13770898862645,1.66503358054642,1.6913749302625,0.841541508703735,0.572282407581732,0.344412678370873,1.19886904758349,0.634521019908507,0.815656347585031,0.87004545211457,0.309787034473319,0.506412562330878,2.3335574868041,0.718468896804866,1.06022038040316,0.349974298127116,1.74746903543839,0.348186223951782,1.06523979569528,NA,NA,NA
"717","18129",0,6.38923392032348,3.73038711983005,0,2.14548227446624,0,0,2.02168136025455,0,0,0,0,0,0,0,0,0,0,0,38.4233693585352,0,0,0,5.25701948795885,0,3.70149237776653,0,0,0,3.16038724375709,0,0,0,0,8.85673055994223,3.17534821843053,0,0,1.83126012477503,NA,NA,NA,NA,NA
"718","18131",0,0,0,0,0,0,0,0,0,0,0,0,0,0,0,41.9184479525812,9.50369944384267,2.89938887710212,3.49444421537357,2.9452124576348,1.31924918336673,0.735193196636458,0,0.708190792284168,0.388229146609586,1.31486168699155,0,NA,NA,NA,NA,NA,NA,NA,NA,NA,NA,NA,NA,NA,NA,NA,NA,NA
"719","18133",0,0,5.35623193094833,0,0,8.61951573632287,0,3.12509248980605,0,4.20916849606956,0,1.56251739321085,0.725380424173084,2.05576643003804,2.46838734975771,2.10242171966397,0.895934607468976,1.19465968662687,0.373632049723738,0.37729891036755,0,0.480565941932802,2.77243560204149,2.23858207943307,0.515800830140654,1.85732314701954,1.2393512758061,0.383385871437462,0,0.833352867781651,0,0.566850765935283,1.3561849246619,1.51590002024586,0,0,0.928976198720502,3.8058543628114,2.50963510403184,3.29365426156862,0,2.22481034818953,0.783594585561917,NA
"720","18135",0,0,9.4989667055933,0,0,2.15892542636476,1.93843297314274,0,0,3.66727702133894,0,0,1.76368045183662,0,3.62619446435938,1.62168939131718,0,0,0,0,4.1625781154139,0,0,0,0,5.47362235644482,0,2.22865116500976,0,0,1.97868372758987,0,0,0,0,4.10859468596571,0,NA,NA,NA,NA,NA,NA,NA
"721","18137",0,19.8478462045306,1.68477855728031,3.97439802068848,2.01251943353512,0.524415298400246,1.81477583488132,2.383086386349,2.04075479979179,0.592990515376144,1.61023751710785,1.93469073700715,0.876078097358847,1.80833231566378,1.80935122644169,0.977766137937437,0,0.159689500154877,0.355633334848549,0.420808951548357,0.772717842230118,0.627853482709989,1.1016232194766,0,0.456401651305179,0,1.7895380653606,1.30057545232552,0,0.729247374437991,2.23908425569316,0.726426577373115,0,1.48631021128484,0,0.840040897314007,0.918330432819698,0.991996314901917,0,1.16655631128266,1.23729880113792,0,3.89707048632312,NA
"722","18139",0,11.0886817491692,0,0,3.84518071246361,0,1.51379088614767,2.74115637747797,1.19942556052556,2.08683009030601,0,1.75677217274785,1.64426510656098,0,0,0,1.08443908955791,2.4910193888958,2.4873726894111,0,1.06066881168263,0,3.05534055094595,0,0,2.0794278446627,1.04241982284203,0,0,5.6155866893022,1.85957285460132,0.763962997845052,0.669024504879416,0.630656497467142,0,0,0.876445402186653,1.06895153011211,1.24332153672181,1.32340057033473,NA,NA,NA,NA
"723","18141",10.3971782329245,0.550211416820152,0.384325027273585,0.653977460444454,1.83349650396668,1.17372777223079,0.291502507707721,1.19062083589381,3.67462234985157,1.91658392579428,1.58764107627405,1.18041388338051,2.46589382799466,1.6084715497807,1.08364442263412,1.65402703254442,1.15089078019889,0.666975449348767,1.21658892971781,1.65103028995868,0.457453939490457,0.154662276452514,3.10226592148862,2.71006923077449,1.90767571920102,2.42888360924074,1.14707731212763,0.471300484826384,0.324215902656181,1.00194480538548,0.429638120041863,0.829903357727581,1.70614909516222,1.62826344358324,0.939512281607954,0.392220086530901,0.627995586713846,0.735113314733601,0.570900199226043,0.438013736881952,0.166978546722714,0.845017521069112,0.751517577564867,NA
"724","18143",0,0,0,0,0,0,0,0,0,0,39.6625246461326,2.84542598793994,1.57084511834574,1.12422866991867,0,0,2.99376278002985,0.993550013093091,0,1.97717535549856,2.73264853418724,0,0,0,1.86908353954551,1.01773788777967,2.09233316003427,1.94745998630422,0,0.846201643727382,1.65084648063914,0.809093822713084,3.75793862318637,1.88884891447886,0.532941556446535,0.485095243720839,0.476924158097564,0.993037160492883,2.54125766166913,0.494918497730096,1.88448738679186,0.441410697403815,0,NA
"725","18145",0,0,5.35623193094833,0,10.6723450936593,5.73575941011379,1.74195334135528,0.63982648596319,1.0806551963731,1.94233718565382,2.17376860677633,0.779701229791467,2.11074233537384,1.55527736794729,2.16549196291495,1.40074924593204,1.03493659149083,0.955853306611588,0.371944621019106,0.950965129811188,0.600423985140526,0.859265879071401,0.465351747352538,0.511563394609404,1.92706771870014,2.92975611460256,0.477384842629872,1.29889999552554,1.1936636426434,1.65975694755414,0.862679637090639,3.14006945029744,1.22006425650722,2.53102051401786,0.395056696463737,0.367760300807606,0.645161071597876,0.295136747073293,0.772700516835488,1.48309844863709,0.665840547707581,0.562639617005966,0.298374033092317,NA
"726","18147",0,0,0,0,0,0,0,0,20.1118374377734,8.49011672233275,0,0,2.82658974890012,0,0,0,0,0,5.68400225743504,0,0,0,0,0,0,0,0,0,0,0,0,0,NA,NA,NA,NA,NA,NA,NA,NA,NA,NA,NA,NA
"727","18149",9.50379865884122,0,0,0,0,0,0,0,0,16.0552589437473,0,0,5.27602311944969,3.66931226883069,2.59804458485875,1.94380292691384,0,2.8414602227596,0,1.24004139723474,0,1.32212544107422,0,0,0,2.38190267787726,0,0,0,0,8.79917678504592,0,0,4.72456808261099,0,0,1.7171694469196,0,0,0,2.69331133222332,0,NA,NA
"728","18151",0,0,5.35623193094833,0,0,6.16909632661256,4.39806067150072,2.98481117652943,1.09035787041199,0.893284860936683,1.57901096670691,0,0,0,0,0,2.15219367270557,2.66775196160238,4.85590095910954,1.79216694372826,0,0,0,1.47698694721096,0,3.82059153636536,1.78262698956778,0,0,0,1.74750601007775,1.88443998901206,3.58163566625758,1.49679658721746,0,12.6867154095582,NA,NA,NA,NA,NA,NA,NA,NA
"729","18153",0,0,0,0,0,7.2728236210439,5.45943948707598,0,0,0,0,0,0,6.68535514132962,0,0,4.88490466561761,3.58250245761935,0,0,0,2.60026953037804,0,0,3.14809974968614,2.88089200438904,2.35970699092969,0,0,3.48401438083959,0,1.56163156353873,0,0,4.88127278259545,0,0,0,0,0,NA,NA,NA,NA
"730","18155",15.495240879053,0,0,0,1.98689756136669,3.73002932806891,1.60129000230422,2.62916601325726,2.09174105129955,0,0,1.70780996163868,0,0.989553970007189,0,0,0,0,0,0,6.26640841498283,0,0,0,0,5.77525937033303,0,0,0,0,5.45994518726244,0,0,0,0,0,0,NA,NA,NA,NA,NA,NA,NA
"731","18157",0,3.45810439938785,2.3206362711029,4.85203865052386,1.16694109024976,2.70902788389958,0,2.01755064658453,0,2.45283505990728,0.58483162674657,3.7189382062432,0.900887198601331,0.400211341944752,1.8501371640311,0.696416247995089,0.684827838727021,0.699536225432425,0.734509182244484,0.395307392005898,0.867520079596439,0,0.557558664674741,0,3.73280274990286,1.44414865025429,1.29834972452455,0.583965738470578,1.09322964814196,0.534489452299548,0,1.82069303217981,1.27128859921051,4.14491812606908,1.9201498073185,5.247092885265,1.24098166808597,1.36061624485138,1.31505589291225,0.744351726350847,0.720031921916119,4.7540225624149,2.62807333761052,NA
"732","18159",0,6.38923392032348,0,0,0,0,7.34256747858779,0,0,2.44101187763372,0,0,2.37999020556279,0,0,5.31662100033264,2.19256893159161,0,0,0,0,2.34750409519044,0,0,0,0,0,15.3902620060675,0,2.12504948535286,0,0,4.41128641238559,0,0,1.30049567674463,0,0,0,4.28455805825376,0,0,0,NA
"733","18161",5.3593048205652,0,0,3.68147273666069,0,0,0,0,8.19382814426288,0,0,0,0,0,0,0,0,0,0,21.8953497570326,0,0,0,0,5.86008197739057,0,0,0,0,0,NA,NA,NA,NA,NA,NA,NA,NA,NA,NA,NA,NA,NA,NA
"734","18163",0,0,0,12.6099043814729,4.5605122752623,5.1962993061825,5.28600119581076,0,0.416204379420272,0.774772474609394,1.16055443826209,3.71305348971277,0.659582088080249,0.60049667677432,0.854166891999945,0.284367594162946,0,2.6861866397335,1.36341167925812,0,1.0152504821409,0.345785332656118,1.09078726295158,1.87568186690314,2.16230787864271,1.61540962766792,1.13935329388972,1.27758708016805,0.477527951093755,0.239242926675919,1.97869074838485,1.9494056364281,0,2.04758225511759,0.859263240852927,0.417419228045306,1.45650497663035,1.03397950729648,0.82667004327826,1.63668165503021,0.795634305076168,0.782974959627534,0,NA
"735","18165",0,0,0,0,0,3.98175475735187,0,0,0,0,0,7.05632734256448,0,4.88949698427263,0,2.98096112156637,0,0,2.42653487170822,0,0,0,0,0,0,0,0,0,0,0,0,NA,NA,NA,NA,NA,NA,NA,NA,NA,NA,NA,NA,NA
"736","18167",0,3.45810439938785,0,0,0,2.39520173035497,6.5853988509943,0,1.39982291012251,0,2.31767765125176,0,1.13465233693356,7.77781547277417,4.46903199544915,0,2.42820621405051,1.14851922555843,1.02137852846555,0.244272554677757,0.25339578727245,0,0,0.448672419597367,1.76533659652518,1.4046523659213,2.15946963761048,3.67695799682958,0.489266226416044,0.842291586290834,0,0,0.957103727862254,0,0,0,0,0,5.25610051363195,0,6.66345608771649,0,2.48251726153907,NA
"737","18169",0,0,0,0,0,0,0,0,0,33.1870148289224,9.26398476107807,0,1.62443152693428,1.30915295739937,0,0,0,0,0,3.42097570646402,3.74886542854051,0,0,2.6811644390354,0,0,4.96111643646136,0,0,10.8569048561292,2.80421409695479,3.60482138842772,3.96722319884963,1.13393889636384,2.01301375743305,0.75834255839547,0.870094018971515,0.511316649957166,NA,NA,NA,NA,NA,NA
"738","18171",0,0,5.35623193094833,0,0,0,0,0,0,0,0,0,0,0,0,0,41.5302221110215,0,0,0,9.34325929877276,0,2.48247890853124,1.96516081631508,0,0,0,2.00688421006863,5.87626238796989,0,0,0,0,0,0,0,0,0,0,NA,NA,NA,NA,NA
"739","18173",15.495240879053,0,6.00330198337047,2.55146469481815,0,0,0,0,2.4903533240356,2.7178127639591,1.28031576283808,5.99264213222743,2.72280563724831,1.48134340990995,1.56733410182371,1.00636834609056,0.312518583879981,0.630559309607746,0.670208119161887,0.370263368886039,0.837441456514842,4.30210010540361,0.763928434786547,0.678558678162435,0.938765573868473,0.305184287923091,2.99711457048496,0,2.45505279874182,0.254380794461767,0.497422744231176,0.511366023205386,0.277319207969082,0.317781511181936,1.48176187572988,3.13867584841593,0,2.40068928202939,0,0.605709696212427,NA,NA,NA,NA
"740","18175",0,6.38923392032348,0,3.09723040497987,2.41078022702504,0,1.83808806647987,1.67889712339657,0,4.36322506484098,3.45709438307041,1.74967742063639,1.39182756657258,1.17942552095571,0,1.09062845277748,0.569933381790546,1.21701268264707,0,0,1.67929106723741,0.918884147985028,0,1.08028095185257,1.14493626326723,0,1.29755985375621,1.35249382840144,2.62290775702962,0,0,2.39236214477932,3.29443372719287,3.53375601786338,0,0,0.623341397881381,0,1.54188330197214,0.87199316872769,0,1.08264950847222,0,NA
"741","18177",0,0,0,0,0,0,9.82330751988082,6.54543167428919,0,7.90252644702092,0,2.62850446742394,2.08312474213765,2.51993814460354,2.03741417246273,0,0,0.590699457825769,0,1.59610820111202,0,1.09226401152331,1.19585578810847,1.22646505541524,1.20185636640599,4.26386582107365,0.870475444515029,0,1.43417794103242,0,0.758049312384098,0,0,2.4430416264854,0,4.1426599466128,0,1.11215297543103,2.02204484847701,0.922431489025835,0.872017232268092,NA,NA,NA
"742","18179",0,0,0,0,0,0,0,0,20.1118374377734,0,0,0,0,0,0,0,0,20.1115791501064,0,0,5.29639369690608,0,0,0,0,4.58408374186689,0,0,0,4.58322279157615,0,0,0,4.19273229595333,0,0,0,0,0,0,9.31895699947633,6.45566378393805,0,NA
"743","18181",0,6.38923392032348,0,0,2.99910157542646,0,0,0,0,0,0,0,0,0,0,33.8543183311589,9.31138118948819,0,0,2.83192532815685,0,2.39866395005223,2.17549921397978,0,5.10876840287969,1.3346741831677,2.13650468644209,3.34771339314394,4.80817690152896,3.27372995698377,2.31614843726731,0.228003480844318,0.812131264894447,0.783623206424496,1.18827081299819,4.61989835233116,2.51734750300818,NA,NA,NA,NA,NA,NA,NA
"744","18183",0,0,5.35623193094833,3.68219830428101,0,2.30942471437372,1.95170539651802,1.67075616209261,2.81359133007328,0,0,0,2.63884842366074,1.3560264388553,1.32129054538471,1.23713486581485,1.14495597667599,0,1.11952617974815,0,1.31310856451171,1.41351017685457,0,0,0,0,0,0,0,0,0,0,37.8056033796581,3.6918655726613,1.98342586624125,0,0,NA,NA,NA,NA,NA,NA,NA
"745","19001",0,0,0,0,0,0,0,0,0,0,0,0,0,0,0,0,0,0,0,0,0,0,0,0,0,0,0,0,0,0,0,0,0,0,0,0,0,0,0,0,0,0,0,NA
"746","19005",2.32178982821869,0,1.03012992974867,0,0,0,0,0,0,0,28.7599251057221,1.3953260659132,0,0.681851710611203,0.624391948436799,0,1.42920250153839,0,0.942783956958758,1.05727420821747,0,2.44399993001942,1.19212245089737,0,2.26733338661887,1.07093432831225,6.21047330093223,1.30293184869168,2.00518220507514,1.61382906560665,0.350689916525026,0.336629780882594,1.37326977247482,2.0699308874357,3.7275738086994,1.02575898265362,2.91305261861858,0.344292802791075,0.157912355769687,0.160630337457528,0.533744033846977,1.02988027905785,0.241429917052674,NA
"747","19007",0,0,0,0,0,0,0,0,0,0,0,0,0,0,0,0,0,0,0,0,41.9273037904936,0,0,0,0,0,0,0,0,0,0,0,0,0,0,41.8189999421519,0,0,5.35621361105208,NA,NA,NA,NA,NA
"748","19009",0,0,0,0,0,0,0,0,0,0,0,0,0,0,0,0,0,0,0,0,0,0,0,0,0,0,0,0,0,0,0,41.9273077940323,0,14.6904074042041,0,NA,NA,NA,NA,NA,NA,NA,NA,NA
"749","19011",0,3.45810439938785,2.3206362711029,0,4.54179321167962,0,0,0,0,0,4.22862109298318,2.1594179076771,1.87727757310587,1.54036042264617,3.65054535133675,0,0.883632478592871,0.848419069948973,2.46145763546328,0,0,0.864883897341884,0.947467983262782,0,2.33622146911956,0,1.26462893699738,0,0,1.59984916883189,1.72523518222367,1.7198905112416,0,4.471808124949,0,1.12827715477138,0,1.108996501632,1.1597879509686,1.20188077297916,NA,NA,NA,NA
"750","19013",0,2.3705768629988,0,1.52536514486096,2.73177833624671,0,0,0,1.51777638400118,0,1.98424490260394,0,4.20751356112322,3.40649724166665,0,3.33137153603273,3.43599882566281,1.33078693832582,6.67542760696322,1.92757440304824,1.43347246568087,2.81137966480387,2.36500429821032,0.852941343655032,2.49583406262935,2.50654956303361,1.97883477685425,1.5258172189261,3.22175079358156,3.9009054103068,0.365018070970202,0.982429030969673,2.33356389321841,2.90986598392096,0.354439384835835,1.78470438604578,1.20163169067748,1.59814814049409,0.613765055701813,0.570040510836773,0.637315622000801,0.576481689502175,0.680185629374934,NA
"751","19015",0,0,0,0,5.8621602337794,0,0,4.2688406547888,0,0,0,3.70008825681131,0,0,0,0,0,0,0,0,0,33.0619055291014,0,0,0,0,0,0,5.56328521856239,0,4.8017890861012,6.30824547072131,3.84352420110774,4.77743295789711,5.12851287929602,0,2.01062319957342,NA,NA,NA,NA,NA,NA,NA
"752","19017",0,6.38923392032348,0,0,0,0,0,0,7.832702021354,0,5.32390377948546,13.2224712998145,0,1.00092119396438,8.74559436523031,1.29381160461226,0,0.588038909947967,1.14093058307527,0.293769496334976,0.322459727412733,0.371360803111531,1.29597653516387,1.43221339363335,1.92846460163654,1.34588644325806,0.821290677902232,0.390760473273082,0,0.443164759022587,0.519142813640529,1.23597716349643,NA,NA,NA,NA,NA,NA,NA,NA,NA,NA,NA,NA
"753","19019",0,0,0,5.25744058045737,0,0,0,0,5.09017922955181,0,0,7.68592997888361,0,0,0,2.29024366859814,0,0,2.81516452239343,2.6870586070806,0,0,0,0,0,0,14.805355845012,0,0,0,3.60758170069989,0,0,0,3.82290816926477,3.43912289485469,1.39488730212419,1.15143596656283,1.00227224992865,0.925204915652585,0,NA,NA,NA
"754","19021",0,0,5.35623193094833,0,0,0,0,0,0,0,0,0,0,0,38.4292029874159,0,0,5.35444202834475,0,0,0,0,8.26468044015503,0,4.95617007669517,4.89401944904342,NA,NA,NA,NA,NA,NA,NA,NA,NA,NA,NA,NA,NA,NA,NA,NA,NA,NA
"755","19023",0,0,0,0,0,0,0,0,0,0,0,0,0,0,0,0,0,0,0,0,0,0,0,0,41.9273077936325,0,0,0,9.34328727054725,0,8.4321376846237,0,0,1.00544756806246,0,0,0,0,NA,NA,NA,NA,NA,NA
"756","19025",0,0,0,NA,NA,NA,NA,NA,NA,NA,NA,NA,NA,NA,NA,NA,NA,NA,NA,NA,NA,NA,NA,NA,NA,NA,NA,NA,NA,NA,NA,NA,NA,NA,NA,NA,NA,NA,NA,NA,NA,NA,NA,NA
"757","19027",0,0,0,0,0,0,0,0,0,0,0,0,0,0,0,0,0,0,0,0,0,0,0,0,0,0,0,0,0,0,0,0,0,0,0,0,0,0,41.9273077940323,0,6.38923392032348,6.85120391027542,0,NA
"758","19029",0,0,0,0,0,0,0,0,0,0,0,0,0,0,0,0,0,0,0,0,0,NA,NA,NA,NA,NA,NA,NA,NA,NA,NA,NA,NA,NA,NA,NA,NA,NA,NA,NA,NA,NA,NA,NA
"759","19031",0,14.6904074042041,2.32121290634198,1.49350843322932,1.14526393956153,0.986732399389436,0.921455824193766,0,1.94238020458745,0,0,1.24827965284274,1.36501768664503,0,6.77639138461467,1.0381943058841,0.834724006419019,0,0,0.816883748891195,0,1.18118422215681,1.39678581760477,0,3.17935307038667,1.43662688872003,0,0,1.34978820527336,0,1.63993105018437,0,0,0,2.79523328179942,0,0,3.39948415134022,3.00395860566595,0,4.24066565638898,NA,NA,NA
"760","19033",0,0,0,0,3.15138939200099,3.00737558970827,4.7889259783673,1.73245397689216,0,1.21888053529197,2.23237062833209,0,0,0,2.70720984627332,0,0,1.72623070295856,0,0,0,0,3.69353181553834,0,0,0,0,0,0,0,0,0,0,0,0,0,0,0,0,0,0,0,0,NA
"761","19035",0,0,5.35623193094833,0,0,0,0,0,0,0,13.0113996646906,7.50742054059073,0,NA,NA,NA,NA,NA,NA,NA,NA,NA,NA,NA,NA,NA,NA,NA,NA,NA,NA,NA,NA,NA,NA,NA,NA,NA,NA,NA,NA,NA,NA,NA
"762","19037",0,0,5.35623193094833,0,0,0,0,0,0,0,0,0,26.9231806163799,0,0,0,0,0,7.27201796671844,0,0,0,4.93170664264563,0,0,0,0,0,NA,NA,NA,NA,NA,NA,NA,NA,NA,NA,NA,NA,NA,NA,NA,NA
"763","19039",0,0,0,0,5.8621602337794,0,0,0,0,0,0,0,13.86250875187,0,0,0,0,0,0,0,0,0,0,0,0,0,0,41.8189998912835,0,NA,NA,NA,NA,NA,NA,NA,NA,NA,NA,NA,NA,NA,NA,NA
"764","19041",9.50379865884122,0,0,0,0,0,0,0,0,0,0,0,0,0,0,0,0,41.9203934121307,0,0,0,0,0,0,0,0,0,0,34.1314925026598,0,0,5.34979175621536,3.68136095838011,NA,NA,NA,NA,NA,NA,NA,NA,NA,NA,NA
"765","19043",0,0,0,0,0,7.2728236210439,0,4.90026697475059,0,2.98122992004889,0,2.27984776522041,0,0,2.28668635145404,2.24537679051046,0,0,0,0,0,0,0,0,0,23.7518909237661,0,0,5.32891232860874,6.76327138651581,2.14562056484141,1.54545300476624,0,0,2.46946127903283,3.46744982079062,0.997437138846918,0,1.67763011591622,NA,NA,NA,NA,NA
"766","19045",0,0,5.35623193094833,9.39618523238536,1.82695484528641,3.62579335661109,4.78955993926808,0,0.486748941601174,0.463056879588342,0,1.10304508265687,1.25483412584108,2.01031968787638,2.52373863578514,0.554705966673661,1.95704542071899,1.29599371572057,0.791192360148315,0.383967700009865,0,0.4511712081037,0.532356372209004,0.643254111966301,1.51411046345803,0,0,3.03453739979726,0,0,1.10625523427104,0,0,0,2.18547343895849,2.44732154988256,0,0,NA,NA,NA,NA,NA,NA
"767","19047",0,0,0,12.6099043814729,0,0,1.69393468720768,0,1.60619665519296,0,0,0,0,0,0,0,0,0,0,0,0,0,0,0,41.9134525302953,9.50364483523527,7.64132539567723,0,3.82172182478886,1.15465132624826,0,1.41426374185515,3.07808595530398,6.7348471670815,5.60472837605748,NA,NA,NA,NA,NA,NA,NA,NA,NA
"768","19049",0,1.21977147106955,0,0,1.83325136233793,5.19892181007118,1.4127581777648,2.24870114244188,1.79438063793957,0.756410453482655,1.36093479741751,0.642716948591656,0,0.705443352459847,0,0,0,0.855046076429163,0,1.5608134984204,0,0,2.45601663099411,2.39090087137007,7.30500052388826,2.39561433476428,0.868119296415503,0,4.42318358089767,1.5544506754731,1.72841803953784,2.84111778105427,7.81084364882634,4.50783033168706,3.52654813027562,0.640384675671801,0.997876547808556,2.71924872078152,2.2971247819612,2.80833424124077,2.61656679114647,0.437171056573764,0.726203953896146,NA
"769","19051",0,0,0,0,5.8621602337794,NA,NA,NA,NA,NA,NA,NA,NA,NA,NA,NA,NA,NA,NA,NA,NA,NA,NA,NA,NA,NA,NA,NA,NA,NA,NA,NA,NA,NA,NA,NA,NA,NA,NA,NA,NA,NA,NA,NA
"770","19053",0,0,NA,NA,NA,NA,NA,NA,NA,NA,NA,NA,NA,NA,NA,NA,NA,NA,NA,NA,NA,NA,NA,NA,NA,NA,NA,NA,NA,NA,NA,NA,NA,NA,NA,NA,NA,NA,NA,NA,NA,NA,NA,NA
"771","19055",0,0,0,0,5.8621602337794,0,0,0,0,0,0,0,0,0,27.4156609336801,0,0,0,5.25123261321057,0,0,0,0,14.9248575316479,0,3.02230265371236,0,0,NA,NA,NA,NA,NA,NA,NA,NA,NA,NA,NA,NA,NA,NA,NA,NA
"772","19057",0,0,0,0,0,0,9.82330751988082,0,0,0,0,0,12.3397402449987,0,0,0,0,3.09819437900485,2.98841768792937,4.78058116589025,0,0,1.45395839627007,0,4.32588966290965,2.47243845016911,0,0,0,1.10204488137076,2.42490183826357,0,1.30736331920988,0,0,0,0,0,7.03031742320247,3.03506111924987,NA,NA,NA,NA
"773","19059",0,0,0,0,0,0,0,0,0,0,0,0,0,0,0,0,0,0,0,0,0,0,0,0,41.9273077936325,9.50379865883971,0,3.13125374550534,2.30189591096804,0,0,1.83604316205991,0,0,0,0,0,0,NA,NA,NA,NA,NA,NA
"774","19061",5.3593048205652,0,0,0,2.06749900322506,3.97534165053845,3.26451820929612,3.03544488285948,0,0.416763827220535,0,0.453504604366098,0.534652807894978,0,0.85079507757627,3.00488202936886,0,2.89900896091804,0.847910802686286,0,2.25511897143794,0,0,1.66619812100919,1.7389842741149,0.864416875717609,2.44140943554245,0.733369488300109,1.34219546396449,1.24308796737111,0.59313988556829,1.73114645472366,5.01776716903705,3.00104503397895,2.72111097686628,1.44256570972478,0.173430482001659,1.43999660082594,0.772864299641499,1.08353219210289,2.41835541453715,1.52470254407887,1.95610114527395,NA
"775","19065",0,0,0,0,0,7.2728236210439,0,0,0,0,0,7.16293998229991,0,0,0,0,0,0,9.75345222345943,0,0,5.01815410535303,0,0,0,3.72606992446875,0,0,0,4.11163692143939,0,0,9.43335925251514,3.93780965841473,3.72379167481516,0.870876997523117,0.708501728689596,1.87884491454373,0,0.600538282608057,0.644382358831963,0,0.844597764843995,NA
"776","19067",0,0,0,NA,NA,NA,NA,NA,NA,NA,NA,NA,NA,NA,NA,NA,NA,NA,NA,NA,NA,NA,NA,NA,NA,NA,NA,NA,NA,NA,NA,NA,NA,NA,NA,NA,NA,NA,NA,NA,NA,NA,NA,NA
"777","19069",0,0,0,0,0,0,0,0,0,0,0,0,0,0,0,0,0,0,41.9271145325661,0,0,0,0,0,7.27282362103187,0,0,0,NA,NA,NA,NA,NA,NA,NA,NA,NA,NA,NA,NA,NA,NA,NA,NA
"778","19073",0,0,0,0,0,0,0,0,0,0,0,0,0,0,0,0,0,0,41.9271145325661,0,0,12.7986336637762,4.36520849435487,3.85101602052978,0.88068729385117,0,NA,NA,NA,NA,NA,NA,NA,NA,NA,NA,NA,NA,NA,NA,NA,NA,NA,NA
"779","19075",0,0,0,0,0,0,0,0,0,0,0,0,40.6838341098687,0,11.0848853623895,2.86160617230781,1.86252633334857,0,0,1.38031616977915,1.44266075500962,0,1.61646582879071,3.12026885358391,0,0,0,5.63831788878342,0,1.11202786317804,NA,NA,NA,NA,NA,NA,NA,NA,NA,NA,NA,NA,NA,NA
"780","19077",0,0,0,0,0,0,0,0,0,0,0,0,0,0,0,41.914019435866,0,0,2.86085271683349,0,0,0,0,3.76364272498018,0,3.85227240622003,0,0,0,10.49032957618,3.33278757744207,1.13739100148365,4.81834476373302,1.72044169178472,3.0161053246914,NA,NA,NA,NA,NA,NA,NA,NA,NA
"781","19079",0,6.38923392032348,0,0,0,0,0,0,0,0,0,0,0,0,0,0,0,41.8996184158857,22.6273905876832,0,0,0,0,0,0,0,0,0,0,NA,NA,NA,NA,NA,NA,NA,NA,NA,NA,NA,NA,NA,NA,NA
"782","19081",0,3.45810439938785,0,0,0,0,0,0,0,0,0,0,0,0,0,0,0,0,0,0,0,0,0,0,0,0,0,0,0,0,0,0,0,0,0,0,0,0,0,0,0,0,NA,NA
"783","19083",0,0,0,0,0,0,0,0,0,0,0,0,0,0,0,0,41.9215156064661,0,0,0,0,5.86216022437916,0,4.26509821603138,3.16830759242764,0,0,0,2.39808959152879,2.41610413588919,2.19502945552479,0,0,1.85070138627444,1.81587318490668,0,0,0,NA,NA,NA,NA,NA,NA
"784","19085",0,0,0,0,7.4681547308052,1.44869997933054,0,0,1.0755751290636,1.11581640847491,0,0,0,0,0,0,6.12554885984275,0,5.08709909136914,0,0,0,0,0,0,0,0,18.125674349842,8.34073997079542,0,3.10853496087295,0,0,0,0,0,0,7.13099409735415,0,0,0,0,0,NA
"785","19087",0,0,0,0,5.8621602337794,0,4.26509821608114,0,0,5.40764272700958,0,1.93810563213724,0,3.24086322879536,1.42229211102925,4.61316874627175,1.74087655883147,0,1.28512672700719,1.21280918737263,0,0.643981769326502,1.39588185180817,0,0,3.69494467555985,0.88468901678038,0,0,1.78907466702191,0.928760178858097,0,1.06363431496782,0,0,1.56599744586256,0,0,0,0,0,5.77506941952548,5.01686864573725,NA
"786","19089",0,0,0,0,0,0,0,0,0,0,0,38.5206446780483,0,11.0748813894609,0,0,0,0,0,0,0,12.8717531763988,0,3.16044714205268,6.1194242899334,0,0,0,0,2.87068161369501,NA,NA,NA,NA,NA,NA,NA,NA,NA,NA,NA,NA,NA,NA
"787","19091",9.50379865884122,0,5.82730717907272,0,0,0,0,0,0,0,0,0,0,NA,NA,NA,NA,NA,NA,NA,NA,NA,NA,NA,NA,NA,NA,NA,NA,NA,NA,NA,NA,NA,NA,NA,NA,NA,NA,NA,NA,NA,NA,NA
"788","19095",0,6.38923392032348,3.73038711983005,2.47378173269665,1.8265976137214,0,0,1.51287393972086,0,0,0,0,3.8058480842525,0,0,0,0,0,0,9.61641525501596,0,9.68691598525623,5.18248510553466,1.60324484163795,0,0,0,1.31823525971921,2.9202046749211,1.4357961419489,1.30950622219515,1.16758402899066,0,0,1.22516341312294,0,1.62039290405911,1.74854026472808,NA,NA,NA,NA,NA,NA
"789","19097",0,0,0,5.25744058045737,3.96894916870393,0,2.51693394390719,0,0,0,0,0,0,0,0,0,0,0,0,0,41.5041505992493,0,0,0,0,0,0,0,0,0,0,0,0,40.6838341098669,0,NA,NA,NA,NA,NA,NA,NA,NA,NA
"790","19099",0,6.38923392032348,0,3.09723040497987,2.41078022702504,1.9309240613554,1.59894123541596,1.37307640179936,0,1.24035774630773,0,0,0,0,0,4.32364532658893,4.34869442906826,0,2.82639238079791,2.22159019763383,4.95738750373263,2.35261018188843,4.89619472055173,2.77749516838456,2.01554440197366,0.960995410206348,1.64797504911845,2.60841633543677,0,0.404495364356413,3.486809604395,0.872959076315193,0.802535929781423,1.20901233072527,2.51010886174534,2.5300513267226,0,2.35255162549334,1.66093595958824,1.32702770084393,1.13643553185521,NA,NA,NA
"791","19101",9.50379865884122,4.20373720110854,0,0,0,0,0,0,5.70688010569608,0,0,0,0,0,0,0,0,27.17693264843,5.02113054748289,0,0,0,0,0,0,0,0,0,0,0,0,0,NA,NA,NA,NA,NA,NA,NA,NA,NA,NA,NA,NA
"792","19103",1.12132707253967,0.440818769442345,1.0143777369734,0.894376998986209,1.28221031796907,0.429394797807821,0.602641845886065,0.810390589012852,0.527840384569009,0.57978187390657,0.851610996108689,0.698601772613113,3.09988141631494,2.14492256537791,2.15063933698001,2.31594423175218,1.53170453470002,2.34137049390036,1.15342735459311,0.664596089033388,0.636496454769875,0.50329719128982,0.462669175041053,0.855332633176486,0.762760739203661,1.24795772995667,2.01228739293468,1.967156236366,1.55611327954751,4.77451087618661,0.845175892685723,0.134142250417139,0.796203420440778,0.339346438740269,0.36982997954204,0.584325974371526,0.686518100522331,0.367131201967824,0.685013047835078,1.34429183004078,1.21291719491311,1.11337925575785,0.697347154563552,NA
"793","19105",19.617755579559,0,1.71032013452566,0,0,1.3503475076576,0,0,0,5.23311261041539,0,0,0,4.58894713665196,1.96549611488486,0,1.55321619249137,1.43250800829863,1.33298252769583,0,1.30511218654065,1.31846894164116,1.30653652323461,1.26500872587494,0,0,0,1.74338073793826,0,2.32604153975241,2.29836099057451,2.0132940878055,3.23828798474104,0,0,NA,NA,NA,NA,NA,NA,NA,NA,NA
"794","19107",0,0,5.35623193094833,0,0,0,3.72919312407338,0,0,0,0,0,0,0,0,0,0,0,0,0,41.7301315012181,0,0,0,0,0,0,5.56338721373314,0,0,0,0,0,7.1965150995399,0,0,0,NA,NA,NA,NA,NA,NA,NA
"795","19109",0,0,0,0,0,0,0,0,0,0,0,0,0,0,0,0,0,0,0,0,0,0,0,0,0,0,0,0,0,0,0,0,0,0,0,0,0,0,41.9273077940323,0,0,0,0,NA
"796","19111",0,0,0,0,0,0,0,0,20.1118374377734,0,0,5.2963937607928,0,0,0,0,0,0,0,13.0113968201499,0,5.88910126175928,0,5.73244972936345,2.01240504559888,0,1.41452000618725,3.70506786837575,1.03705193041091,0.908920312980144,NA,NA,NA,NA,NA,NA,NA,NA,NA,NA,NA,NA,NA,NA
"797","19113",5.3593048205652,0,1.06318938023863,4.19553622176408,5.89041707176476,5.14359232635926,1.45327932454367,4.84117247442463,2.20975884271687,0.363298028862842,0.722519287559398,1.14739352573681,1.56943362051962,1.58261579179125,1.0215424088553,0.652520455985699,0.709299445999063,1.17202509872578,0.66560772367684,0.694322447145341,0.589777290926825,1.17790670544437,0.580054322455942,0.960378226120974,0.368745848170801,2.2865790294078,2.50351760197482,4.54529661176087,0.768140206213729,2.23701028651243,0.223756660515555,0.45707323229544,1.06485343021083,1.42254855719254,0.927953175530506,1.47852216235871,0.685219102506037,0.713671891817106,0.616527103903827,0.154030250353686,1.34953849689526,1.17681018382978,1.21635774973563,NA
"798","19115",0,19.8478462045306,1.68477855728031,10.6461477862308,4.18417572279231,2.81405637770392,2.64342497901142,1.85004503953263,0.654741784344133,0.301122054820301,6.12365294121477,1.15292548566386,0,0.159343224288792,0.438072946599167,2.05066110993128,0.186566928156021,1.76349303605533,0.39643404948593,0.204066856100456,0.581046975243297,0.161820816492304,0.473308546562877,0.115234332370434,0.291160018190948,0,0,1.70641487668649,1.25185422225677,0,0,NA,NA,NA,NA,NA,NA,NA,NA,NA,NA,NA,NA,NA
"799","19119",9.50379865884122,0,0,0,0,0,0,0,10.279691019091,6.96111399174092,0,0,2.80983713450182,0,0,0,0,0,0,0,0,19.0257851246084,8.42192173156749,7.47751479624038,3.93593512629429,0,2.10074971563358,0,0,1.0041987904482,1.11787763058885,NA,NA,NA,NA,NA,NA,NA,NA,NA,NA,NA,NA,NA
"800","19121",0,0,0,0,0,0,0,0,0,27.462168420246,0,0,5.33539930341771,0,0,0,0,0,0,8.74419003880616,0,0,0,0,0,0,9.80135083983973,6.54275894472074,0,7.90245749861524,0,1.35678167825036,0,NA,NA,NA,NA,NA,NA,NA,NA,NA,NA,NA
"801","19123",9.50379865884122,0,0,0,0,0,4.64153255959367,0,0,0,0,5.61348257898542,0,0,0,0,0,6.99546452894328,0,8.74697683817744,0,0,0,2.11719788527678,0,0,0,0,0,0,8.81654600940863,0,0,0,5.10774508988458,12.2831842080458,3.22461921591038,0,0.866144893231444,NA,NA,NA,NA,NA
"802","19125",0,6.38923392032348,0,0,0,3.29105432191909,0,0,0,0,0,0,9.26137383077593,0,5.45925433738828,0,0,0,3.28314086329835,0,3.14683339607696,0,2.61101682108227,0,0,4.53094988062026,3.70139622204513,0,0,NA,NA,NA,NA,NA,NA,NA,NA,NA,NA,NA,NA,NA,NA,NA
"803","19127",22.6278264790165,2.07471286701976,0,2.00378647252665,0,0.864963565430937,0.900747954133105,0,0,2.60482952900445,2.62812407393095,1.18500855140424,2.99432782285971,1.61451415956073,4.91830487625941,1.35953168473074,2.12555088885326,1.44765859642947,0.508633883459181,1.19563243395289,5.40000918884091,1.29604243786972,7.91658735158295,1.27301903560692,2.58968941832697,0.600678778335718,0,1.14484547116365,2.62615185292703,1.1713113638914,0.876684317538561,0.774493973371633,0.730999765482547,0.240674694710794,1.06529631946184,1.54359772686625,1.98789677815364,0.873720726922623,NA,NA,NA,NA,NA,NA
"804","19129",0,0,0,0,0,0,0,0,20.1118374377734,0,0,0,0,0,0,0,0,0,0,0,0,0,41.5359066176818,0,0,0,0,5.86215645572325,0,0,NA,NA,NA,NA,NA,NA,NA,NA,NA,NA,NA,NA,NA,NA
"805","19131",0,0,0,0,0,0,0,0,0,0,0,0,0,0,0,0,0,0,0,0,0,0,0,0,0,0,0,0,0,41.9273077940323,0,0,0,NA,NA,NA,NA,NA,NA,NA,NA,NA,NA,NA
"806","19133",9.50379865884122,0,0,7.48585479866243,0,0,0,1.54220225582989,0,0,0,0,0,0,0,0,0,0,0,0,0,0,0,0,41.9215035939628,0,0,0,0,0,0,0,0,0,0,37.6298754659942,5.29939835592071,0,0,NA,NA,NA,NA,NA
"807","19135",0,NA,NA,NA,NA,NA,NA,NA,NA,NA,NA,NA,NA,NA,NA,NA,NA,NA,NA,NA,NA,NA,NA,NA,NA,NA,NA,NA,NA,NA,NA,NA,NA,NA,NA,NA,NA,NA,NA,NA,NA,NA,NA,NA
"808","19137",0,0,0,0,0,0,0,0,0,0,0,0,0,0,0,0,0,0,0,0,0,0,0,0,0,0,0,0,0,0,0,0,0,0,0,0,0,0,NA,NA,NA,NA,NA,NA
"809","19139",5.3593048205652,5.07103436978264,1.55051003940262,0,1.06153295679018,2.93395245717187,0,2.5434951441948,2.23980115034582,1.28232954241961,0.571516385735689,1.59116481695519,2.41613502733595,2.49580191408929,2.70308030116588,2.63594732454618,2.05286945331188,1.49351944077893,1.40943477109791,1.37077792050589,0.577238777271757,0.679710239715067,2.2373172760732,1.17115455373996,1.49288677622758,1.37249763149432,1.09647604516007,2.37655526626831,0.75706044010484,0.771566786097428,0.628611647222175,0.76932049507944,1.1987752684614,1.68961812292561,0.666268075187936,0.39973769042352,0.551012559267855,0.734256049113521,0.561445031614043,0.887570364776488,1.34504614208797,1.18906290461117,1.45956962829191,NA
"810","19141",5.3593048205652,0,0,0,0,0,0,0,0,0,0,0,0,0,0,0,0,0,0,0,0,41.927305311404,0,3.45810439897458,2.32063627108572,1.75255593377326,0,1.4025020021784,1.35675068880472,1.31624671885903,1.26453657092753,0,NA,NA,NA,NA,NA,NA,NA,NA,NA,NA,NA,NA
"811","19143",0,6.38923392032348,0,0,0,0,0,5.40378702260529,0,0,4.58679362661442,0,6.00104116776191,0,1.8717119542938,0,1.59030924996096,0,0,1.93307647692146,2.02580572136773,0,5.39991759378497,0,NA,NA,NA,NA,NA,NA,NA,NA,NA,NA,NA,NA,NA,NA,NA,NA,NA,NA,NA,NA
"812","19145",9.50379865884122,0,0,0,0,0,0,0,10.279691019091,0,5.72987542003889,0,0,0,0,0,0,0,0,0,0,0,0,40.5818474812275,0,0,0,5.25734645613056,0,0,0,0,0,0,9.32432598678943,6.45629421081388,3.78095122986536,0,2.03572231075424,NA,NA,NA,NA,NA
"813","19149",15.495240879053,3.13230367769245,0,0,0,0,0,0,0,0,0,0,29.2004550140186,9.17320913226585,7.60529643285951,0,0,1.50907186449589,0,0,0,6.42078706646313,0,0,3.09178675784805,0,0,2.74481572362888,3.71829060728966,5.49987882352147,2.47988357513726,NA,NA,NA,NA,NA,NA,NA,NA,NA,NA,NA,NA,NA
"814","19151",0,0,0,9.34328727054725,0,0,0,NA,NA,NA,NA,NA,NA,NA,NA,NA,NA,NA,NA,NA,NA,NA,NA,NA,NA,NA,NA,NA,NA,NA,NA,NA,NA,NA,NA,NA,NA,NA,NA,NA,NA,NA,NA,NA
"815","19153",2.32178982821869,1.92194617911589,2.21516724518952,1.38432473266635,1.18595861925671,3.0883344842633,2.13869480816945,1.93290730616907,2.16079163766023,0.611609364790851,0.672873875667425,1.40291923544487,0.952549113037175,1.3586691754446,0.312299517498134,0.216685643644168,0.821331301407622,0.774901218282515,0.993412182353232,2.3562358343813,1.92745495775152,2.14558879958761,1.79344126469842,0.937742538483082,2.38077927641406,1.35893631626954,0.929882002558164,2.11341815917455,2.48967386898029,1.10706756752648,0.776734244230477,1.59702938865508,2.61227651178058,2.13341469735852,1.5233258114254,0.44636531263539,0.993310476074629,1.54325174436023,1.29089308767771,2.83569601922198,2.19762098740201,1.33013058267481,1.66518308233382,NA
"816","19155",0,0,0,2.80455791705411,0,0,0,0,4.49786116872796,4.0984562001485,0,2.6944248051079,4.11857851342086,0,1.39280281496249,1.26421140739757,2.30568419420105,0,1.03937363483728,0,0,0,3.34233172103201,0,1.84707625041579,4.77691913883927,0,0,0,0,0,0,5.64195005683478,0,10.4386200845844,2.42469456533153,0.832280609194477,1.32513077853736,1.71021397355053,2.00933278642592,1.76371088099241,1.16981951834819,1.74191267731498,NA
"817","19157",0,6.38923392032348,6.85120391027542,0,0,1.58843817399454,0,0,0,2.46170462419259,2.64278209993881,0,0,0,0,0,0,0,0,0,0,0,0,0,41.429419281895,0,6.3884820237484,6.85111157679121,5.62522480529094,1.18642381696599,0,4.53959281500732,9.2323712560582,3.10555234618821,0,0,0,0.896782784437302,0.2105900888267,0.261853905843012,1.31001995179296,2.57865279193808,1.76063777661534,NA
"818","19161",0,0,0,NA,NA,NA,NA,NA,NA,NA,NA,NA,NA,NA,NA,NA,NA,NA,NA,NA,NA,NA,NA,NA,NA,NA,NA,NA,NA,NA,NA,NA,NA,NA,NA,NA,NA,NA,NA,NA,NA,NA,NA,NA
"819","19163",0,0,9.4989667055933,9.42285946630439,0,2.88033660410894,0,3.87711531590919,1.07263272193692,1.39380363112078,1.6430595179482,2.161830173423,2.15339988758821,0.796395114243002,2.54836866298943,2.70178502837773,1.73153125657024,1.44678594538391,1.25598854948307,1.23554103444447,0.390086432620051,0.296944025517817,0.638960680618751,0.594006065641665,2.21044590810406,1.18387536104025,0.514461741478805,0,1.60108187667347,1.09018359356118,0.420429182857417,0.878890105413858,1.21538198313475,1.52587847289181,0.302248314098096,1.2137625974141,0.308672553269193,0.651047607734387,0.703538606667542,0.769745703797101,1.24792297051619,1.0837028047578,0.878187862048746,NA
"820","19165",0,11.0886817491692,0,0,0,4.04808629873242,0,1.7729624260247,0,0,0,0,0,0,0,0,0,24.5922490752598,0,10.9334912107744,0,0,0,0,0,0,0,0,0,0,0,0,0,0,0,41.9092179960714,0,NA,NA,NA,NA,NA,NA,NA
"821","19167",0,0,0,5.25744058045737,0,0,0,0,5.09017922955181,4.32093511767359,0,2.70982570475408,4.12477056974268,0,0,0,0,0,0,0,0,0,0,0,0,0,0,0,0,0,0,0,0,0,0,0,41.9273077840116,0,6.38923392032208,6.85120391027537,0,8.35640428103103,4.85034693711362,NA
"822","19169",0,6.38923392032348,0,0,0,0,0,0,0,18.5491311461866,0,3.29111927274487,0,0,0,2.3938263647873,0,2.73754441070331,0,0,0,3.11880585109864,7.80211767993484,0,6.37136930154748,0.872618624768407,0,0.649649462922629,1.29134836902771,0,0.748318863566528,1.64619066350182,0,0,1.09064269030789,2.34141352663752,1.15729130385269,1.10023561756375,0,3.98051908655048,0.865767497470034,0.777307335413579,3.41989119321482,NA
"823","19171",0,2.3705768629988,0,0,1.59514377235859,4.54393555497885,1.28007764710426,1.08415751290367,0.953885745320548,2.54349155956133,2.18404992977078,2.98494744919449,3.21674796155751,0.363105319053962,1.55617090871298,1.91565054628723,0.983134127413043,3.64570023266801,1.24390510220074,1.0666246443714,1.2262250141284,1.85778545135769,0.79833260637338,0.331177588240397,0.341262577303883,0.859759549164811,0.273518972148818,8.19741568647888,0.946969691354274,1.8766924834676,0.119420219755824,0,0.646831562750754,1.60608690063504,0.141115716090478,0,0.373080780892666,0.11195270054276,0.279200519479104,0.713594619672335,1.76038463091116,1.91916881146524,1.37921280792851,NA
"824","19173",0,0,0,0,0,0,0,0,0,0,0,0,0,0,0,0,0,0,0,0,0,0,0,0,0,0,0,0,0,0,0,0,0,0,0,0,0,NA,NA,NA,NA,NA,NA,NA
"825","19175",0,0,0,0,0,0,0,0,0,0,0,0,0,0,0,0,0,0,0,0,0,0,0,0,NA,NA,NA,NA,NA,NA,NA,NA,NA,NA,NA,NA,NA,NA,NA,NA,NA,NA,NA,NA
"826","19177",0,6.38923392032348,3.73038711983005,4.6719127493297,1.5902391591234,0,0,0,0,0,0,0,0,18.7828132794323,0,0,0,0,0,0,0,0,0,0,0,0,0,0,0,0,0,0,0,0,0,NA,NA,NA,NA,NA,NA,NA,NA,NA
"827","19179",0,0,0,0,0,0,0,0,0,0,0,0,0,41.5359066678638,0,0,0,5.25742293011903,3.96894743687814,0,4.7487935204307,1.7750890574402,0,0,0,1.63588315797078,0,0,0,0,0,6.176241007228,0,8.63686522573576,2.65599285553135,0,0,0,9.92256892088168,8.13066058949218,11.9350853383792,5.31755077458546,NA,NA
"828","19181",0,0,0,0,0,0,15.9172924009947,4.27079228494539,4.75886802866948,2.93529381636228,1.04940248923142,0.863426677883235,0.786751777645409,0.771200124778744,0.793036869913791,0,1.86574085831982,0,1.07764032579272,0,1.27696976335968,1.35694421091336,1.37536091138831,0,1.39721294814447,0,2.92854462957045,0,0,0,1.78961592707121,0,0,2.65378834025102,0,2.7665804163727,2.44347305847489,5.53920992488963,0,1.12097067978751,1.00217399468055,NA,NA,NA
"829","19183",0,2.3705768629988,3.23826481535192,2.37481152038621,2.72066923529003,0,1.34709672133791,3.02473450296485,3.01405406507545,3.8104263508979,0.581649740157344,1.68340184374873,0.842979441434496,0.399039671820818,0.609088730978838,1.07434008466747,1.13707157040309,0.712822154990565,1.22095076006068,2.14286260933114,0.448238212116902,1.69465323989082,1.18788881297189,1.11916927601849,0.894121922901992,0.531110963407933,0.727883026660683,0.954849651534906,0.607602382414374,0.652668521272809,0,0,2.2574617968606,0.355421176049174,0,1.68912570740881,0.8734335813174,0.448942484280797,0.933344199746462,1.43819368590853,0.486823229920916,1.4781035766955,0.493886725483882,NA
"830","19185",0,0,0,NA,NA,NA,NA,NA,NA,NA,NA,NA,NA,NA,NA,NA,NA,NA,NA,NA,NA,NA,NA,NA,NA,NA,NA,NA,NA,NA,NA,NA,NA,NA,NA,NA,NA,NA,NA,NA,NA,NA,NA,NA
"831","19187",0,0,0,0,0,0,0,0,0,0,0,38.5206446780483,0,0,0,0,0,0,0,0,0,27.4621682139488,0,6.304272371207,0,0,0,6.10277212566706,0,0,0,0,2.86829507234486,0,0,3.5193061419254,0,0,NA,NA,NA,NA,NA,NA
"832","19189",0,0,0,5.25744058045737,0,0,0,0,0,0,0,0,0,0,0,0,0,0,0,0,0,0,0,0,0,0,0,41.9273077892228,NA,NA,NA,NA,NA,NA,NA,NA,NA,NA,NA,NA,NA,NA,NA,NA
"833","19191",0,0,0,0,5.8621602337794,0,4.26509821608114,0,0,0,3.23308982039442,0,0,0,0,0,0,9.26131905935503,0,0,0,0,0,0,0,0,0,27.459681608805,0,6.3042680007391,3.72027001794159,2.47240709844639,3.50030654836111,1.31212972062871,10.1112720955505,0,0,0,0,0.923291678455757,0,0.743939807439849,0,NA
"834","19193",9.50379865884122,0,0,0,2.96787517096382,0,2.87266704783146,0,0,0,8.11762592504057,1.99919522160262,0,0,0,1.51101534211464,3.1673663270205,1.48604860815885,3.73111286507434,2.81336594655908,0,0.661015089658959,0.642425757774487,0.667309328122293,0.723476432647575,2.30441812541529,6.56044530391301,0.954719957736828,2.52229309872532,8.62741910195866,2.6719559536651,1.92579608342236,4.68058946219169,5.57761649650111,2.65119974320611,1.75621410580354,3.08767610955307,0.409183272362638,0.157220703057161,1.95435091498356,1.58135717467521,0.381690284874726,0.404527655001293,NA
"835","19195",0,0,0,0,0,0,0,0,0,0,0,0,0,0,0,0,0,0,0,0,0,0,0,0,0,0,NA,NA,NA,NA,NA,NA,NA,NA,NA,NA,NA,NA,NA,NA,NA,NA,NA,NA
"836","19197",0,0,0,0,0,0,0,0,0,0,0,0,0,0,0,0,0,0,0,0,0,0,0,0,41.9273077936325,0,0,0,0,0,0,0,20.9954278164577,0,0,0,0,0,NA,NA,NA,NA,NA,NA
"837","20003",0,0,0,NA,NA,NA,NA,NA,NA,NA,NA,NA,NA,NA,NA,NA,NA,NA,NA,NA,NA,NA,NA,NA,NA,NA,NA,NA,NA,NA,NA,NA,NA,NA,NA,NA,NA,NA,NA,NA,NA,NA,NA,NA
"838","20005",0,0,0,0,5.8621602337794,0,0,0,0,0,0,9.62389731246907,0,0,0,0,0,7.2344347212184,0,4.89878372103759,3.40188152032031,0,0,4.05957987037021,0,0,1.76343757320857,0,0,0,0,3.6565510653273,0,3.83794801417192,0,NA,NA,NA,NA,NA,NA,NA,NA,NA
"839","20007",0,0,0,0,0,0,0,0,0,0,0,0,0,0,0,0,0,0,0,0,0,0,0,0,0,0,0,NA,NA,NA,NA,NA,NA,NA,NA,NA,NA,NA,NA,NA,NA,NA,NA,NA
"840","20009",0,6.38923392032348,3.73038711983005,0,0,0,0,3.01395296431114,0,0,0,0,0,0,9.55121118829453,0,5.47422494185787,0,0,2.98021340525553,4.88037216350957,0,0,0,0,0,0,0,0,0,0,0,0,0,NA,NA,NA,NA,NA,NA,NA,NA,NA,NA
"841","20011",0,0,0,9.34328727054725,0,0,0,0,0,0,0,0,13.1023645164747,12.9514811686413,3.0283674341235,0,0,0,0,0,0,0,0,0,0,0,0,0,0,0,0,0,0,0,0,0,0,0,0,0,0,0,NA,NA
"842","20013",0,NA,NA,NA,NA,NA,NA,NA,NA,NA,NA,NA,NA,NA,NA,NA,NA,NA,NA,NA,NA,NA,NA,NA,NA,NA,NA,NA,NA,NA,NA,NA,NA,NA,NA,NA,NA,NA,NA,NA,NA,NA,NA,NA
"843","20015",0,0,0,0,0,0,0,0,0,23.4218400665048,8.8189206732066,0,1.62059336574865,0,0,0,0,0,0,0,0,15.4235617279351,0,6.10245757766089,0,3.08878519477292,2.40926087095604,0,0,0,2.26880259793087,0,0,0,0,4.73140487531391,4.20751830996691,3.08996466440985,0,0,0,0,0,NA
"844","20017",0,0,0,0,0,0,0,0,0,0,37.6298754659942,0,0,0,0,0,0,NA,NA,NA,NA,NA,NA,NA,NA,NA,NA,NA,NA,NA,NA,NA,NA,NA,NA,NA,NA,NA,NA,NA,NA,NA,NA,NA
"845","20019",0,0,5.35623193094833,3.68219830428101,0,0,0,0,0,0,0,0,0,0,0,0,0,0,0,0,0,0,0,0,0,0,0,41.927307788823,0,0,0,0,0,0,NA,NA,NA,NA,NA,NA,NA,NA,NA,NA
"846","20021",9.50379865884122,0,0,0,0,0,0,0,10.279691019091,0,5.72987542003889,3.62810941411102,0,0,0,0,0,0,0,9.73454231178139,0,0,0,5.17848486238367,0,0,0,0,0,0,0,0,0,0,0,0,0,41.5348050229594,0,0,0,0,0,NA
"847","20023",9.50379865884122,0,0,0,0,0,NA,NA,NA,NA,NA,NA,NA,NA,NA,NA,NA,NA,NA,NA,NA,NA,NA,NA,NA,NA,NA,NA,NA,NA,NA,NA,NA,NA,NA,NA,NA,NA,NA,NA,NA,NA,NA,NA
"848","20025",0,0,0,0,0,0,0,0,0,0,34.1314925026599,NA,NA,NA,NA,NA,NA,NA,NA,NA,NA,NA,NA,NA,NA,NA,NA,NA,NA,NA,NA,NA,NA,NA,NA,NA,NA,NA,NA,NA,NA,NA,NA,NA
"849","20027",0,0,0,0,0,0,0,0,0,0,0,0,0,0,0,0,0,0,0,0,41.9273037904936,0,0,12.7986336785627,0,0,0,0,0,0,0,5.81496309490485,0,0,0,0,0,0,NA,NA,NA,NA,NA,NA
"850","20029",0,0,0,0,5.8621602337794,4.56895436484149,0,0,0,0,0,0,0,0,0,0,0,0,0,0,0,0,0,0,0,0,41.9273033096329,0,0,0,0,0,NA,NA,NA,NA,NA,NA,NA,NA,NA,NA,NA,NA
"851","20031",22.6278264790165,5.66362575854778,2.02981805078594,2.71392979890337,1.0313485835973,0,0.881107586528827,2.20568101440111,0.436125795241921,2.12557377870948,1.18786965853504,1.10030060971652,0.350048663709841,0,0.782952809502177,0,1.07518768093988,0.635439427362443,2.77953851314537,0,0,0.722858028614355,0.781718639312324,0,0,0,1.71568065326569,0,0,0,0,0,0,0,0,0,27.2457653006364,0,NA,NA,NA,NA,NA,NA
"852","20035",0,0,0,0,0,0,0,0,0,0,0,0,0,0,0,0,0,0,0,0,0,41.9273073131734,0,0,5.35623193094181,0,0,0,0,0,0,0,NA,NA,NA,NA,NA,NA,NA,NA,NA,NA,NA,NA
"853","20037",0,0,2.86085361663031,0,0,2.41549883563406,2.33933064786155,0,0,0,0,0,7.8952216072329,0,5.14551778204241,0,3.01213835916595,0,0,0,0,0,0,0,0,0,0,0,0,0,0,0,0,41.9153307089116,0,0,0,5.25744045293592,0,0,0,0,NA,NA
"854","20041",0,0,0,0,0,0,0,0,0,0,0,38.5206446780483,0,0,0,0,0,0,0,0,NA,NA,NA,NA,NA,NA,NA,NA,NA,NA,NA,NA,NA,NA,NA,NA,NA,NA,NA,NA,NA,NA,NA,NA
"855","20043",0,0,0,0,0,0,0,0,0,0,0,0,0,0,0,0,0,0,0,0,0,0,0,0,0,0,0,41.9273077940322,0,0,0,0,0,0,0,0,0,0,28.780203310455,0,0,NA,NA,NA
"856","20045",9.50379865884122,0,3.13125374550534,1.75044773342605,0.487573235754633,3.77052738138512,0,0,0.351575105273223,2.59380967367145,0,0,0.45076587493333,0.517162799211046,1.76709086474308,1.25875822539829,0,0,0,0.92259964420066,0,1.41499557230982,0,1.94081089459206,1.95220969527924,0,1.7785864673436,0,0,0,0,3.2174636670055,6.20476502618175,4.33066989315787,0,1.22715222483213,0,0,1.26934184294233,1.42220965095272,0,0,0,NA
"857","20047",0,0,0,0,0,0,9.82330751988082,0,5.48292375749834,0,3.04583908718777,0,0,0,NA,NA,NA,NA,NA,NA,NA,NA,NA,NA,NA,NA,NA,NA,NA,NA,NA,NA,NA,NA,NA,NA,NA,NA,NA,NA,NA,NA,NA,NA
"858","20049",0,0,NA,NA,NA,NA,NA,NA,NA,NA,NA,NA,NA,NA,NA,NA,NA,NA,NA,NA,NA,NA,NA,NA,NA,NA,NA,NA,NA,NA,NA,NA,NA,NA,NA,NA,NA,NA,NA,NA,NA,NA,NA,NA
"859","20051",0,0,5.35623193094833,6.76984580054302,0,0,0,0,7.57014737399421,0,0,0,0,0,0,0,0,0,0,0,0,0,0,0,NA,NA,NA,NA,NA,NA,NA,NA,NA,NA,NA,NA,NA,NA,NA,NA,NA,NA,NA,NA
"860","20055",0,0,9.4989667055933,2.83328513797813,8.16081318510508,0.997300029269726,0,0.676528684992317,0,0.747021763159024,0,3.07576709082761,0,2.15915512748179,0,1.00722036852303,2.88512240242727,4.76283008170081,2.34599030026384,1.77230185815096,2.0964714945982,0.295746935106863,3.593197239759,11.4707032430755,3.0915364168815,0,1.90303736320631,1.46056298050968,1.16841006644931,0,4.42648781091392,2.68589228805706,1.02609501059786,0,0.658004037507818,NA,NA,NA,NA,NA,NA,NA,NA,NA
"861","20057",0,0,0,0,0,0,0,0,20.1118374377734,0,0,12.6844894362435,13.2889908064351,2.36693555984136,0.51772871949023,5.5209349363961,4.61889703859588,5.05696264218936,2.30941434456901,1.47327308875304,3.03096845510663,0.328226365425912,0.889916694026321,3.0844348939348,2.05355275807882,1.91675645266072,0.947898665059019,1.20560717514555,0.555641393303024,1.09456081426621,1.45813132094586,0.523722691753814,1.32583938309781,0.874006650191714,0.334848823883461,NA,NA,NA,NA,NA,NA,NA,NA,NA
"862","20059",0,0,0,0,5.8621602337794,13.7731148243641,0,0,1.15277999395663,0,0,2.68385796250202,0,0,1.72621318779211,0,0,0,0,6.75768637083851,0,0,0,0,0,0,0,0,0,0,0,0,0,0,0,0,41.9157245376484,0,6.38922494426468,0,5.76834481760425,2.0154230271771,2.96559885917624,NA
"863","20061",0,6.38923392032348,0,1.60800813701712,0,0,0,5.35410792911793,3.09508722042671,0,0,0,0,0,0,0,0,0,0,24.3365582215392,0,0,5.33807798518047,0,0,0,0,0,0,NA,NA,NA,NA,NA,NA,NA,NA,NA,NA,NA,NA,NA,NA,NA
"864","20063",0,0,0,0,0,0,0,0,0,0,0,0,0,0,0,0,0,0,0,0,0,0,0,0,0,0,0,0,0,0,0,0,0,0,0,0,0,0,NA,NA,NA,NA,NA,NA
"865","20067",0,0,0,0,5.8621602337794,8.23997229269908,2.51761227198082,0,2.86415479541507,0,NA,NA,NA,NA,NA,NA,NA,NA,NA,NA,NA,NA,NA,NA,NA,NA,NA,NA,NA,NA,NA,NA,NA,NA,NA,NA,NA,NA,NA,NA,NA,NA,NA,NA
"866","20069",0,0,5.35623193094833,0,0,3.32949567636171,2.86102729495087,0,0,2.25446072294558,0,0,2.5537200554993,NA,NA,NA,NA,NA,NA,NA,NA,NA,NA,NA,NA,NA,NA,NA,NA,NA,NA,NA,NA,NA,NA,NA,NA,NA,NA,NA,NA,NA,NA,NA
"867","20073",0,0,0,0,0,0,0,0,0,0,0,0,40.6838341098687,0,0,0,0,0,0,9.82330589852019,0,0,0,0,0,0,0,0,0,0,NA,NA,NA,NA,NA,NA,NA,NA,NA,NA,NA,NA,NA,NA
"868","20075",0,0,0,0,0,0,0,0,0,0,0,0,0,41.5359066678638,0,0,0,0,0,0,15.9172921124863,0,0,NA,NA,NA,NA,NA,NA,NA,NA,NA,NA,NA,NA,NA,NA,NA,NA,NA,NA,NA,NA,NA
"869","20077",0,0,0,0,NA,NA,NA,NA,NA,NA,NA,NA,NA,NA,NA,NA,NA,NA,NA,NA,NA,NA,NA,NA,NA,NA,NA,NA,NA,NA,NA,NA,NA,NA,NA,NA,NA,NA,NA,NA,NA,NA,NA,NA
"870","20079",0,0,0,0,5.8621602337794,0,0,0,0,5.46005000151352,4.45799457128428,0,0,0,0,0,0,6.66286634347817,0,0,0,0,0,0,0,0,0,0,0,0,40.6838025298309,0,0,5.35579809102168,0,3.29762336315071,0,0,NA,NA,NA,NA,NA,NA
"871","20081",0,0,17.7241089402367,0,1.19918744114555,0,0,0,0,0,0,0,0,12.955890664562,NA,NA,NA,NA,NA,NA,NA,NA,NA,NA,NA,NA,NA,NA,NA,NA,NA,NA,NA,NA,NA,NA,NA,NA,NA,NA,NA,NA,NA,NA
"872","20085",0,0,0,0,0,0,0,0,0,0,0,0,0,0,0,0,0,0,0,0,0,0,0,0,0,0,0,0,0,0,0,0,0,0,41.9273077940323,0,0,0,0,0,0,0,0,NA
"873","20087",0,0,0,0,0,0,0,14.0040270250776,0,0,5.20437410910821,0,6.10076295319574,0,0,0,0,0,0,0,0,12.3053417098219,0,0,5.23162873799507,0,0,3.32809000771381,2.86077448970225,0,0,0,0,3.20293730237835,0,0,3.81245946945731,0,0,NA,NA,NA,NA,NA
"874","20089",0,0,0,5.25744058045737,0,0,0,4.20585389023139,0,0,0,0,0,0,9.31895846114885,0,0,0,0,0,0,0,0,0,0,0,0,0,0,0,NA,NA,NA,NA,NA,NA,NA,NA,NA,NA,NA,NA,NA,NA
"875","20091",1.6850824659663,0.96725038861213,1.426871787304,2.19018788451124,0.888979524990066,1.62211448579341,2.87672976358309,0.712150457784859,1.43132081324157,0.66029606410828,1.26617175789012,0.759679399419469,0.904506552525925,0.50207886979003,1.4889072236742,0.534557143251334,1.92280135603545,0.600546372704594,0,2.38077656425958,1.5486891970934,0.351231471803358,0.962816228362813,0.756100663527306,0.636183724177936,1.10965733218776,0.849800462419433,0.244808863249393,0.443862440685722,0.691081121786516,1.31019817811299,0.819949062568927,1.68467072881831,0.825552244374673,0.692885513016678,1.14326926478294,0.687724013507015,0.937427403333929,1.19847674699751,0.850873619195099,1.80682304347879,1.37178418073275,0.647904722183397,NA
"876","20093",0,0,5.35623193094833,6.76984580054302,0,7.56345014064943,0.999299349940267,0.771880616802976,0,0.680760426642662,1.42770473710035,0,1.67921872954692,2.52839455717185,0,0,1.61088044132093,NA,NA,NA,NA,NA,NA,NA,NA,NA,NA,NA,NA,NA,NA,NA,NA,NA,NA,NA,NA,NA,NA,NA,NA,NA,NA,NA
"877","20097",0,0,0,0,0,0,0,0,0,27.462168420246,0,NA,NA,NA,NA,NA,NA,NA,NA,NA,NA,NA,NA,NA,NA,NA,NA,NA,NA,NA,NA,NA,NA,NA,NA,NA,NA,NA,NA,NA,NA,NA,NA,NA
"878","20099",0,0,0,12.6099043814729,0,1.86746375756996,4.17006398723619,1.05568885226732,1.73013010472139,0,4.72902107040935,0,0,0.52904021953714,0.568213454635868,0,0,0,0,0,0,0,0,14.8066953668874,0,0,0,0,5.85217607005322,0,0,0,0,0,NA,NA,NA,NA,NA,NA,NA,NA,NA,NA
"879","20103",2.86260695800588,3.03158080064382,3.83804709932841,0.693035387316527,0,1.67631363370175,1.08755239674935,1.59485656764394,1.99835756687074,0.461093327700295,0.878945762380182,1.69081118171199,0.812953685444913,1.18875778946554,1.53101160218414,1.09379361376344,5.03002157644747,0.498941240120067,0,2.76000364102014,1.74393598888025,0.783102051889403,0.735391548473694,0,2.96685331154222,0,1.15645327922416,0.724978366435718,1.02851508934509,0.152132713712612,2.20949109804521,0.629973445874852,0,2.45124975359395,1.25533996171622,1.03762770891457,0.428101439795153,1.40740173864394,14.7006046428623,0.808142397265276,0.495266969286386,3.09413678596773,0.705462979143667,NA
"880","20107",0,0,5.35623193094833,0,0,0,1.95137851543535,0,0,0,3.37591058451182,0,0,0,0,0,0,0,0,0,0,0,0,40.6783728266385,0,0,0,0,0,0,0,0,0,0,0,0,0,0,0,0,0,0,0,NA
"881","20111",0,6.38923392032348,0,0,0,4.75015159093432,2.698407840271,2.14859968968812,0.871006334573039,2.88371124410415,0.608552647852692,1.09948274402824,2.50079451391248,0,0.895312548614157,0.454992482140504,0.484934974926486,0,0,0,3.19141452168182,2.27841208524787,0,11.8878370338589,0,3.13718144751866,4.39155260438249,0,4.39143263991803,0,4.07237119119484,1.08859512462168,0.118644151186271,0,0.0623325633433009,1.15763304711401,0.684026761375372,1.66527866685217,1.23234383084872,1.49081742848262,0.282122689551431,0.648518840854011,NA,NA
"882","20113",0,11.0886817491692,0,0,3.84518071246361,0,1.51379088614767,2.74115637747797,0,1.17209892122337,1.13409952041004,1.1105423491323,2.13120180102651,0,0,0,0,1.69913366888275,0,2.47848165664517,0,0,2.7249075641298,2.50490727140643,4.06786483031293,0,1.38364605666365,0,0,0,0,0,0,10.2227390949278,0,0,2.7226835876369,0,NA,NA,NA,NA,NA,NA
"883","20115",9.50379865884122,0,3.13125374550534,0,0,0,0,0,0,7.13099980370615,5.85518182430231,0,0,0,0,0,0,0,0,0,0,0,0,0,0,0,0,0,0,0,0,NA,NA,NA,NA,NA,NA,NA,NA,NA,NA,NA,NA,NA
"884","20119",0,6.38923392032348,0,0,2.99910157542646,4.88907808442355,1.83844980705068,5.22090516328889,0,0.795598808726298,NA,NA,NA,NA,NA,NA,NA,NA,NA,NA,NA,NA,NA,NA,NA,NA,NA,NA,NA,NA,NA,NA,NA,NA,NA,NA,NA,NA,NA,NA,NA,NA,NA,NA
"885","20121",0,0,0,0,3.15138939200099,0,0,0,0,5.10956354244496,0,0,0,0,0,0,0,0,0,0,34.1138783322607,0,0,0,0,0,0,0,0,0,NA,NA,NA,NA,NA,NA,NA,NA,NA,NA,NA,NA,NA,NA
"886","20123",9.50379865884122,0,3.13125374550534,0,0,0,0,0,0,0,0,0,0,0,0,0,0,0,0,0,0,0,0,0,0,0,0,0,0,0,0,0,0,0,0,0,0,41.9273077940323,0,0,0,0,0,NA
"887","20125",3.73187737416727,1.98724770320809,1.37660196429972,0,0,0,0,5.4293321657364,0,3.1508263260986,0,0,3.48935079242119,0,0,0,0,0,2.31001521279099,0,0,0,0,0,6.94639749931695,0,11.8833861833633,0,0,0,0,1.842528837548,0,0,2.92442001464374,2.8197504054182,NA,NA,NA,NA,NA,NA,NA,NA
"888","20127",0,0,0,0,0,0,0,0,0,0,0,0,0,0,0,0,0,0,0,0,0,0,0,0,0,0,0,0,0,0,41.9273077940323,0,0,0,0,0,0,0,0,0,0,0,0,NA
"889","20129",0,0,0,0,0,0,0,0,0,27.462168420246,0,0,0,0,0,0,0,0,0,0,0,38.520644272156,0,0,0,0,0,0,NA,NA,NA,NA,NA,NA,NA,NA,NA,NA,NA,NA,NA,NA,NA,NA
"890","20131",0,0,0,0,0,0,0,NA,NA,NA,NA,NA,NA,NA,NA,NA,NA,NA,NA,NA,NA,NA,NA,NA,NA,NA,NA,NA,NA,NA,NA,NA,NA,NA,NA,NA,NA,NA,NA,NA,NA,NA,NA,NA
"891","20133",0,0,0,0,0,0,0,0,0,0,0,0,0,0,0,0,41.9215156064661,0,0,0,0,0,0,0,0,0,0,0,0,0,0,0,0,0,41.9261852895783,0,0,0,0,0,NA,NA,NA,NA
"892","20137",0,6.38923392032348,0,NA,NA,NA,NA,NA,NA,NA,NA,NA,NA,NA,NA,NA,NA,NA,NA,NA,NA,NA,NA,NA,NA,NA,NA,NA,NA,NA,NA,NA,NA,NA,NA,NA,NA,NA,NA,NA,NA,NA,NA,NA
"893","20139",0,0,5.35623193094833,3.68219830428101,0,0,0,0,0,0,0,0,0,0,0,37.4472756388517,0,0,0,0,0,0,0,0,0,27.4621681919996,0,0,0,0,0,0,0,0,0,0,0,0,NA,NA,NA,NA,NA,NA
"894","20141",9.50379865884122,0,0,0,0,0,0,0,0,0,0,0,0,0,0,0,0,0,0,0,0,0,0,0,0,0,0,0,0,0,0,NA,NA,NA,NA,NA,NA,NA,NA,NA,NA,NA,NA,NA
"895","20143",0,0,0,0,0,0,0,14.0040270250776,7.62821650343069,0,0,0,0,0,0,0,0,0,0,0,0,0,0,0,0,0,0,0,0,0,0,0,41.9273077888231,0,0,0,0,0,NA,NA,NA,NA,NA,NA
"896","20147",0,0,0,0,0,0,0,0,0,0,0,0,0,0,0,0,0,0,0,0,0,0,0,NA,NA,NA,NA,NA,NA,NA,NA,NA,NA,NA,NA,NA,NA,NA,NA,NA,NA,NA,NA,NA
"897","20149",0,0,0,0,0,0,0,14.0040270250776,0,0,0,0,0,7.26095505630231,0,8.77437582883305,0,0,0,0,0,0,0,0,0,19.5746057991291,0,0,0,0,10.279435022996,0,2.72382803085892,0,0,0,2.36435112292389,6.55504767927168,0,0,2.57949653023931,0,NA,NA
"898","20151",0,0,0,0,0,0,0,0,0,0,0,0,0,0,0,0,0,0,0,0,0,0,0,0,0,0,0,0,0,0,0,0,0,NA,NA,NA,NA,NA,NA,NA,NA,NA,NA,NA
"899","20155",9.50379865884122,0,0,5.30637648407709,2.00127298751563,0,2.86674816194626,0,0,1.31231937391759,0,1.58578591005452,0,1.88424817730606,0,2.00802430615232,0,2.01551370975936,0,0,0,5.12738511878754,2.25553934654857,0,0,0,0,0,3.33738496446821,0,3.89700995851239,3.13178978793357,12.262037332357,0,1.40571800660609,0.581820801681992,0,4.22416362904557,0.475286598694934,1.30516278876731,0.408016819400075,0.405468365373792,0,NA
"900","20157",9.50379865884122,4.20373720110854,0,0,2.00084434152726,0,0,0,0,0,0,0,0,0,0,0,0,0,0,0,0,0,0,0,0,0,0,0,NA,NA,NA,NA,NA,NA,NA,NA,NA,NA,NA,NA,NA,NA,NA,NA
"901","20159",15.495240879053,0,0,0,0,0,0,0,0,0,0,NA,NA,NA,NA,NA,NA,NA,NA,NA,NA,NA,NA,NA,NA,NA,NA,NA,NA,NA,NA,NA,NA,NA,NA,NA,NA,NA,NA,NA,NA,NA,NA,NA
"902","20161",0,6.38923392032348,0,0,0,0,10.1270919666961,2.33009936742892,7.11813881590833,0,1.42424996442608,0.61649933025764,1.72030159070738,1.0907092962309,0.534820772756984,0,0,0,0.932597239171453,2.30473207833085,2.4441918318356,1.11987977342192,0.989626187917556,0,0,2.02462720270837,2.0863380217024,2.8894285265932,2.38455432225095,1.89875668295123,1.54642576993881,0.448711076155184,0.427692856551496,0.872970677087591,0,1.06503598191639,1.19001993421861,0.644318883016796,1.34664692404343,0.680112332296799,NA,NA,NA,NA
"903","20163",0,0,0,0,0,0,0,8.40581537701601,0,5.50542136331251,0,0,0,0,0,0,7.83229768810907,6.04805121289651,0,0,0,0,0,0,0,0,NA,NA,NA,NA,NA,NA,NA,NA,NA,NA,NA,NA,NA,NA,NA,NA,NA,NA
"904","20169",0,0,9.4989667055933,2.83328513797813,1.9331859052403,0,2.65297296454457,0,0,1.28470815213053,0,0,1.94826809407806,2.09631809449874,5.45727054487845,0,2.26948469968704,0,0,0,2.34527806825118,0,0,0,2.01213036861671,2.12933797487405,0,2.04655453433664,0,1.91201697275453,0,0,0,0,0,NA,NA,NA,NA,NA,NA,NA,NA,NA
"905","20171",0,0,0,0,0,0,0,0,0,0,0,0,0,0,0,0,0,0,0,0,0,0,0,0,NA,NA,NA,NA,NA,NA,NA,NA,NA,NA,NA,NA,NA,NA,NA,NA,NA,NA,NA,NA
"906","20173",0,13.0012304148575,4.83121057589488,3.47039258900624,1.86862436201549,4.31991531920073,2.15705684314074,1.30661361586422,1.40836278170209,0.837730443137209,1.93312850350942,0.72220611694422,1.3792339768857,1.20738060588782,1.65906870521793,0.970691981296609,1.80831592619696,0.590452240077334,0,2.51670923766684,0.411706271104795,0.333968135082492,0.527960494247662,0.289336771915023,1.085325840886,1.43181506443736,0.876947224546972,0.514869965944552,1.05227823317453,4.06898348516421,1.24930777285241,1.83639375387769,0.531353908874059,0.777129395900674,0.281644244283275,0.075954843232996,1.29250375392985,1.15737062385407,3.50447310074831,0.524457773228574,0.791149772161252,0.597187100687337,0.743263202831292,NA
"907","20175",15.495240879053,0,0,0,3.79400082212311,1.6843288480215,0,1.45844552511574,7.13419456736193,7.81597713460466,4.36359459899571,2.95089758627387,5.06877720052561,1.82451622944462,3.55620441822121,5.58432684801286,1.49509272764291,0.637273632473711,0.536566790590149,1.32418655793073,1.16430637313876,0.642616226754066,1.28163097157033,0.0239120482563942,0.283092300024899,0.232914757304504,1.74029878046481,NA,NA,NA,NA,NA,NA,NA,NA,NA,NA,NA,NA,NA,NA,NA,NA,NA
"908","20177",3.73187737416727,1.98724770320809,2.66568144027497,5.45244912392634,0.646493817613806,1.55551192742971,0.453587298991235,0.863640512853396,2.49560304700941,0.394485954555568,1.87964212596631,2.69617489743473,1.9881690617614,0.726917174547803,1.30131942859396,0,3.36797318811737,0.1834435735678,0.708673769601076,0.357009945342104,0.379477204388671,0.424245580210462,1.44638211459158,0,0.30995126001047,1.06048186699189,0,0.916788892283552,2.00913536064671,0,0.549375839168708,0,3.15381433011097,1.22002680344587,2.21823521357074,2.35175885760879,1.55886982232957,1.64481907759344,0.292917143041363,0.285037194060038,NA,NA,NA,NA
"909","20179",9.50379865884122,0,0,0,0,0,0,0,0,0,0,0,0,0,NA,NA,NA,NA,NA,NA,NA,NA,NA,NA,NA,NA,NA,NA,NA,NA,NA,NA,NA,NA,NA,NA,NA,NA,NA,NA,NA,NA,NA,NA
"910","20181",0,0,0,0,0,0,0,20.9954278164577,0,0,0,0,0,3.97819465948424,0,3.97388577665458,0,0,NA,NA,NA,NA,NA,NA,NA,NA,NA,NA,NA,NA,NA,NA,NA,NA,NA,NA,NA,NA,NA,NA,NA,NA,NA,NA
"911","20183",0,0,5.35623193094833,0,0,0,0,0,0,0,0,0,0,0,0,0,0,0,0,0,NA,NA,NA,NA,NA,NA,NA,NA,NA,NA,NA,NA,NA,NA,NA,NA,NA,NA,NA,NA,NA,NA,NA,NA
"912","20185",0,0,0,0,0,0,0,0,0,0,0,0,0,0,0,0,0,0,0,0,0,0,0,0,0,0,0,0,0,0,0,0,0,0,0,0,NA,NA,NA,NA,NA,NA,NA,NA
"913","20187",9.50379865884122,0,0,0,2.96787517096382,0,0,3.20303860549177,0,0,0,0,0,0,0,0,26.4199098797553,0,0,0,0,3.14912620733785,NA,NA,NA,NA,NA,NA,NA,NA,NA,NA,NA,NA,NA,NA,NA,NA,NA,NA,NA,NA,NA,NA
"914","20189",9.50379865884122,0,0,2.83242606908575,0,0,0,0,0,0,0,0,19.0257860480201,0,0,0,0,5.85431201785596,0,0,0,4.62794947432552,0,0,6.88216033961984,0,0,0,2.27286616580307,2.23034832608226,0,2.04899353363587,0,1.91032689096882,1.8040480032464,1.64756764734247,NA,NA,NA,NA,NA,NA,NA,NA
"915","20191",0,0,0,0,0,0,0,14.0040270250776,0,0,0,0,0,0,0,0,0,0,0,0,40.6838303402812,0,0,0,0,0,0,0,0,0,0,0,0,0,0,0,0,41.9215156064661,0,NA,NA,NA,NA,NA
"916","20197",0,0,0,19.3885723587753,0,0,0,0,0,0,0,0,0,0,17.6683183157348,0,6.21540800931986,9.46015783006056,0,4.98092427784975,2.57378323532117,1.29348006080143,0,1.54990320239671,1.48417212505149,0.483688794992562,0.492552521411828,0.520636299604252,1.65889412288469,NA,NA,NA,NA,NA,NA,NA,NA,NA,NA,NA,NA,NA,NA,NA
"917","20201",0,NA,NA,NA,NA,NA,NA,NA,NA,NA,NA,NA,NA,NA,NA,NA,NA,NA,NA,NA,NA,NA,NA,NA,NA,NA,NA,NA,NA,NA,NA,NA,NA,NA,NA,NA,NA,NA,NA,NA,NA,NA,NA,NA
"918","20205",0,0,0,0,0,0,0,0,0,0,0,0,0,0,0,0,0,NA,NA,NA,NA,NA,NA,NA,NA,NA,NA,NA,NA,NA,NA,NA,NA,NA,NA,NA,NA,NA,NA,NA,NA,NA,NA,NA
"919","20207",0,0,0,0,0,0,9.82330751988082,6.54543167428919,0,0,0,0,0,0,0,0,0,0,0,0,0,41.429608502194,0,0,5.35611907078895,0,0,0,0,0,0,0,0,0,0,0,0,40.6588178916583,0,0,0,NA,NA,NA
"920","20209",1.6850824659663,2.77377103760017,1.58595871310946,1.73936441273168,1.87046188889884,1.78686819685431,0.321230795432694,1.80642654291932,1.67269888923215,1.76982009433934,1.46755143392788,3.00549570550918,0.975921887676488,0.648837046882511,1.85704751735288,0.560770019635615,2.90610062466441,1.38973675404837,0,1.92003879361811,0.724301155411233,0.21294018159025,0.361560417561662,0.898160259535771,0.887534599038212,1.26616096029181,0.757417520934193,0.327911231386535,0.692226706852953,0.447764291050686,3.10756610455138,1.24728528119013,2.40708625786221,1.5442036348738,0.483212803894525,0.366147909472403,0.560584402746447,1.67099836545467,2.81516080166798,1.44520557665144,1.9689857267257,2.03634838725198,1.42403637168388,NA
"921","21001",0,0,0,0,5.8621602337794,0,0,6.66250457138601,0,16.8029169104101,0,0.372796881608699,0,0.318322452600877,1.04263200220247,0.199960027024117,0,1.76486466207732,0.991436690558128,5.26728595033692,0.741804442638509,0,0,0.423210696836035,0,0.614471903739457,0,0,0,0,NA,NA,NA,NA,NA,NA,NA,NA,NA,NA,NA,NA,NA,NA
"922","21003",0,0,0,0,0,7.2728236210439,0,0,0,0,0,0,0,0,20.0868826652461,0,0,5.29637584793788,0,0,0,3.7289828149342,3.3387155380091,0,0,0,0,3.36106362949538,0,3.51877897008857,2.92191602164977,0,2.0653959773238,1.79971326258407,4.41523673267082,1.14630852865107,0.952231294668308,0,0,0,NA,NA,NA,NA
"923","21005",9.50379865884122,0,0,0,0,0,0,0,0,0,0,0,37.4684949611796,0,0,0,0,0,0,0,0,0,0,34.1314924655874,9.3170260427163,0,5.82349368632685,0,0,1.63952846241524,0,0,0,0,3.52471835070919,0,0,0,0,0,0,9.61210490835715,0,NA
"924","21007",0,0,0,0,5.8621602337794,0,7.74257507341186,0,0,1.9652399230181,0,0,0,0,3.59292540102623,0,7.00401644499243,0,3.92389981005151,0,0,1.38274409794315,0,0,0,NA,NA,NA,NA,NA,NA,NA,NA,NA,NA,NA,NA,NA,NA,NA,NA,NA,NA,NA
"925","21009",0,0,0,0,0,0,0,0,0,0,0,41.020374651448,0,0,0,1.45076988815265,0,0,0,0,3.64870008546767,3.71581222682469,0,2.6641422760207,7.47993490517117,0,1.9855530465299,0,0.8146101292306,0.829766397436232,0,0,1.24376670661068,2.7896151828089,NA,NA,NA,NA,NA,NA,NA,NA,NA,NA
"926","21011",0,0,0,0,0,0,0,14.0040270250776,0,5.91449253153931,0,0,0,0,0,0,0,0,0,0,33.3028712613545,0,0,0,0,0,0,0,0,0,NA,NA,NA,NA,NA,NA,NA,NA,NA,NA,NA,NA,NA,NA
"927","21015",0,0,0,15.2812301361773,0,0,3.74582925444284,0,0,0,3.37891443860899,1.11048901280601,0,8.03440360403981,0,1.03397117762285,0,0,10.1223878411734,0,2.16716742686672,0,1.78907267631419,0.916378845109825,0.152015451718865,1.11178351362154,0,0.951387746618441,1.45763778561581,0.222084960522326,0.945677494386974,1.22993584224546,2.40943382939562,0.671952212171614,1.85596277146102,0,2.39329245399284,1.03057043223712,0,4.07624089848719,0.138593005034003,NA,NA,NA
"928","21017",0,0,0,0,0,0,0,0,0,0,0,0,40.6838341098687,0,0,0,0,0,0,0,0,0,0,0,39.5929762842421,0,4.48291223767234,0,0,0,0,0,2.53924873348981,0,0,0,0,0,7.02291409184797,0,0,0,4.93092493579599,NA
"929","21019",0,0,0,10.226337273958,0,0,1.0958173379378,0,1.15132816771248,0,0,7.08508415163841,0,0,0.537298038904058,1.59845920635736,1.06843185754308,0,0,0,0,1.17527598503851,0,1.99973631496783,4.13391617996078,0,0,0,0,0,0,0,0,0,NA,NA,NA,NA,NA,NA,NA,NA,NA,NA
"930","21021",0,14.6904074042041,0,0,0,4.38425202262966,0,0,0,0,3.5028290618866,0,0,7.01357232127437,0,1.12822447008895,0,0,1.14817296597931,0,0,0,0,0,0,20.5682128305758,0,0,0,0,0,0,0,0,0,0,NA,NA,NA,NA,NA,NA,NA,NA
"931","21023",0,0,0,0,0,0,0,0,0,0,0,0,0,41.8484385587402,0,0,0,2.27406761834185,0,0,0,0,0,0,0,0,0,0,0,0,0,0,41.8185192847649,0,0,0,NA,NA,NA,NA,NA,NA,NA,NA
"932","21025",0,6.38923392032348,0,0,0,0,0,0,0,0,0,0,0,0,0,0,0,0,0,41.9261557547391,0,6.38923322325539,0,0,0,3.29105432188928,0,0,0,3.99477845204142,0,0,0,0,0,0,0,0,0,0,0,0,NA,NA
"933","21027",0,0,0,0,0,0,0,0,0,20.4178900876691,0,0,0,0,0,0,9.82267156541199,6.54537695899992,3.79139812415642,0,0,0,0,0,3.80134071749014,0,4.12357712347583,0,0,2.92637982331299,0,0,0,0,0,NA,NA,NA,NA,NA,NA,NA,NA,NA
"934","21029",0,11.0886817491692,0,0,0,4.94084801506638,0,0,0,0,3.26226588632545,0,0,12.436905157688,0,2.92212603669974,0,0.297657515455429,0,0,0.873738854902588,0,0,1.03993109042302,2.524220562691,4.72043327319419,2.66423276857024,3.18021384723408,0.957007748781074,0.405414949811286,0,0.817220647969145,0.901835436574904,0,0.60392912594801,0,NA,NA,NA,NA,NA,NA,NA,NA
"935","21031",0,0,0,0,0,0,0,0,0,0,34.1314925026599,0,0,23.8265682789885,0,6.86182920594583,0.793004482236641,0.917787315884979,5.65857687051374,1.8908336632413,1.46847532893814,0,0.22097670163089,1.92202475440365,0.117553036810809,0.76025994447108,0.688760246756922,0.151829858519928,0,2.00718882578795,0.222293834143992,0.490512781269451,5.87935239032324,0,0.338550272229032,3.57235791606307,NA,NA,NA,NA,NA,NA,NA,NA
"936","21033",0,0,0,0,5.8621602337794,0,0,6.66250457138601,0,0,0.836558318227602,0,0.966140825405391,0,0,0,2.27506660700041,0,0,3.31950928614103,0,0,0,0,0,0,0,0,0,0,NA,NA,NA,NA,NA,NA,NA,NA,NA,NA,NA,NA,NA,NA
"937","21035",0,0,0,0,0,0,9.82330751988082,6.54543167428919,0,0,0,0,6.47641671395051,0,0,0,0,7.83221967385025,0,0,8.24497648197068,0,1.52778633347421,0,4.19543101348557,0,0,0,0,0.730752984461181,0,2.46578081150054,2.68760353079648,3.4787189246069,1.78080928829152,0,0,0,2.39017652485554,0,0,1.12364362311986,0,NA
"938","21037",0,0,0,9.34328727054725,3.00006474094972,0,6.3320312792102,0,0,0,3.86168484180843,0,0,0.963154884867648,0,13.1754426258013,0,0,5.32445843558177,0,0,0.410937846478969,1.30953294454168,0.474059237308101,0,0.311973646350914,0.743396703671422,0.875968440558155,1.94606794275863,0,2.98383210794329,1.33939055738794,2.31710371088275,0.668485893021343,1.21302165466395,0.289726455679146,0.881063069882236,0.919136390181423,0,1.09809596711395,0.804701294021741,NA,NA,NA
"939","21039",0,0,0,5.25744058045737,0,0,0,0,0,0,0,NA,NA,NA,NA,NA,NA,NA,NA,NA,NA,NA,NA,NA,NA,NA,NA,NA,NA,NA,NA,NA,NA,NA,NA,NA,NA,NA,NA,NA,NA,NA,NA,NA
"940","21041",0,6.38923392032348,0,0,0,0,0,0,0,0,0,0,0,0,0,0,0,0,0,0,0,0,0,0,0,0,0,0,0,0,0,0,0,0,0,0,NA,NA,NA,NA,NA,NA,NA,NA
"941","21043",0,0,0,0,0,0,0,0,0,33.1870148289224,0,6.34646880890576,0,0,0,0,0,0,0,0,0,0,0,35.0644552211797,0,0,0,0,5.86192619439933,0,NA,NA,NA,NA,NA,NA,NA,NA,NA,NA,NA,NA,NA,NA
"942","21045",0,0,0,0,0,0,0,0,0,0,0,0,0,0,0,0,0,0,0,NA,NA,NA,NA,NA,NA,NA,NA,NA,NA,NA,NA,NA,NA,NA,NA,NA,NA,NA,NA,NA,NA,NA,NA,NA
"943","21047",9.50379865884122,0,0,0,0,0,13.9373554126517,0,1.59253643383876,0,0,0,15.9141200521958,3.630027148788,0,0.531432907510358,0,3.14366686126027,0,0,4.12070124206453,0,1.43794569375839,0.389604487460692,0.196840988946945,1.2515574317873,0.226098750071269,0,0,0,3.43243722288137,0,0,0,0,0.856112677428388,0,0,0,5.03334628308833,0,4.30139535368545,0,NA
"944","21049",0,0,0,0,0,0,15.9172924009947,0,3.17413031513945,0,0,0,3.4871089975175,0,0,0,0,0,0,0,20.6260616853348,0,1.16546792077787,0,0,0,0,0,0,3.89051256483361,0,0,0,0,0,0,0,13.9880534280869,7.62711369818467,0,0,0,0,NA
"945","21051",0,0,0,0,0,0,0,0,0,0,0,0,0,0,0,NA,NA,NA,NA,NA,NA,NA,NA,NA,NA,NA,NA,NA,NA,NA,NA,NA,NA,NA,NA,NA,NA,NA,NA,NA,NA,NA,NA,NA
"946","21053",0,0,0,0,0,0,0,20.9954278164577,0,0,0,0,0,0,0,0,0,0,0,0,0,0,0,41.8742048475945,0,0,0,0,0,0,NA,NA,NA,NA,NA,NA,NA,NA,NA,NA,NA,NA,NA,NA
"947","21055",0,0,5.35623193094833,0,3.29763030713821,0,0,0,0,0,0,0,0,0,0,0,0,0,0,0,0,0,0,41.927110524255,0,0,0,0,0,0,NA,NA,NA,NA,NA,NA,NA,NA,NA,NA,NA,NA,NA,NA
"948","21057",0,0,0,0,0,0,0,20.9954278164577,0,0,0,0,0,0,5.56147602900417,0,0,4.72088021429871,0,0,0,3.72295241382299,0,0,0,0,0,0,0,0,NA,NA,NA,NA,NA,NA,NA,NA,NA,NA,NA,NA,NA,NA
"949","21059",31.2618873111151,0,1.92181438059615,0,0,2.71168941383997,2.95524941362434,0,2.40131931546908,0,0,0,7.02790686380187,0,0,0.698278028835268,0,0.793005371598341,4.92382518873271,0,0.456643283708796,0,1.38172346809772,0.487648087164295,4.14795309510287,0,0.823638224897861,2.98757453075737,0.820300691164358,0,0.618388640420598,0,2.22426649990511,0.396857089667388,1.44910906891497,0.624595714071534,2.41148086660587,2.32345339478764,0.929393994217952,0.837114465183467,0,3.03969271081221,0.746173519645309,NA
"950","21061",0,0,0,7.42089248873837,0,0,0,0,0,0,0,5.85682102821064,0,0,4.92210984155802,0,0,0,0,0,0,0,0,32.4191865504253,5.17498371389569,2.67822050263678,1.77096367252924,0,1.28320240525871,4.03173668845787,0,0,0,0,NA,NA,NA,NA,NA,NA,NA,NA,NA,NA
"951","21067",5.3593048205652,0,4.99644684782188,0,0,0,8.78274952513816,2.3794163887754,3.09867265478286,0,0.443662928146325,0,0.323526056950206,0.194548123411624,0,0.174344005289084,0,7.71035867090781,0,0,5.68018254635936,0,2.14014929915532,0.930740968039498,0.290006732570682,0.0985118417094926,0.859479376273354,0.122432980183918,0,0,0.989589077648702,0,1.24758539573556,4.07856010418601,1.20806632275737,0.350278081927566,0.9617161237366,1.22189815412615,0.604331383379458,1.81801485425028,0,8.48321161503085,1.4251410516509,NA
"952","21069",0,6.38923392032348,0,0,0,0,0,0,0,0,0,0,0,0,0,0,0,0,0,0,0,0,NA,NA,NA,NA,NA,NA,NA,NA,NA,NA,NA,NA,NA,NA,NA,NA,NA,NA,NA,NA,NA,NA
"953","21071",0,0,0,0,13.7433627509621,0,0,0,0,0,0,0,10.4656002450883,0,10.0381768809898,0,2.18008750257398,0.882115076299301,0,0.816174127334906,0,0,0,NA,NA,NA,NA,NA,NA,NA,NA,NA,NA,NA,NA,NA,NA,NA,NA,NA,NA,NA,NA,NA
"954","21073",9.50379865884122,0,0,0,0,0,13.9373554126517,0,0,0,0,0,2.07779865394027,0,0,0,0,12.4957449010482,0,0,0,0,2.09784979827024,0,0,3.02938945801535,16.6598293078335,0,0,0,0.582230532958286,0,0.78737936846487,0,1.28390390100689,0,0,0,0,0,0,7.48006414837003,0,NA
"955","21075",0,0,0,0,0,0,0,0,0,0,34.1314925026599,0,0,0,0,NA,NA,NA,NA,NA,NA,NA,NA,NA,NA,NA,NA,NA,NA,NA,NA,NA,NA,NA,NA,NA,NA,NA,NA,NA,NA,NA,NA,NA
"956","21077",0,0,0,0,0,0,0,0,0,0,0,0,0,0,0,0,0,0,0,0,0,0,NA,NA,NA,NA,NA,NA,NA,NA,NA,NA,NA,NA,NA,NA,NA,NA,NA,NA,NA,NA,NA,NA
"957","21079",15.495240879053,0,0,0,0,0,0,0,0,11.3435216115785,0,0,0,0,0,0,0,0,0,NA,NA,NA,NA,NA,NA,NA,NA,NA,NA,NA,NA,NA,NA,NA,NA,NA,NA,NA,NA,NA,NA,NA,NA,NA
"958","21081",0,0,0,0,0,7.2728236210439,0,0,0,0,5.68074560247186,0,0,22.2648903182613,0,0.662344447148892,0,1.03951179749381,0,0,0,0,1.52417549757328,3.77157279410818,0,0,0,0,0,5.59379605366475,0,2.43526817313375,0,0,7.08300947194474,0,NA,NA,NA,NA,NA,NA,NA,NA
"959","21083",0,0,0,0,8.21868354746747,0,0,5.8904913745389,0,3.6650734030166,2.14245712472151,4.28024296645194,1.5830223434649,3.84222069229762,2.19040634299833,2.03109002437128,0.700162884008514,1.96460122694472,0,0.566516879443654,2.30110911542118,0.56840740295377,0.570764247438557,0.354062800682181,0.255192792678184,0.999354785081735,0.957113122401614,0,0.204886622778949,0.718116023209885,NA,NA,NA,NA,NA,NA,NA,NA,NA,NA,NA,NA,NA,NA
"960","21085",0,0,0,0,0,0,0,0,0,0,0,0,0,41.5359066678638,0,3.45774273494973,0,2.04404426962717,3.41653000838668,0,6.86571139672267,1.61715980870835,0,3.70533826447926,0.875989345532743,4.26903086336835,1.38727016107904,3.84603238379446,0,0,0.308803008531955,0.510686341811596,0.792086244485187,0,2.77176133342835,1.41262369709242,NA,NA,NA,NA,NA,NA,NA,NA
"961","21087",0,0,5.35623193094833,0,0,0,0,0,0,0,0,0,0,0,0,0,0,0,0,0,0,0,0,0,0,NA,NA,NA,NA,NA,NA,NA,NA,NA,NA,NA,NA,NA,NA,NA,NA,NA,NA,NA
"962","21089",0,0,5.35623193094833,0,0,0,0,11.2847960474941,0,0,3.39414905833836,5.09429747237971,0,0,0,0,0,0,0,0,6.46626097392171,0,0,0,0,0,0,0,14.0011907145893,0,NA,NA,NA,NA,NA,NA,NA,NA,NA,NA,NA,NA,NA,NA
"963","21091",0,0,0,0,0,0,0,0,0,0,0,38.5206446780483,0,0,0,0,0,0,25.3547082493824,0,1.40245692587381,0,0,0,0,0,0,0,0,0,0,0,0,0,0,0,0,NA,NA,NA,NA,NA,NA,NA
"964","21093",9.50379865884122,0,0,0,0,0,11.4004421287003,0,2.01911440516008,0,0,0,5.15739833091133,0,0,0,0,0,0,0,27.7993413787426,0,1.76319046756054,0.446718227980978,0.790615687224046,0.770815281277363,0,0,0,0.76453368438,1.95845565864113,0,0,2.76142744400977,1.32034378160471,2.37368312768278,0,0,3.06097186350906,3.59984216762993,0,2.61780872961339,0.568200939428736,NA
"965","21097",1.6850824659663,0,1.51481027868298,0,0,0,0.984402024236675,0,0,0,0,0,0,8.69593584917994,0,0,0,9.10595945062045,0,0,0,0,2.91369629272843,0,0,6.49829407183046,0,0,0,0,2.72971325463027,0,3.07601757643723,0,0,0,0,0,0,0,0,0,25.9540449765201,NA
"966","21099",0,0,0,0,0,0,0,0,0,0,34.1314925026599,0,0,0,0,0,0,0,0,20.1118306415512,0,6.17432828117608,0,0,5.59426878036092,NA,NA,NA,NA,NA,NA,NA,NA,NA,NA,NA,NA,NA,NA,NA,NA,NA,NA,NA
"967","21101",0,0,0,0,0,3.98175475735187,0,0,7.62510322567177,0,0,0,2.29374472654539,0,0,0,0,11.0237345263438,19.5115281193181,0,2.36149812138691,0,0,0,2.02136833951201,0,1.30829989369049,0,2.50883258829309,1.43872433127911,1.74605884668637,0,1.54520804107253,0.380543798437145,0,1.73325625506488,3.83783334471513,0,0,1.4170006673244,0,1.1716849657953,0.845401138033919,NA
"968","21103",0,0,0,0,3.15138939200099,0,0,3.54845401234638,0,0,0,0,0,0,8.73475528484054,0,0,0,0,0,7.23367647691352,9.65028162325009,0,0,0,0,0,0,7.95610161585152,0,NA,NA,NA,NA,NA,NA,NA,NA,NA,NA,NA,NA,NA,NA
"969","21105",9.50379865884122,0,0,0,0,0,0,0,0,0,0,37.9221855211903,NA,NA,NA,NA,NA,NA,NA,NA,NA,NA,NA,NA,NA,NA,NA,NA,NA,NA,NA,NA,NA,NA,NA,NA,NA,NA,NA,NA,NA,NA,NA,NA
"970","21107",5.77935627074738,0,0,3.28352481946791,0,1.66654657260696,0.27174948724943,0,0.626032250847819,0,7.69868924518611,0,0,6.09191462771319,0,0,0.532254173406572,0.837020122728768,1.0575928680381,0.819396529755171,0.355062892265919,0.195402361929991,6.10155649305553,0.930198357671193,0.903081466490149,1.45840308032194,0.412088081816098,0.90994210635677,0.417085130678605,0.452054083711881,0.128172124136438,0.60423423476796,0.894743042417089,0,1.23162841432402,0,NA,NA,NA,NA,NA,NA,NA,NA
"971","21109",0,0,3.7296424389009,0,8.02306130902131,7.34024222818608,5.13916669434675,1.38964465229365,0,1.8712886935838,0.291916101667882,0,0,0.206835163925705,0,0,1.12392676609017,0,0,0,0,0,0,0,0,NA,NA,NA,NA,NA,NA,NA,NA,NA,NA,NA,NA,NA,NA,NA,NA,NA,NA,NA
"972","21111",3.59540310444067,0,0.386086098751816,0,0,11.4043970712259,0,1.64073194064986,5.61770520622323,0,0.850464406501846,0,2.56015941363484,0.177930506257162,0,0.61008029486521,0,3.19032043887632,0,0,6.01208323311343,2.21888843387556,0,1.19511643689615,0.720474081007214,0,2.54325154750102,3.31506158681082,1.20098823262821,1.12855228728693,0.508543231269879,0.908983468707454,1.86207091601477,0,0,0.389344846288899,1.86057583338551,1.35563213925725,0.632058997512936,1.09137330145775,0,1.29258702821682,0.426753593832834,NA
"973","21113",0,0,0,0,0,27.4135656830699,1.19885212853664,1.45922403510993,0,0,0,1.28859031126727,0.771623754381849,0,0,0,3.22131546811165,0,0,11.4854346994347,0,1.37540664373193,0.574615706064304,0.535620383238615,0.544618725059573,1.16319988411735,0,0,0,0,0,0,3.53988116461593,7.29683917652584,0,5.62105665724716,3.65042301105898,0.869062696560916,0,0,0,0,NA,NA
"974","21115",0,0,0,0,0,0,0,0,0,0,0,0,0,0,0,0,0,0,0,0,0,41.9273073131734,0,6.3892339202118,0,0,0,0,0,0,NA,NA,NA,NA,NA,NA,NA,NA,NA,NA,NA,NA,NA,NA
"975","21117",22.6278264790165,0,3.92131258175989,0,0,3.1139733269893,3.38675375595927,1.12060129410976,0.485829235025547,0,2.27821472734421,0,3.57010944249415,0,0,1.21796440538347,0,7.26453451273172,0,0,7.86873490753689,0,0.989379625782999,0.771015033505065,0.63641158539932,0.97157090222172,0.790523293110896,2.4146480722901,0.772248395931214,1.35443119601563,0.978858572284591,3.10567809760932,0.697925700578336,0.215214868278297,0.072099924342125,0.236633420178827,1.53335798753881,0.103395053820609,3.15029698141483,1.07725917248646,0,2.11572213210831,0.813279110749237,NA
"976","21119",0,0,0,0,5.8621602337794,4.56895436484149,0,0,0,2.86119495157357,0,0,0,0,0,0,0,13.4685658234762,0,0,0,0,NA,NA,NA,NA,NA,NA,NA,NA,NA,NA,NA,NA,NA,NA,NA,NA,NA,NA,NA,NA,NA,NA
"977","21121",0,0,0,9.34328727054725,3.00006474094972,0,1.78521567869685,0,0,0,0,0,0,0,10.5342961661387,0,0,0,0,0,0,0,NA,NA,NA,NA,NA,NA,NA,NA,NA,NA,NA,NA,NA,NA,NA,NA,NA,NA,NA,NA,NA,NA
"978","21123",0,0,0,0,0,12.3954918704862,0,0,0,0,0,0,0,0,0,0,28.7774739858375,0,6.33026123399106,0,0,0,0,0,0,0,0,0,0,0,0,0,0,0,0,0,NA,NA,NA,NA,NA,NA,NA,NA
"979","21125",0,0,0,0,5.8621602337794,0,0,0,0,0,0,0,0,0,0,38.9533563937638,0,0,6.84731125498507,0,0,1.92300765379979,0.920929904159862,0.908961222552725,0,0,0,1.48357237987693,0,0,0,3.42791921027875,0,0,0,4.14826107986825,6.60594351755199,0,0,0,0,NA,NA,NA
"980","21127",0,0,0,0,0,0,0,0,0,0,0,0,0,0,0,0,0,0,0,0,0,0,0,0,0,0,0,0,0,0,0,0,0,0,NA,NA,NA,NA,NA,NA,NA,NA,NA,NA
"981","21131",0,0,0,0,0,0,0,14.0040270250776,0,0,0,0,0,0,0,0,0,0,0,0,0,0,41.8730838061266,0,0,0,0,NA,NA,NA,NA,NA,NA,NA,NA,NA,NA,NA,NA,NA,NA,NA,NA,NA
"982","21133",0,0,0,0,0,0,0,0,0,0,0,0,0,0,0,0,41.9215156064661,0,0,0,0,0,0,9.82330751961682,0,NA,NA,NA,NA,NA,NA,NA,NA,NA,NA,NA,NA,NA,NA,NA,NA,NA,NA,NA
"983","21135",0,0,0,5.25744058045737,0,0,0,0,0,0,0,0,0,0,0,0,0,0,41.8188076778712,0,0,0,0,0,0,0,0,0,0,0,0,0,0,0,NA,NA,NA,NA,NA,NA,NA,NA,NA,NA
"984","21137",0,0,0,9.34328727054725,3.00006474094972,0,0,0,0,0,0,0,0,0,0,29.8220980373647,0,0,0,0,0,0,NA,NA,NA,NA,NA,NA,NA,NA,NA,NA,NA,NA,NA,NA,NA,NA,NA,NA,NA,NA,NA,NA
"985","21139",0,0,0,0,0,0,0,0,0,0,0,40.7267202739979,0,0,0,1.9122895003406,0,2.01022784404993,0,NA,NA,NA,NA,NA,NA,NA,NA,NA,NA,NA,NA,NA,NA,NA,NA,NA,NA,NA,NA,NA,NA,NA,NA,NA
"986","21141",0,0,0,0,5.8621602337794,0,4.26509821608114,0,0,0,3.23308982039442,0,0,0,0,4.95246841420839,0,0,0,0,0,20.9719128643534,0,0,0,0,0,0,0,0,0,0,0,0,0,0,41.6575813285443,5.35713383185825,0,3.95208100946295,1.46595075582571,NA,NA,NA
"987","21143",0,0,0,0,0,0,0,0,0,0,0,0,41.5044559830722,0,0,0,0,4.0991454340325,0,0,9.81239155924756,0,0,0.803487677152806,0,0,0,0,0,3.36752935098238,0,0,0,0,0,0,0,0,0,0,0,0,0,NA
"988","21145",9.50379865884122,0,0,0,2.96787517096382,5.13539417754412,5.37104299818244,0,0,0,2.05783216828441,3.03859962592003,0,0,0,3.08529838087725,0,0,5.29231364144773,0,1.59391683511136,0.719127252307661,2.61722655448772,0,1.16117064383676,0,0,0.745287568370891,0,0,1.50161137817222,4.95206800102798,10.0633836884423,0.663096238040253,1.87055753524845,0,2.37885576016893,0.93379869206463,0,0.319011946154822,1.0498882391742,NA,NA,NA
"989","21147",0,0,0,0,0,0,0,0,0,0,37.6298754659942,0,0,11.2315636810742,0,0,1.83614651503194,0,0,0,1.29629758698929,0,0,2.45780672294287,0,0,0,0,0,0,0,0,0,0,0,0,NA,NA,NA,NA,NA,NA,NA,NA
"990","21149",0,0,0,0,0,0,0,0,0,0,0,38.5206446780483,19.5246812824783,0,3.28623913632464,0,0,0,1.28956952048161,0,0,2.31069292213258,0,0,3.00726077493605,0,2.81088440008809,2.44352028792957,2.01918884223721,0,0,1.69194501944196,3.28385217888476,0,0,1.48598605297528,0,NA,NA,NA,NA,NA,NA,NA
"991","21151",0,0,0,0,0,14.4279837341575,1.70474495572544,2.25352428506049,0,0,0,0.929581690388012,0,0,1.92444337226086,0,4.77727218664946,0,0,6.43643733220021,0,2.0770183133338,0.894105241316346,0,0,0,0,0,0,7.33847872805141,0,7.56737901390183,1.61274217809722,2.29794479899103,0,0,0,0,1.39552557089397,0,0,2.86048102392856,NA,NA
"992","21155",0,0,0,9.34328727054725,0,0,0,0,2.91382497845889,0,0,16.3924063757443,0,0,0.776163392685999,0.739703281282557,0.761008664957359,0,0,0,0,0,0,0,8.69866812652548,6.6366085284052,3.86942267310787,0,0,0,2.21783000706468,0,0,0,NA,NA,NA,NA,NA,NA,NA,NA,NA,NA
"993","21157",0,0,0,5.25744058045737,3.96894916870393,0,4.74879354611021,0,4.43892619918223,0,0,3.05754538728803,0,0,1.03463700059697,0,0,0,0,5.63402663139092,4.89597471317985,6.23616494725842,2.84992536846094,0,2.23994413240729,1.90317887886421,0.841989572629881,0.397581037138183,0,0,0,0,0,0,NA,NA,NA,NA,NA,NA,NA,NA,NA,NA
"994","21159",0,0,0,0,0,7.2728236210439,0,0,0,0,0,0,0,0,0,0,0,0,0,41.7960139231587,0,0,0,1.91234247011871,0,0,0,0,4.02902426976257,0,0,0,0,0,0,0,0,0,0,0,0,0,NA,NA
"995","21161",0,0,0,0,0,7.2728236210439,0,0,0,0,5.68074560247186,0,0,7.74199956909716,0,0,2.1338143006703,0,0,0,0,0,0,0,0,0,0,0,0,0,0,0,0,0,0,0,NA,NA,NA,NA,NA,NA,NA,NA
"996","21163",0,0,0,0,0,0,0,0,0,0,0,0,0,0,41.7112502165461,0,0,0,0,5.86215907897217,8.23997213806629,2.5176122685132,3.30686906774609,2.32280795845072,0,0.837667299165257,0,0,2.14944723659155,1.17915910694563,NA,NA,NA,NA,NA,NA,NA,NA,NA,NA,NA,NA,NA,NA
"997","21165",0,0,0,0,0,7.2728236210439,0,0,0,0,0,7.16293998229991,0,0,0,0,0,0,0,0,0,0,0,0,0,0,0,0,0,0,0,0,0,0,0,0,0,0,0,0,0,0,NA,NA
"998","21167",0,0,0,0,0,3.98175475735187,3.82970248236139,0,0,0,0,0,0,20.390797662091,0,0,0,0,0,0,0,0,6.52634977380286,5.95097641992405,0,0,0,0,0,0,0,0,0,0,0,0,NA,NA,NA,NA,NA,NA,NA,NA
"999","21169",0,0,0,0,0,NA,NA,NA,NA,NA,NA,NA,NA,NA,NA,NA,NA,NA,NA,NA,NA,NA,NA,NA,NA,NA,NA,NA,NA,NA,NA,NA,NA,NA,NA,NA,NA,NA,NA,NA,NA,NA,NA,NA
"1000","21171",0,0,0,0,0,3.98175475735187,0,0,0,0,0,0,0,0,0,0,34.1238162098183,0,0,5.34979079445275,0,0,0,3.72918424355773,0,NA,NA,NA,NA,NA,NA,NA,NA,NA,NA,NA,NA,NA,NA,NA,NA,NA,NA,NA
"1001","21173",0,0,0,0,0,0,0,0,0,0,0,0,41.090048232569,0,0,1.95150937565093,0,1.67583097629431,0,0,2.10037757067502,0,0,0,3.32940924916951,0,0,0,0,0,0,0,13.5901970664504,0,0,0,5.19936560612311,0,0,3.77774474049281,0,0,0,NA
"1002","21175",0,0,0,0,0,0,0,0,0,0,0,0,0,0,0,0,0,0,0,0,NA,NA,NA,NA,NA,NA,NA,NA,NA,NA,NA,NA,NA,NA,NA,NA,NA,NA,NA,NA,NA,NA,NA,NA
"1003","21177",0,0,0,0,0,7.2728236210439,7.68858606514798,4.43719588820515,0,0,0,10.7850994595483,0,0,0,0,0.749513677867019,0,8.41570817319165,0.776961884871495,2.3638459790305,0,0.863820948651897,3.36451184470026,0.178519271044858,0,0,0,4.50381442445343,1.14103276830107,2.96331448039639,0,0.454801092375339,0.301985433992231,1.12327367147589,0.352968227065161,0,1.64763537069861,0,NA,NA,NA,NA,NA
"1004","21179",0,0,0,0,0,0,9.82330751988082,6.54543167428919,0,0,0,0,3.50924059902172,0,0,0,0,12.6958115454241,0,0,4.92929580448301,0,3.25244147257305,0,0.864406856871702,0,0,0,0,0,3.12454860780456,0,10.1360207415318,0,3.16646164063586,0,1.10531454202097,1.05263959459716,1.04235441235042,1.04823167604838,0,1.14756274522589,0,NA
"1005","21181",0,0,0,0,0,0,0,0,0,0,0,0,0,0,0,0,0,0,0,0,0,0,0,0,0,0,0,0,0,0,0,0,0,0,0,0,NA,NA,NA,NA,NA,NA,NA,NA
"1006","21183",0,0,0,0,13.7433627509621,8.82687652338573,0,0,0,0,0,2.70913097588422,0,6.36137057343469,4.50544448450635,0,0,4.58310980953445,0.479234410600617,3.23728843120946,1.33323347734137,0,0,0.616558892569411,0,0,5.24004885329864,0,0.942377850100315,0.87228372134612,NA,NA,NA,NA,NA,NA,NA,NA,NA,NA,NA,NA,NA,NA
"1007","21185",0,0,0,0,0,0,15.9172924009947,0,8.27019192388427,0,0,0,0,1.61244631495109,0,2.26185785286673,0,6.53480700561499,0,0,5.95765111237965,0,1.59268396618241,0.713224237130306,1.97988973453293,0.618296415472695,0,0,0,1.88727584328328,0,0,0,0,6.82777318745463,0,1.69272318775087,1.4418790671223,0,3.6021972835884,0,1.02773123807315,0,NA
"1008","21187",0,0,0,0,0,0,NA,NA,NA,NA,NA,NA,NA,NA,NA,NA,NA,NA,NA,NA,NA,NA,NA,NA,NA,NA,NA,NA,NA,NA,NA,NA,NA,NA,NA,NA,NA,NA,NA,NA,NA,NA,NA,NA
"1009","21189",0,0,0,0,0,0,0,0,0,20.4178900876691,0,0,0,0,0,0,0,0,0,0,NA,NA,NA,NA,NA,NA,NA,NA,NA,NA,NA,NA,NA,NA,NA,NA,NA,NA,NA,NA,NA,NA,NA,NA
"1010","21191",0,0,0,0,5.8621602337794,0,0,0,4.6279632057551,0,0,0,0,0,0,15.2541007211188,0,0,0,0,0,0,0,0,0,0,28.7796741693787,0,0,0,0,0,0,0,NA,NA,NA,NA,NA,NA,NA,NA,NA,NA
"1011","21193",0,0,0,0,0,0,0,0,0,16.2497037260949,0,0,0,0,0,0,9.82235361905503,0,0,0,12.327624602479,0,0,0,0,9.84905614652691,1.1552936062541,0,0.782240002484448,0,NA,NA,NA,NA,NA,NA,NA,NA,NA,NA,NA,NA,NA,NA
"1012","21195",0,0,0,0,0,0,0,25.1868783954183,0,2.30201953762553,0,1.5204730910914,0,0,0,0,0,0,0,17.5208545903743,0,3.28383229536083,0,3.88006604286369,0,0,2.95817377572525,0,0,0,NA,NA,NA,NA,NA,NA,NA,NA,NA,NA,NA,NA,NA,NA
"1013","21197",0,0,0,0,0,0,0,0,0,0,0,38.5206446780483,0,0,0,0,0,0,0,0,0,0,0,0,0,0,0,0,0,0,0,0,0,0,NA,NA,NA,NA,NA,NA,NA,NA,NA,NA
"1014","21199",5.3593048205652,0,0,0,0,0,10.9605137851652,0,1.52951908453313,0,0,0,5.55620533880118,1.23603772334542,0,0,0,11.7009415423029,0,0,2.73955481280431,0,0,0,0.893089352051032,0.544363526605987,0.664879732838801,0,0,1.16949338206377,2.60796876505345,0,1.32572995530571,2.488583997813,0,0,2.30592269332071,0,0,0,0,0,0,NA
"1015","21203",0,0,0,0,5.8621602337794,0,7.74257507341186,0,3.9584086365659,0,0,2.67765009997155,0,1.30781005412026,0,2.75415092858237,0,0,0,0,0,0,0,0,0,0,0,0,0,0,0,0,0,41.925032349553,NA,NA,NA,NA,NA,NA,NA,NA,NA,NA
"1016","21205",0,0,0,0,5.8621602337794,0,0,0,4.6279632057551,0,0,0,0,0,0,0,0,0,0,0,0,0,NA,NA,NA,NA,NA,NA,NA,NA,NA,NA,NA,NA,NA,NA,NA,NA,NA,NA,NA,NA,NA,NA
"1017","21207",0,0,0,0,13.7433627509621,0,0,6.33409230375556,0,0,0.978826980276695,3.71005969679066,0,0.800143344980379,2.27236385872516,0,0.716800575583399,0,0,0,0,0,0,0,0,0,0,0,0,0,NA,NA,NA,NA,NA,NA,NA,NA,NA,NA,NA,NA,NA,NA
"1018","21209",0,0,0,0,16.519505995067,2.15992378180734,0,0,0,0,8.00131490157436,2.07582667631843,0,0,0,0.786571808691513,0,0,9.05948910290337,0,3.08162252680051,0,0,0.56865500468117,0.627016731033229,0,0,0,0,0,3.564744801099,0,7.58132183730491,0,0,0,0,0,0,0,0,NA,NA,NA
"1019","21211",0,6.38923392032348,0,0,0,12.5232553752442,0,0,1.06167491725347,0,3.09531215203639,0,0,6.71557254478649,0,0,0.633076978607427,1.27890343241171,0.664328140014326,0.7076585866808,0,0,2.0582713231875,0,0,4.13917379476506,0,2.36758188775052,0,0,0,2.57582019462583,0,0,3.27220395207069,0,NA,NA,NA,NA,NA,NA,NA,NA
"1020","21213",0,0,0,0,5.8621602337794,8.23997229269908,10.1501209824306,0,0,0,2.98563862327048,0,0,0,0,1.29746395810131,0,0,6.86721583798258,0,0,1.54279558427237,2.79873999388725,1.23464533446904,1.10974320222661,0,0,1.19060783744597,0,0,0,2.61630062358943,2.80398493114094,0,0,6.55647938855764,0,1.43703751035511,0,1.27668381570548,0,NA,NA,NA
"1021","21215",0,0,0,0,0,7.2728236210439,0,0,0,0,0,0,0,0,0,0,34.1276539245842,0,0,12.7863727439871,0,0,4.45271720890907,0,0,0,1.29984096023838,0,0,0,0,0,5.63732711552422,0,0,0,8.79876971313732,2.95019170005303,0,0,0,1.96228708015072,NA,NA
"1022","21217",0,0,0,0,0,0,0,0,13.2287174018193,0,0,0,0,5.84675373754973,0,0,0,4.62793585225092,0,0,0,0,0,6.66120995316171,5.30133416194899,0,0,5.13224750199115,0,0,0,0,0,0,NA,NA,NA,NA,NA,NA,NA,NA,NA,NA
"1023","21219",0,0,5.35623193094833,0,1.16003550789613,1.06985508125652,2.01076659890856,0,1.88539513944275,0,0,0,0,0,2.55618944882832,0,3.50883735744951,0,2.83115293600011,0,0,0,0,0,0,NA,NA,NA,NA,NA,NA,NA,NA,NA,NA,NA,NA,NA,NA,NA,NA,NA,NA,NA
"1024","21221",0,0,0,0,0,0,0,0,0,0,21.9099286341881,0,0,12.7497341275043,2.30115412446463,0,0,0,0,0,NA,NA,NA,NA,NA,NA,NA,NA,NA,NA,NA,NA,NA,NA,NA,NA,NA,NA,NA,NA,NA,NA,NA,NA
"1025","21223",0,0,0,0,3.15138939200099,0,0,0,0,0,0,0,0,19.9316492238755,0,0,0,0,0,0,0,0,NA,NA,NA,NA,NA,NA,NA,NA,NA,NA,NA,NA,NA,NA,NA,NA,NA,NA,NA,NA,NA,NA
"1026","21225",0,6.38923392032348,0,0,0,0,0,0,0,0,18.1259203952684,0,0,9.39482002425549,0,0,0,2.30135773511408,0,4.61328395221388,0,0,0,0,0,0,0,0,0,0,0,0,0,0,0,0,NA,NA,NA,NA,NA,NA,NA,NA
"1027","21227",9.50379865884122,0,1.6263574332431,0,0,0,6.20203515048719,3.77463625584528,0.944183890465337,0,0,0,4.17138326297457,2.33421719776709,0,0,0,2.15871767920222,0,0,16.0088245462884,0,0,1.08779986850343,3.59870786087049,0,2.41016572290519,1.0802075454392,0.748443634626067,1.30535778863957,2.11722754756883,0,3.42367884932292,1.60547085595855,2.47580974493233,0.890644366795118,1.50836473522997,2.28305823465047,0.767827214101243,0.454567819618144,0,1.03172247180447,1.38787874954324,NA
"1028","21229",0,0,0,0,0,7.2728236210439,0,0,0,0,5.68074560247186,0,0,0,0,0,0,0,0,0,0,0,0,0,41.5357169974361,0,6.38861652115592,0,0,0,0,0,0,0,0,0,NA,NA,NA,NA,NA,NA,NA,NA
"1029","21231",0,11.0886817491692,0,0,0,2.12671020448006,0,0,0,0,0,0,0,0,0,0,33.9843675334776,9.31434577570479,0,0,0,0,0,4.64151879063687,0,0,0,0,0,7.12573179326805,9.61660863532667,0,0,0,0,2.30905404952933,NA,NA,NA,NA,NA,NA,NA,NA
"1030","21233",0,0,0,0,5.8621602337794,0,0,0,0,0,6.99565704905558,0,0,0,0,0,18.9426956972114,0,1.66034952728529,0,0,2.4908484199804,2.39952751754606,1.09748786100966,0.999657798599183,0,0,0,3.80307992816099,0,0,3.92955817347467,1.14055794057089,0,1.93507089123672,0,0.959859050709022,0,0,1.39428153097415,1.58631915709417,NA,NA,NA
"1031","21235",0,0,12.798633678712,0,1.75878902424736,0,2.64068430568619,1.19445696436899,0,0,0,0,3.93928674580045,0,0,0,2.43696607659046,0,0,0,0,0,0,0,0,NA,NA,NA,NA,NA,NA,NA,NA,NA,NA,NA,NA,NA,NA,NA,NA,NA,NA,NA
"1032","21239",0,4.48743349954009,0,0,0,4.02573158350499,1.25742682873045,0,0,0,1.43164698804867,0,0,13.8129540710893,0,0,0,2.63851309790556,0,0.670710851382356,0,0,0,1.34042197681929,0,0,0,0,0,0,9.07534305821211,0,0,0,0,0,NA,NA,NA,NA,NA,NA,NA,NA
"1033","22001",9.50379865884122,0,3.13125374550534,9.43702975161109,1.14095952611351,0,1.47868487527769,13.3496729262365,2.09336146267501,2.39051775956731,1.38814538993443,0,1.01660201762218,0.415092824866221,0.339485915212998,0.517630911026126,0.455419391376617,0.891249441770686,0.813463765543859,0.226984487636689,0.507549875853679,0.849999846679067,0.316784729265986,1.06509838899225,0.779097283960578,0,0,2.21468558954614,0,1.92648267168777,0,6.94022146761439,0.437899994274725,0,0,0,0,0,2.45772712136619,0,1.2513304909685,0,NA,NA
"1034","22003",0,0,7.55196450982824,0,2.70577922210707,2.15917492869208,1.76876824516403,2.88916566706489,2.30242252011625,3.13348749838433,2.71234097447047,1.32479827003129,0.22718239916496,2.46952322850575,1.11747370748871,1.20623836175561,0.165753170179927,0.170964598111097,0.747457027415011,0.42370428900398,0.248858017895495,0,0,1.96841244786592,0.581679686743201,0,0,0,0,1.42260899458125,1.77281935410759,0,2.10537765661471,0,8.33647001722123,3.27645225713142,0,0,0,0,0,0,NA,NA
"1035","22005",10.684130684032,3.36740954654899,5.4543859112477,3.02937791588499,0,1.24461134755361,2.10544838207406,0.844797780798347,0.464840313514287,1.6074331050905,0.680681498828116,1.18878468635942,3.29508522951142,0.0948898664918978,2.59095596921158,0.41612529542655,0.288710639621347,0.149119802891861,1.10203534077612,0.815874488362129,0.654190834920148,0.223702590220259,0.378201193552568,0.145535858718362,0.944241440669421,1.66843241178813,2.80133137538171,1.0896306540688,0.32904143837992,0.237975073366159,1.44808179157744,0.251874307581608,1.3475978330856,0.571438628022385,1.10064192455642,0.621817936854699,0.218366388179331,1.28657686657123,0.745073556097253,4.11345318766003,0.941656301620537,0.734176201093203,0.256719195990797,NA
"1036","22007",0,6.38923392032348,0,8.09562093824541,4.79811424784671,0,4.78347681379457,1.75583481761327,1.39228646661319,1.93820643951842,1.97321295511077,0.578295040821632,5.51672553675451,0.557234614511612,2.68772325242416,0.863013461010221,0.55182563132023,0.535125620974938,1.20099136276114,0.457251581871598,0.857583114980613,0.529077725247779,0.434451365214268,0.957424252199986,0.525073052397045,0.956094501487021,1.22016956451253,0.632232034165351,0,1.19601741870285,0.770817296035509,1.09475559645215,2.21098782228144,1.54798530406905,0.238796107971137,0.46565523320541,0.480695656507321,0.263315484610591,1.19713581327093,2.27384924346822,1.59101855134145,0.88388985296636,1.08889330162988,NA
"1037","22009",0,11.0886817491692,5.35776793515118,3.11466830727014,3.08626756415101,1.5046739265158,0.619423978401544,0.568142424598324,2.68733303289768,5.32775686869654,1.00565732094719,0.817400370079626,0,0.247211915969475,0.810557345106815,1.5106445261025,0.983207508659879,2.62039337224842,0,1.44654276088495,0,0.872379605550704,0.313683130196307,0,0.852874754234137,1.00959591300271,0,0.680178602825079,0,0,2.24571105106507,0,0,0,0,0,6.32093462801929,0,0,4.67478913232402,0,3.23806316724192,0,NA
"1038","22011",0,6.38923392032348,3.73038711983005,0,2.14548227446624,0,0,2.02168136025455,0,6.13474693802556,3.0903137975693,3.27108272495006,1.5889260693197,2.45670951735764,1.95974778768466,0,0,1.28495356712918,0.462988401171065,0,0,0.772398283773554,0,2.37770289207317,3.64202463537368,2.04783245447815,0,0,0.799920242558286,0,0,0,0,0,0,6.76974331110041,5.83014818981128,0,5.58606621274604,5.26676375285426,0,0.99138876776812,0,NA
"1039","22013",0,0,0,0,0,12.3954918704862,0,5.54656087363054,1.8581912454036,0,2.48454454861663,1.09702692501188,1.01317512185293,1.89250868903501,1.72412134861418,2.27187661580794,0,4.13017331239784,1.45103172763062,1.22374276604795,1.07943804234015,1.31881513887453,0,1.61191619483133,0.976375675783543,3.95776482190146,1.77447595256763,0.215361531621699,0,0,0.713216817622758,0,0,0.514948931157246,1.38496077980719,0.847841953442721,0,1.03744246055676,3.09732878013434,0,0,0,2.22474805557016,NA
"1040","22015",12.1992231524396,0,6.33239457798648,2.18990779593187,1.15965616262839,1.52709804173586,1.81384552901901,0.150377612402745,0.884285621006535,1.76063958216549,1.69669760708253,1.06191667181765,3.62333892011462,0.68443201747333,0.521499519942658,0.58140298637277,1.08720252445192,1.03191262595471,0.360325299970863,0.292695620555603,0.864784867259956,0.242524266369617,2.51649620485168,0.537177057867979,1.19441814562023,1.27833707243077,0,0.391716774705662,0,1.35430824739496,0.970200352985028,1.88156732457503,0.626085398426967,1.41003189210281,0.956176761949577,0.740724391535915,0.558628202168267,1.52526259227213,0.196211386569264,0.210496750190888,1.15718754624458,0.757987927931656,1.34963779654448,NA
"1041","22017",11.3519620337783,1.63084365020832,7.89205386233509,1.96030223302039,1.58665729100724,2.42055987629499,1.21814238691497,0.109499695204533,0.718126469684292,2.02435801476193,1.34096763768056,1.37572410280484,6.0929098716348,0.994298744424707,1.03553328663864,0.6351548998647,0.63111818719975,1.38466570439283,0.604620374713375,0.348180699715323,0.692527374743278,0.261655798428043,1.24969932738916,0.452338355754061,0.85006581968337,1.64482633713933,0.604929037710996,0.435984063998834,0.403595207142372,0.985728190468672,0.692855433722964,1.90306326271486,0.60701501268327,0.843984283111623,0.545356219264198,0.775455957455318,0.997848052087825,1.08084393082189,0.601551625449718,1.6000828654067,0.894996297595782,0.366327153942411,0.796213885370571,NA
"1042","22019",0,1.80342412118814,6.85036655727532,2.89496214092385,3.43440567540953,2.11165169492588,1.89605994282306,1.54793149560727,4.07900495334385,3.2974042211904,1.77515325787834,0.874773011202534,1.1132391419035,0.262894628048964,1.32011370425973,1.78178761303878,0.32667647724225,1.17874676663089,1.23226093726856,1.26556791342411,0.67970582547813,0.558152014970616,0.324251540118899,0.636508266942042,1.3980962747966,0.749347604341456,0,1.35396649289511,0.103885107017568,1.13064006876975,0.850022770956585,1.39815262402055,0.51854983653992,0.534156575105327,0.423433737136299,0.916958858338676,1.31402607904166,1.52278982427532,0.505730533693395,6.89799645078109,1.25654530684837,0.497598738479207,0.65753041798606,NA
"1043","22021",0,0,9.4989667055933,14.1114236861936,0.994527604905015,1.33595906387073,0.534803217169791,1.89531820469954,0,0,0,0,0,0,2.04115451280567,0,0,0,0,0,0,15.7917363351817,0,0,0,0,0,3.97022952687105,0,7.25846589092266,0,15.295436079458,5.09812147531461,NA,NA,NA,NA,NA,NA,NA,NA,NA,NA,NA
"1044","22023",0,0,0,5.25744058045737,0,0,0,0,0,0,0,13.6022344910757,0,0,0,0,0,0,0,0,0,0,0,0,0,0,0,NA,NA,NA,NA,NA,NA,NA,NA,NA,NA,NA,NA,NA,NA,NA,NA,NA
"1045","22025",0,0,0,0,0,0,0,20.9954278164577,0,0,5.27921118884138,1.91786807758885,4.21084431875788,0,2.67604668220676,0.762509299311729,0.700255047598142,1.98806893719575,0.629945435617051,1.22411834638632,0.603516309506019,0,0,0.812911629916461,0.969774384610631,0,0,1.66770206439607,0,0,0,0,4.03206806936091,0,0,0,0,25.0774761225908,1.04500192340155,2.52599793619617,1.79345853647751,0.36596691217929,0.340879209742439,NA
"1046","22027",9.50379865884122,0,0,0,2.96787517096382,2.73520556310784,0,0,8.03156364789992,2.7597344656219,1.00438512262161,5.13123673657452,1.06985171649286,1.29320890524558,2.52756839966397,0,0.904722160428355,1.48334678636537,0.591598480997162,0.305959839222691,0,0,0,1.89953730703762,2.24531098269094,0.770125426906639,1.45606259665904,0,0,0,0,0,3.47967103807821,0,0,0,2.52744828379082,2.41221124017677,8.82785752569291,0,0,0,0,NA
"1047","22029",6.85371719797014,4.74473018987973,1.9126305750721,0,0,2.57304628459318,1.24437144103158,0.605979641108947,0.60393662769305,1.80212408916574,0.589164371156306,0.592724201663063,0.614825520044402,0,1.48477375055949,0,1.82710467018496,1.86032125355958,0.88764162107146,0,0,0.980273865107275,0,1.33828111069436,2.91982963241386,0,1.37416532873441,1.29140234327187,4.46939345168411,1.76270650421034,0.723795184817782,0,0,0.732891851045483,NA,NA,NA,NA,NA,NA,NA,NA,NA,NA
"1048","22031",12.8044813570177,1.87516427514444,2.34534074426177,2.52480640670784,1.32229479838487,4.18610469394059,1.61517124847514,0.99365019558276,0.588613416797334,2.43359908999899,0.744830440625265,0.943887883714922,5.15725169438572,1.4523056545009,0.267622332821043,0.849001481344994,0.23780974241956,1.23946772635107,0.789443881964189,0.980391618352405,1.44755399546786,0.146743472629817,0.759529150024738,0.640266656879436,1.0249226393124,0.906803378027548,1.31930307092289,0.763047819071253,0.38875997646736,1.96861513986248,0.58341524277763,0.970415692685441,0.781410489839125,0.798084455908649,0.20950186476315,0.459205375336879,0.520192879677059,0.60151476034995,0,1.66716097540073,1.80255386566516,0,1.82060112138438,NA
"1049","22033",12.1304156772234,3.13811223865028,2.15904904072881,2.6895334327968,1.32014381193989,1.68650227623644,0.569905974793293,1.17627380087498,1.86851048574088,0.709700153598684,3.28729600013895,2.17935525484571,5.82626983208077,0.626074327587866,2.22741037987765,0.876596573551699,0.450450120534821,0.670935509038278,0.940910061280502,0.79308590391707,0.78670745047299,0.646733790868076,0.307371014943675,0.463835391680059,1.10442959441735,0.665803087571519,1.07116399640942,0.78124936052178,0.499450034926859,0.624894991943533,1.09951408728475,0.8891971341601,1.68321067228974,0.628712823305881,0.520332275381461,0.896235442997079,0.468621192138463,1.33470960177338,1.40734222361758,3.44643609601477,1.64220384500564,0.688227031975545,0.873241829983987,NA
"1050","22035",0,0,0,0,0,0,0,0,0,0,0,0,0,0,0,0,0,0,0,0,0,0,0,0,41.9273077939323,0,1.80342412118813,0,0,0,2.99111524535049,0,1.68619262849813,0,0,0,0,NA,NA,NA,NA,NA,NA,NA
"1051","22037",2.86260695800588,1.57264598719145,2.19028109473855,0,0.829656368745982,0.834309203526409,3.29402092237437,3.53222348997233,1.6717360427492,2.20193099163234,4.01817407278955,0,0,4.28149983998316,1.09785187683855,0.32716319076878,0.625493107536531,0.318416976752326,0.687082824911878,0.765252141946253,0.646265180651823,1.42364688312819,0,0.8198367237104,0.589142893936225,1.87033558911644,0.319525888251017,1.30420619674412,0,0.70997429244704,0.388853040277836,3.28684568211491,0.787076587049623,0.374981690333965,1.09398668371788,2.09734512060297,0,0.342345429009619,0.369382982933677,NA,NA,NA,NA,NA
"1052","22039",0,0,0,0,5.8621602337794,0,0,7.74874105599061,2.63978773328258,0.965403138218513,3.68859480452472,1.15045118559946,0.492859806635947,0,1.90784122881043,0,1.05977897550825,3.20510192551126,1.90936276198629,0,0.794449993353742,0.784948829961123,0.408046099780997,0.446794538329888,0.507941733481284,0.588549694912682,0.681524293541703,0,0,0,1.50086123694241,0,0,2.76161689271417,0,0,3.10968055475245,7.39214396827636,0,2.66990391108232,7.27760791385415,0,0.501832382924872,NA
"1053","22041",0,1.80342412118814,0,0,0,6.75493718435525,8.33306310010428,3.25622229220765,1.09114437612942,0,0.54034883546036,1.87857740271394,0.809307051157404,1.87676959115175,0.261024939909241,0.263470668306982,0,1.26597508478688,1.73865815933492,3.08647112201953,3.16333671140613,0.690391382284135,0.398145592464534,0.750868504765711,1.48444207791384,2.3339372914708,0,0.84513117729435,0.515784920114281,0.545219807992744,0.399514611368268,0.455281587954269,0.530937171180721,1.52270814482128,0.334061393202505,0,3.09059498716764,NA,NA,NA,NA,NA,NA,NA
"1054","22043",0,0,0,0,0,7.2728236210439,0,0,4.70434220762983,6.49370403857169,0,6.25652569293432,0,1.80900535370492,0,0,0,1.07038018985923,0,0,2.17796014637936,0,0,0,0,0,0,0,0,0,0,0,0,0,41.5302140534076,0,0,5.35613690786331,3.68218961536611,2.59997926065705,0,3.40416597173211,NA,NA
"1055","22045",5.3593048205652,0,0,1.92526119191058,1.7697660057397,7.0689731720689,1.96154146735856,4.68141504860087,7.22642102107587,3.11584993853416,2.85876505694572,1.28741375976781,0,0.0957205930080656,1.40807118188409,0.650640961735657,0.945116965371741,1.37449022334949,1.61662699528713,0.83130292153377,0.910956022219597,0.670931064871885,0.682617132729767,1.29477884381867,0.608983855273942,1.37945767645139,0.128630599965625,1.07587419922676,1.38538810049392,0.142339800470362,3.1167529870262,1.41830313526334,0.352413836807829,1.00379672647816,0.332071701095803,0.234552982417718,0.265221562431608,0.159112179702533,1.74469802491124,0.889760978609537,0.956164450066399,0.491939140702716,0.756331013139237,NA
"1056","22047",22.6278264790165,3.95377865165962,0,1.34066537630713,1.15768889599196,0.365959165397221,0.378248407571502,2.38281037446295,2.65760457196773,0.34222062551467,8.51189042185664,2.00765969242546,4.25990523650149,0.244689156560864,0.958552132593599,1.48666907572579,0.64756391045689,0.937535006228006,0.659682964310523,0.99816753216904,1.1590710636932,0.593950352922581,0.818049000807938,0.215468249655311,0.158458429995205,0.817746747375355,0.318641652434884,0.505336565092462,1.18376334298191,0,2.89277938446925,0.354141196601243,6.03728897092285,8.66401049946736,0,0.392786850454346,0.0393537000352575,0.202662878578009,0.0932633047782024,0.527332615165449,0.991447958649916,0.388395108093435,0.704096216331707,NA
"1057","22049",0,11.0886817491692,0,0,0,2.12671020448006,2.09802590606571,0,0,0,0,8.35259729092479,2.12232572833187,0,2.68869590391231,1.12688102392105,0,0,0,1.41793532712459,3.18188182454921,1.53272233637378,2.63424396122643,0,0,1.05498546917205,0,1.29742467148334,6.32188243119925,1.00217242670639,2.34839249269273,0,2.8215485877535,0,1.92119933209074,0,2.73463932235907,0,0.863966088505054,2.12267803754623,NA,NA,NA,NA
"1058","22051",5.52747694490158,1.36677148928864,1.52242072024226,1.80687302912184,1.39970465781749,2.64204873757997,0.202082133119166,0.862366133445555,3.64155484112028,2.06786391812026,4.88045983216342,1.50826742148793,1.88805757048841,0.248017353280181,1.26294250380162,1.07752581875019,0.467953337588553,1.1025404530325,0.586342724452535,0.624437298452845,0.38344626339257,0.370407141985463,0.43365575730763,0.392762975570992,0.494254857671711,0.942217131493969,0.559761836739136,0.461920889341191,1.72916654968398,0.434221940964506,0.636573360733911,0.791636096699772,0.67908802940102,0.28858814195778,0.756939110023246,0.730865266196559,0.561360391120917,0.763547176688505,0.531013547321423,2.51130849598156,1.27455868063189,0.54809750509958,0.774139806524559,NA
"1059","22053",0,0,0,5.25744058045737,3.96894916870393,5.32790958661937,6.3331044747014,3.76304145222344,0.647400535341754,0,1.96522352751598,3.49894005255552,1.47332201821755,0.950385744991555,0.575349319013525,0.558352740424303,0.857858023439814,2.60126744449926,0.83023826914923,0,0.278190561460198,0,1.41837846990502,0.410624112542187,0.943559631314692,0,1.1856057708325,0,0,0,2.21685764086864,0,2.79739140314455,0,1.32220124207075,0,1.33777439878928,1.36936977811015,0,1.48072746196111,NA,NA,NA,NA
"1060","22055",5.3593048205652,2.69871990544466,4.41991300983968,3.60472665473889,3.43395403601816,0.729241831790518,0.310625860054435,4.30451871293598,3.7435876188938,3.09351370972164,4.57364671207098,1.07145977004334,0,0.510866309105996,0.380256554543481,0.39135673885599,0.499611135651808,0.83097691886729,1.44114239025708,0.405649242431341,1.03208669333663,0.376154961615627,0.200425863587204,0.885582191800272,0.983716501972713,0.808701298552793,1.70017792733984,0.474226160621653,0.385033314767999,0.604216664319715,0.651184823206208,0.480883844101594,0.137578520934288,0.326404757303479,0.199443680779279,0,0.979455317205928,1.993298918175,1.70096195692639,3.0895501689261,0.326336199786666,0.585890372628679,0.565270936679589,NA
"1061","22057",4.0384610937557,0.552907975838529,0.815978319146278,3.31651254669578,0.560368062342078,1.02200377792414,0.492799385957178,3.50267280577014,4.36768147460474,4.15158912238667,4.63363325311974,1.60725851749315,1.45409877835921,0.425407700200006,2.67294827473245,0.535007702935793,0.986767049748838,1.10490252708756,0.945785072016345,0.803592977775193,0.413148354484669,0.410092283104229,0.176234190821132,0.534324979886356,1.39304997776289,0.754545831751493,1.04133166481822,0.361616355163403,0.444479005814785,0.207686064563575,0.551871839809313,1.79262151460762,0.390959360235284,0.317303980440699,1.57083509017545,0.91527887814569,0.350415839077612,1.89959436662238,0,1.23053878808331,0.635094644216069,0.402299456136294,1.70062134566788,NA
"1062","22059",0,0,18.7057631615123,0,0,0,0.497596464833988,0,0.685693885764949,0,2.2708055812198,1.27392579010129,1.2655033678577,2.29230057522597,0,0.976832588410821,0.967210924820679,2.81274347434024,0,0,0.923979285361934,NA,NA,NA,NA,NA,NA,NA,NA,NA,NA,NA,NA,NA,NA,NA,NA,NA,NA,NA,NA,NA,NA,NA
"1063","22061",0,0,2.86085361663031,7.85106332985823,0,1.05860087069618,0.926901627035812,3.28755827336632,0.715732102953422,0,2.5595235361338,0,0.618468795126835,0.649523666630731,2.03541727070965,1.34221974642206,2.48119893791234,2.62037065332172,1.70522426182905,0.721817400835215,0,1.0117869865527,0,0.819958115930072,1.84108645118523,0.969700532911625,0,1.03735487910912,0.542033541159294,3.26007259989047,1.95350628873363,0.85282292140231,1.87511686524438,1.00062589659643,2.10164213425296,0.275321147651862,0.802586782473944,0.543447622599391,0,0.988802544630372,0.749369729753601,1.65210552455898,NA,NA
"1064","22063",12.8044813570177,1.87516427514444,0,4.65908991802965,0,0.657454368765596,1.86250556739286,0.597011809502479,3.85633129581731,0.941890925260643,3.13107997783005,2.17777200616612,5.45242501214576,0.49355733747062,1.58956044378007,1.68528818223114,0.504503935022809,0.392366207877004,0.409436833339497,0.227437001200453,1.43086272101029,0.293965315884135,1.14520230990168,0.701831599726257,0.556396209266326,1.1666285838221,0.406423235167822,0.862307344038911,0.232512410036756,2.23110541159431,0.749787558878418,0.991096169167364,1.67654161983813,1.12947761128533,1.06838267967778,0.208822440234149,0.43285398836094,1.16075896719307,1.70971274069178,6.76018443992749,0.929330075300614,0.371293540639255,0.551623303832217,NA
"1065","22065",0,0,0,0,0,0,0,0,0,0,0,38.5206446780483,0,0,0,0,0,0,0,0,0,33.187014678286,0,0,0,0,3.15077604121528,0,0,6.54312569366044,0,0,0,0,0,0,5.19661175163166,0,0,NA,NA,NA,NA,NA
"1066","22067",15.495240879053,0,0,0,0,0,0,7.9632213687298,8.4440777794045,3.21831786648713,1.06287146803956,3.84553759381302,2.80591848112865,1.30069611617979,0.370002194821398,1.03446363351247,1.33771969913198,0,0.362915139286745,0,0,1.27916237895199,0,1.00693518178507,2.27336169274521,1.12646330575767,1.05622517886728,1.92889613230983,3.29846244043574,0.687164086491726,0,0,1.33939237402635,0,2.50088501332064,0.857557709259029,0,1.74244226614372,0.857503865095767,0,NA,NA,NA,NA
"1067","22069",0,0,0,0,0,0,0,0,0,27.462168420246,9.035975664712,13.9116162427356,0,3.91461227288498,0.716692507254814,0.30619542550836,0.588064435880446,1.78100336439465,0,2.51069859352785,0,0.316963605147459,0,1.15672211786171,2.11451837410402,1.28671372807191,1.62725257920747,0.377855810016744,0,1.52917516519303,0,1.32755878060001,3.55783072267035,0,1.50467734054019,0,0.722939792796867,1.86326941816961,0.754946702722396,0.386832350994791,0,1.35099764982908,NA,NA
"1068","22071",2.93933642736371,1.503223181386,1.50128747201383,1.36362984271223,1.22533366010183,0.849493352149127,0.342643168084806,0.891426633622279,2.46920406200914,2.78473005436075,4.41576993320034,1.22846191512684,1.46092083124489,0.259071912532206,1.22245308992421,0.911101976009573,0.318641102970334,0.461994914948307,0.521106419582042,0.40721432729372,0.260518577547378,0.246004667475709,0.397893177992066,0.377525042664776,0.716797870309992,0.654178689163093,0.60626128582996,0.682232230645045,2.2695384831263,0.318971982760777,0.607995774866326,0.837001933254781,0.373668085822591,0.196246158463173,0.913603360165126,0.535105669610651,0.402028580980866,1.21633124476647,1.05257468163475,1.44896569200437,0.958319207422057,0.455027502361359,0.627541433286229,NA
"1069","22073",21.2316679491679,0,2.26263965699175,4.65980095526053,2.19668771739663,2.47264820781267,1.51798166422295,0.556550254172645,2.16928063137011,3.29286079626919,1.641533743215,1.93252373876873,4.6334654133459,0.343648608286395,2.26112196472227,1.35409623335419,0.394841440994514,0.867753783608711,0.909572847454513,0.866518838586075,0.643465798767804,0.683793029361738,0.131074225232745,1.16072181124176,0.94784724897983,2.2261485419694,0.68182096911634,1.39399259060905,0.333632758444588,0.669172362034943,0.989856659147026,1.3847268689987,0.989690942871042,0.579316903174622,0.701094694438688,1.27339251246352,0.342487593922985,1.19375899278875,2.10071129382673,1.36283768876432,1.30699859289871,0.727605033302506,0.701599936458495,NA
"1070","22075",9.50379865884122,0,0.829262229516138,2.67811616053018,1.68344653260569,1.46292266982101,0.444429343363695,0.858449888907921,5.69243675411124,2.84674789474601,4.19237360482259,1.00782785835213,1.27127812260597,0.609989371578238,0.777636688293332,1.45178234711271,0.778480744301532,0.597898704366389,0.105428665956358,0.695961394228432,0.131810524965744,0.467514275408838,0.377797558698568,1.14101069596877,0.530206991332791,0.888357216694296,1.25673788133874,0.323938149068817,2.27771337507054,0,0,0.362047608507553,0.42050839693754,1.00450239625049,0,0,0,4.38099533003002,4.83272915902215,1.44713219500087,0.572329523773122,0,0.506999932573862,NA
"1071","22077",0,6.38923392032348,0,0,11.6594578996563,0,4.96401530095039,0.711164286561229,1.71249176382584,0.49784527525608,3.1243085751108,0.786491129916805,0.365486627412913,1.75591429139816,1.97380045695708,0.610907024811565,0.877249452466873,1.14220407769315,0.569508645379298,1.16015210719468,2.01481930912103,0.554629396692582,0.546235420994495,1.36502140936906,0.549696189449824,2.44925715211553,1.02439425457981,0.48668701604889,0.482035977158591,0.252079900737851,0,1.64484215909344,1.46717413001621,0,0.419878716170408,2.18449921071521,0,0.910332791391901,2.28874015996238,NA,NA,NA,NA,NA
"1072","22079",19.617755579559,2.49610527937395,2.89894168239213,5.08561819872824,0.326064967024322,2.82426264404804,0.849052236503053,0.574039835717743,2.48755995682971,1.7558003005361,1.1411419610914,0.527131501044596,1.98799241311763,0.354531658964081,1.16480730545203,2.14256509245706,0.639359999148157,1.32062164014032,0.78069288005516,0.292282393102737,0.613489074193976,0.336047645902138,0.885943160219042,0.574470035933951,2.04024045740646,0.639586124943834,0.798197185909828,1.41395089620502,0,0.494323019482682,0.721455425833261,0.605903028559999,1.77842288668485,2.44369969036838,1.60387620420005,0.358372284331802,1.00542908488574,0.654605935258441,0.998032142987802,0.861509366941149,0.543794306910015,1.51792010719366,3.43433176665218,NA
"1073","22081",0,0,0,0,5.8621602337794,0,0,0,0,5.46005000151352,8.05909204007343,4.72632392180576,2.91162792754818,2.0122463803904,0.787598380050074,0.693706130205245,0,1.42768393454468,2.20366738457298,0.719916883977994,0.702924889817179,0.696512786189216,0,0.788291191344097,0,0,0,0,0,4.09205621582346,4.25673905158757,3.24446652993762,7.88577191810621,3.42958363986172,0,0.665606673473014,NA,NA,NA,NA,NA,NA,NA,NA
"1074","22083",0,0,0,2.80455791705411,0,0,0,0,4.49786116872796,4.0984562001485,0,10.717196005745,1.27026912187987,0.913545258794373,1.49039541590081,0,1.96592993242422,1.27186855387145,0.622700607280655,0,0.679813411457319,0,0.893637947419605,1.04544785103123,5.27280390259018,0,4.31114546496317,0.559750624846854,1.8667199473313,1.6039964130719,1.07171672987438,0.668761214473228,0.332365470364914,0,1.58211061289176,0.437750942770078,1.42916649048558,0.986857108002943,3.69504553131598,2.63692286846407,0.307673113372778,2.11569933713149,NA,NA
"1075","22085",0,6.38923392032348,3.73038711983005,2.47378173269665,0,0,1.73089167248369,3.31473171653798,0,0,1.48648979537819,0,0,1.95203577055085,0,2.34021134603381,0,2.31646211300896,4.00563670178704,0,0,0,1.6410542749331,0,0,0,0,0,0,18.4337570407154,0,2.22515006844314,0,0,0,0,NA,NA,NA,NA,NA,NA,NA,NA
"1076","22087",2.86260695800588,2.07096809113553,1.44245865250624,1.44500414606011,0.765241910298851,2.78137075578838,0.419722792304403,1.56498266062678,3.12933489758819,3.22339739817712,8.01235807282186,0.878499129499838,1.85158330706299,0.107116595256422,0.833668534787198,0.736977680152577,0.532818815130024,0.816934028394525,0.769820107680739,0.699482879972308,0.15310250639468,0.457644480506093,0.523861144012788,0.45791948959432,0.450854423149385,1.66454769322895,0.564908374525195,0.240978602963545,1.52124300175405,0.650821909631968,0.27200103012907,0.731641283887736,0.797342542282253,0.525375573051196,0.582394259496038,0.647914991685031,0.718664720118134,2.28301483305272,0.750442775030195,1.20614761749752,1.14882627699448,0.224174868962462,1.13796830635176,NA
"1077","22089",10.520800755286,0,0.889309935344119,1.81866713150818,0.327437587866701,2.18289997249087,0.300492576049529,1.48199008821792,8.32717589128992,1.75529676467221,9.22742502077268,1.66217571209699,1.63586339465573,0.253172560424207,0.72963429151705,0.729925800101254,0.556970767472298,1.14404841613953,0.510503058961813,0.980721564091951,0.126208263240436,0.279087048165648,2.52880678307509,0.819699364367925,0.511416165635864,0,0.89984796823444,0.0624185733863006,1.42287870518959,0.635671086992794,0.525264907552224,0.667596389728563,0.72105279885506,0.446872760698166,0.248423592038697,0.985711651463718,0.79048993309882,1.54021858603543,1.21736253280062,0.515471363843933,0.688291178004266,0.878791942904561,0.368956705247639,NA
"1078","22091",0,0,0,12.6099043814729,2.41140253656811,4.51428195998319,2.01823340558886,0,0.709144470276651,0,1.53113707194449,0,0.959168463325768,0,0,4.24304593111022,1.32461245466846,1.17600385086197,0,1.04623786735463,1.05254178584749,1.07574787361807,1.09648591999459,0,4.39706336611614,0,0,0.92120434516182,0,0,0,3.4954519459219,0,1.94235556331336,NA,NA,NA,NA,NA,NA,NA,NA,NA,NA
"1079","22093",28.1887622973776,1.37721081272923,3.86964171516221,6.80715107375529,3.03842344314057,1.53928996742613,1.06513892256519,1.31638278304246,1.4341676146542,1.00690782115778,2.48964419564799,0.566200508379614,2.87493296690475,0.372621295484525,0.832768987287638,0.611319307297349,0.351624843217695,0.763490939557879,0.256863329908823,0.298607926791549,0.823429638452915,0.414524188527498,0.162817848881735,0.388192907393944,0.922648533833066,0.537047674309483,0.309648433675464,0.358134686006373,1.62281142011202,2.50575572277487,1.16797204150397,1.40492935130147,0.641191639733371,0,0.657242983186074,0,0.441026304925424,1.5999352239306,1.78747898748331,0.607259017822259,0,1.84196451576126,1.78025904638926,NA
"1080","22095",7.78393443002326,2.65560754680083,2.03788974822445,2.71535978847084,0.592657902305889,2.21378594558345,0.458186739852589,2.52143560911971,3.44342008077486,1.34322124066168,9.87652108941403,0.625014918934053,1.37958854019776,0.169295790776015,0.484501830102258,1.16198466093149,0.43102314243555,1.24124478791534,0.879878539111903,0.943317818592749,0.220428298480535,0.370411295262471,0.225757044111304,0.309345191618161,2.07590329101019,0.796079394555503,0.829448460137752,0.302982659526046,1.66223394125953,1.03758166557403,1.08345079586551,1.00704831335956,0.878682424236695,0.64789737754838,0.123140083039483,0.13666122219717,0.559810791736099,0.673044978046625,0.349500975269532,0.423067415520259,0.169902870944557,0,1.27036704469887,NA
"1081","22097",0,0,1.95162457285785,1.65483862258168,6.46419841268677,0,0,3.59905300838179,8.17060649449459,4.29170591709605,2.17887990343506,1.72776372541505,0,0.226654824791554,0.595307468629483,1.0554823750169,3.57925505094194,0.51367907151501,1.51816976905584,0.639208536584447,0.41045527336443,0.106497402921903,0.120002598724551,0.146013604895663,0.378133887921831,0.254512067853344,4.39734885121953,0.313020554213249,0.58603424715602,0,1.14362208588253,3.88044676716671,0.741611818821169,1.32775464532284,0,0.818263949185212,0.639699659493608,0.464240021369298,2.01656555823548,0.262971312227587,1.08672843489659,0.279682793920647,1.44947728332395,NA
"1082","22099",0,6.38923392032348,18.3897764175195,2.93676282489633,0,3.25925946647434,4.13811134400341,2.27624036812474,3.19375879369318,1.57527145393666,0,1.45160220727849,1.38274969224217,1.12891191410992,1.09643930422312,1.44150218415129,1.18796511804885,0.528430068500256,0.962333599508041,0.447282885536178,0.570473374874779,0.624023179244598,0.57943497528555,0.651184889795944,0.440482112699642,0.499726154173447,0.56925091771863,0,2.25158807182426,2.05199756095307,1.88993480733111,0.212182430037994,0.403871762742745,0.411479935290891,0.667853531797247,0.502329560675348,1.14689940398753,2.72965362279015,0.865026689400688,0,0,NA,NA,NA
"1083","22101",0,6.38923392032348,9.50057681065498,0,1.36720233279621,1.14446973256306,0,3.09766494164736,9.20044247555268,1.92595800775662,4.96592253079061,1.06633723058578,2.89575257548697,0.261761983923138,0.714302278384389,0.353399976327301,0.625010968659938,1.0953678194814,1.61179863098341,0.749212812292364,1.19309491549227,1.98826641347377,0.26672698703242,0.132689243131135,0.562785066445869,0.469950037510656,1.07245931161595,1.1957712229304,1.46550498734556,0.831467120519067,0.411075389377417,1.23782590739083,0.627853400150163,1.49515305938481,0.218018371655061,0.460250829762804,0.252001930569524,0.854020655499485,1.88512464932829,0.655945517331675,1.95120311932146,1.79808262573287,1.07486741628103,NA
"1084","22103",10.4759594319918,0.985787770258525,1.95724772794804,2.16971030885503,1.75914159726177,1.56458390354716,0.246105518550738,2.73843695861113,1.72296846231769,2.18693209987617,4.44758077617425,0.944737165097577,2.04877634750865,0.504755829360304,1.27332575818519,0.993934790326385,0.517517961162743,0.714026481183268,0.823905345902702,0.369755056792714,0.389121454297622,0.396427958261052,0.462093201533493,0.829389218623652,0.735853892289521,0.702918214178896,1.16490832287475,1.11312974876669,2.08456369252992,0.427505679740638,0.500585040739748,1.33669710428256,0.841958615060242,0.304819542657902,1.10637915282848,0.490375548608549,0.635465041179149,1.19657987302423,0.89897726493214,2.94525438388025,2.61036422097161,0.174198456544881,0.636734350046492,NA
"1085","22105",0,2.3705768629988,1.68417106865375,2.62880549713235,0,2.97907815776598,0,6.03974449647537,3.74503983590457,2.95066376550554,2.37912134080553,2.57156304494757,9.48651678526638,2.90452564841344,0.750237501656271,2.03880546374651,1.02549031777301,0.426160258194757,0.666089370789113,0.414877890099981,0.908634923102706,0.311587136423925,1.67824504311604,1.2094115843271,0.181886868988896,0.611681186499767,0.251325148501435,0.113331486492051,0.671119590113851,2.83837255571942,0.396600538735444,0.557727126267671,0.561938564317811,1.46398911913875,0.166654612222207,0.622842438484447,0.488846885354755,0.979071211144836,0.481878117644954,1.56611386860671,2.46171500055611,0,0.476363211022148,NA
"1086","22107",0,0,0,0,0,0,0,0,0,0,0,0,0,0,0,0,0,0,0,0,41.9273037904936,0,0,NA,NA,NA,NA,NA,NA,NA,NA,NA,NA,NA,NA,NA,NA,NA,NA,NA,NA,NA,NA,NA
"1087","22109",3.10358045985062,0,0.45184221633764,2.35948119459586,0.718975553667427,1.04042360521066,1.02641347160515,1.672861606075,1.88057793011483,3.98299125581737,7.48406293058209,0.579817045749306,3.42147999963482,0.32433682701144,1.88759607773549,0.601877213411464,0.72698129276665,1.16682417594708,0.547376764162448,0.211354230467112,0.409938255784813,0.336793868797371,0.400396327911715,0.772302701464626,1.13402943193212,1.24867220136902,2.12373234475295,1.15376040838849,2.25135443214595,0.363436733643548,0.346451421199825,0.61872567944847,0.569913315829915,0.320011753083352,0.618504140060844,0.578379194693128,1.15942898059695,1.25527637450687,7.42514220010586,1.42308100038344,0.50594658068192,0.221033115296125,0.503969494272738,NA
"1088","22111",0,6.38923392032348,5.35725583587532,2.24757222657385,0,0,1.5130542979807,1.53166644242199,2.92929015286641,1.29401120003934,0,3.66123226185319,2.97845124633535,0.690867968096632,1.19596179586768,0.550091300789735,1.07198994089733,0.543393888827582,0.288993961391153,0.640224713607303,2.09144596501065,3.65527141177829,1.12580493429064,0.963125039581988,0.651701723792146,0.211773662842841,0.667862407756071,0.734742054805766,1.08992926294119,1.74171707628224,1.97815402064602,0,0.261440937093415,1.34200696232259,1.63848198475088,0.817399544558592,2.10714602105201,1.44865287379958,0.880722639280466,1.6233842747669,NA,NA,NA,NA
"1089","22113",9.50379865884122,4.20373720110854,0,2.05881324952678,7.39030023118168,1.97247712403353,4.0807014228095,0.98961173925611,0,0.394900162075764,0.414492780631904,0.926111996074811,1.55199501726084,0,0,1.39425807149471,1.48815580499717,0,0.825534816641229,0,1.00187541182665,0,2.55899439772917,0,3.88691432785569,0,0,0,0,1.53095162385115,0,2.23000195925621,0,0,0,5.78752202629607,2.39195967282515,0,0,NA,NA,NA,NA,NA
"1090","22115",0,0,0,0,0,3.98175475735187,0,10.0224051125566,2.07231737723172,1.43949057986567,3.21971986921372,0,0,0.823429484643304,0,0,2.63135672428082,1.42853340787503,0,0,0,0,0,0,0,0,0,0,0,0,39.9478476400787,9.47238581420914,0,0,0,0,0,0,0,0,0,NA,NA,NA
"1091","22117",0,3.45810439938785,2.3206362711029,3.36447716593153,2.50180814777317,1.93748640604134,1.57424689796201,5.95069131412565,2.48206030587804,3.22863981158457,2.35265013532486,1.17127620959658,2.47779757270167,0.705018730364328,1.17400480139884,0.809877962550422,0.603282947718492,1.33137923094129,1.73337115392293,0.595859212047245,0.493808662645282,0.906855152630555,0.629408995978536,1.21402455187264,0.692294236168126,0.606513103505088,0.516779590720541,0.42200142769763,0.627050520829521,1.88776359029004,1.40239150898193,1.83544568127163,1.06405445243811,1.24912466665868,0.522400440427592,1.02727298970714,0.393082201710084,0.696561158613734,0.153460490954812,1.86984389810143,1.58574326803026,0.522921092469856,1.02844500670155,NA
"1092","22119",15.495240879053,0,4.20279156827855,4.13027432788747,0.987427074577168,0,0,1.6576336042248,4.75931400669146,0,1.2176183809268,2.15830339227098,7.62801022218388,1.86508633642782,0.400528808972819,0,0.174035069301056,0.762297924222415,0.442612911126453,0.794325016826301,0.626144350953515,1.06516770377227,0,1.66830392298798,0.859075520724921,1.29815472727728,0.856565612022247,0,0.918273082945626,0.497049476510738,0,1.29538742261996,0,1.6919596514628,0.901854446140608,0,1.95805504967314,0,0,7.0880943744972,0,0,0,NA
"1093","22121",6.85371719797014,0,2.49510522836841,0.988773437967214,2.51854569988366,0.734899098914296,0,0,0.811343681785895,0.933920022236563,4.82860926169787,3.17012841334757,8.4937028740758,0,1.19276832336092,1.40971267881847,0.370210622801379,0.556166305941516,0.784611351822267,1.05714412448653,0.456175397221429,0.982603364023182,1.03528856362774,0.53874665003464,0.84503373805755,0.593355444170958,0.94542741845044,0.669969843782541,0.715607882024376,0,0,0,2.04077124658372,0,0,3.19680856841353,0,2.02782702169693,1.84398500630752,7.05483950793992,0.979513490443167,0,0.355114551306442,NA
"1094","22123",0,0,0,9.34328727054725,3.00006474094972,0,0,0,0,0,0,0,0,0,0,0,0,0,0,0,0,0,0,0,0,0,0,0,NA,NA,NA,NA,NA,NA,NA,NA,NA,NA,NA,NA,NA,NA,NA,NA
"1095","22125",0,0,0,5.25744058045737,2.08306897687454,0.853365525064258,4.73987267567104,0.524259412903712,4.47454689465557,0.316838087492016,0.27781957033565,1.57473295953263,0.767866826543201,1.02867221919663,0.265146498300544,0,0,0.40992621285558,3.86966856063204,2.34811303975241,5.12469840740377,0,0.894574996381556,0.611870448632792,0.204335596733368,0.445469138724843,1.2620364599573,2.18439867315004,1.60176395408207,0.250587125061405,1.19528516102842,0.468044601885397,0.954447094482991,3.27336653236149,2.64226457513952,1.18008956896793,0.584282554191046,NA,NA,NA,NA,NA,NA,NA
"1096","22127",0,0,0,0,0,0,0,14.0040270250776,0,0,0,0,5.83721536925973,8.23234937995646,4.74930411677988,1.50980705145088,1.12552846127339,2.71913912945893,0,0,0,4.3259713382259,0,0,2.43665449540068,0,0,0,0,1.40988045956218,0,0,5.25397171775873,7.8016944902606,6.50766237364175,0,2.98839486583517,1.17851686008537,0.344486998039096,0.664939955095752,NA,NA,NA,NA
"1097","23001",0,0,1.95162457285785,1.65483862258168,1.47473507496357,1.34830254938477,1.24854747251964,0,3.44268075281904,0,1.00966828004656,6.06084179788163,0.664475565474671,0,1.54227398151224,0,0,0.617743149040702,0,2.73095753330238,0.98077377181429,0,1.01218489154742,1.99326493146679,0.953349059057648,0,2.78647187298109,0,0,0.970653747031731,0,1.23814238788838,1.37886671628554,0,5.66331020166019,0,0,0.999231536393482,4.58628798011468,2.93641196248152,1.1537319474979,0.964222079369226,1.69320214565686,NA
"1098","23003",0,0,0,5.25744058045737,0,0,0,0,0,0,0,0,19.8212343704917,0,0,0,0,0,0,9.82184676223932,6.545290395841,0,0,0,2.94941141205415,0,0,0,0,0,0,NA,NA,NA,NA,NA,NA,NA,NA,NA,NA,NA,NA,NA
"1099","23005",2.81221825207872,0.966214888551546,1.14875916600054,0.228579386556473,0.150843506040372,2.22093920947614,1.75970270325433,0.925479264342161,1.09682449118809,0,2.45000526961375,1.19644590703642,0.572988137742364,0.443132237155629,0.720306458733998,0.281575147008593,0.707637906162778,0.624940911798814,0.710598351640958,0.906789969720619,0.979102692964517,0.895800844487184,3.89442832545823,0.837031274789972,0.372944011448494,1.47825293753104,0.750280687986193,0.748962902640527,0.173874003759031,0.572218875105345,0.960199908032696,2.17569396806073,1.35336724480724,0,2.88749115446763,0.471272125924521,0.629565565547502,0.540576643788959,1.30130520240709,1.69289412244222,2.06281051318551,1.76632603554253,0.643207199081055,NA
"1100","23007",0,6.38923392032348,0,0,0,0,4.02360274335763,3.75339185483918,0,0,2.60163930583142,0,0,4.94463802514436,0,0,1.99325265325416,0,0,2.25884941876106,0,2.47465515498006,2.29544919054693,1.96826936958046,1.64976437548109,0,1.38038507909754,0,12.6095104241829,0,0.487125496598862,0,0,0,0,0.876917992795546,0,1.81358521506886,0,NA,NA,NA,NA,NA
"1101","23009",0,0,0,0,0,3.98175475735187,0,3.97412461381245,0,2.87360487589092,0,0,0,0,3.64261326781267,0,0,0,0,5.39134152522957,4.44233444097475,0,0,2.63736798287849,0,2.36765480733785,0,0,0,0,0,0,NA,NA,NA,NA,NA,NA,NA,NA,NA,NA,NA,NA
"1102","23011",0,1.80342412118814,0,1.21663892623866,0,3.63565762283713,1.12443486518133,0,2.00586872313635,0,6.01141964082595,0,1.18288849419843,0.538739405682355,0.528003754332616,1.61266556770853,0,0,2.05076493405487,1.42798970821936,0.712217516282243,18.471937513836,0.585977770725674,1.54523860207887,0.102129541516917,0.0953007459457747,0.101287621388881,0.120147702646981,0,0,0.681338568827261,0.51830261391457,0,0,1.26746530234442,1.44004140050303,1.49211124490188,1.43945760176094,0,0,0,1.81058194891951,0,NA
"1103","23013",0,0,0,5.25744058045737,0,6.80245581390704,0,1.9877206090543,0,3.12849011126224,2.66611608903173,0,0,0,0,0,2.24951586594761,0,0,0,7.97021043615315,0,2.44757187006165,0,0,0,0,0,4.26033303691803,0,0,0,0,5.63397760916934,0,4.24964404582108,3.16574978264483,0,0,0,0,0,NA,NA
"1104","23015",2.86260695800588,0,0,0,0,0,0,8.83056207718664,0,0,0,0,0,0,3.87347151366817,0,0,0,0,0,0,9.7586716983224,6.53750188564411,3.79074921896608,0,0,0,0,0,0,0,0,0,0,0,0,0,0,41.7868136630148,9.50207768100431,0,0,0,NA
"1105","23017",2.86260695800588,1.57264598719145,0,1.98287792556543,0,0,1.08492843453173,0,0,0,0,3.42292476442688,3.5576596655438,0,0,2.60762309806832,0,0,0,3.15983925014239,0,0,0,0,0,0,0,13.588021777642,0,0,0,0,0,0,9.81733970609947,0,0,0,0,0,0,0,0,NA
"1106","23019",5.3593048205652,2.69871990544466,0,1.53357174155489,1.37382629662442,4.70687179969754,0.94240050754813,0.798859758144103,0,0,3.19368823774859,2.99334264912176,1.28332660891103,0,1.57747891117713,2.86146631698443,0,0,0.883418159348306,0.481149780309863,0,0,0,2.24026042034615,1.31306909641857,3.83574704512435,1.06478953517856,1.75907975182048,0.755450658063653,1.37424641987837,0.653109666879192,1.28670027866611,0.644012342229449,0,2.1306813421221,1.42074557338325,1.36093727884709,1.26955612093053,9.03497393012952,0.315552659623411,0.73294345172116,0.428462543891002,0.210308552912022,NA
"1107","23021",0,0,0,0,0,0,0,0,0,0,0,0,0,0,0,NA,NA,NA,NA,NA,NA,NA,NA,NA,NA,NA,NA,NA,NA,NA,NA,NA,NA,NA,NA,NA,NA,NA,NA,NA,NA,NA,NA,NA
"1108","23023",0,0,1.95162457285785,0,0,1.89522967157644,3.77877957523611,0,0,0,4.87885003071978,2.73549748808827,1.10549600044515,0,0,0,0,1.55088694118896,1.91424567743689,0,0,0,0,0,0,0,0,16.0290325834676,0,6.09476846910021,0,0,0,0,4.02330457343612,0,0,4.05155698078253,0,0,0,0,0,NA
"1109","23025",0,0,0,5.25744058045737,0,3.70150115844827,2.89003479136647,0,0,2.08653037928127,0,0,2.46978324796772,4.61126450964967,0,4.58764089959151,2.27129676550543,0.893363817036961,0.772214412581923,0,0.768363489875667,0,0,0,0,0,0,6.3303995734219,0,5.20542764847326,0,0,0,0,0,0,NA,NA,NA,NA,NA,NA,NA,NA
"1110","23027",0,6.38923392032348,0,0,0,0,0,0,0,11.9088792851726,0,0,9.2282484376059,0,4.34261396892673,5.73290748549052,6.70951182437955,3.92319105416321,0.667281658040803,0,0,0.284203324034533,2.86208813653298,0.994737684558862,0,0,0.386790355277553,0,1.10477708287948,1.33515716786136,0,0,1.00693613683743,0,0,0,0,3.08512767497983,0,0,0,NA,NA,NA
"1111","23029",0,0,0,0,0,0,0,0,0,0,0,38.5206446780483,0,0,0,0,0,0,0,0,0,0,0,0,0,0,0,0,0,0,0,NA,NA,NA,NA,NA,NA,NA,NA,NA,NA,NA,NA,NA
"1112","23031",5.3593048205652,2.69871990544466,3.00962967536353,1.25869994994479,1.54324352613148,1.12622752381168,1.83730594700809,1.12039774999246,1.04728083987325,0,2.54859628703728,2.35467059094983,0.838277557893349,0.767032788504525,0.852370786293768,0.843155502417071,0.738857948083377,1.39814136713793,0.650025495304995,0.801876991440948,0.140124105928214,1.05626345358296,0.165144377444945,0.743079074809085,1.64087142632385,1.27762965226287,1.05207218432171,0.412678492008923,0.829705864065853,0.430256735368333,0.465730673481892,1.28227206812407,0.280931708937548,0,1.76925246885475,0,1.66673989607456,1.27514998793565,0.839406007435985,1.22874666239114,0.798785938406361,1.93123476673123,1.44507873325827,NA
"1113","24001",9.50379865884122,4.20373720110854,6.68996582938699,0,1.11386303144458,0,1.9650967578463,1.89997287294225,0.900421847371972,1.68540007755819,1.53643782408953,1.38842880040721,0,1.91023585015335,3.48097292931107,3.27197353414301,0,0,6.89378757884554,0.437674199717938,3.25650595316672,1.73861884948474,1.63399744364405,0.753546507943153,0.0889805676115422,0.0927176910249831,0.105783605264108,0.261412283042899,0,0.721349907405759,0.98615745971635,0.827118923325051,NA,NA,NA,NA,NA,NA,NA,NA,NA,NA,NA,NA
"1114","24003",1.32243063870115,1.51167668329748,1.89752360203751,2.14645252928408,3.73363191057498,3.18166549916285,1.07574692369335,0.900616305811039,1.24758660875558,2.07906425080141,2.81500547655171,2.0906136252164,1.60371926228603,1.02787682566633,0.746134662749406,0.808273998276409,2.7574849739761,1.02891275024044,1.19012314770352,1.36780370938981,0.922481706696189,1.29842034934753,1.13159413687019,1.14911459534381,0.920405235269405,1.23701519561769,0.679751765806589,0.73916239300142,0.922416995001407,1.09917449532816,0.633281759805609,2.01358764568421,1.45903973613872,0.982659799354553,1.29011075188746,0.52366576438647,0.417879441437376,1.45738326354165,1.03451508308139,1.35452659660761,1.25682966297534,1.14082611715965,0.872167448271368,NA
"1115","24005",2.86260695800588,1.57264598719145,1.43480723222369,3.66999856516308,2.08081386913441,2.81153670911199,1.24265067691862,1.20669269996513,1.81476018283437,2.38966771679727,2.08628251610815,2.00941716163305,1.46004013956423,1.9286498790222,0.98801174266295,0.0638281789230317,3.2439109532315,1.52967651475682,1.11989440140799,1.10399433546401,0.860055440169415,1.03128980901008,0.160259786897934,1.13890424308686,0.350226665314497,0.657342258443772,1.28567855210962,0.98558183799584,2.02767355129078,0.67977926318626,1.12803258935534,1.47799839539684,1.18778526640725,1.6718570937416,1.23528957833887,0.37468062921121,0.792052716774168,1.05999401337184,0.9105681308708,1.83763924071666,1.63928217106152,1.05364054906504,1.21631347042238,NA
"1116","24009",0,6.38923392032348,0,5.76834489338417,2.01542302939932,0,1.4146448917786,1.31236191957609,1.84399009101701,1.6901572304641,2.00237047691187,3.32713906010054,1.00925435428788,1.70018370407644,0.252594222002584,0.246975824929888,3.62575984744332,2.14014666341133,1.80582538623574,0.923247194256944,1.09859167466364,0.518044833100664,0.650009677859669,0.412720287945271,0.153665343817859,1.06459233837917,0,0.970627057087664,0.280754138199426,0.646256615312329,0.732947457901926,1.21127757874774,1.67670063037369,2.00398224484503,1.44246788103979,1.28373054052478,0.296508781401318,0.873053286239977,2.29056402261044,2.86350401584358,0,0.433111256611886,1.89172603988089,NA
"1117","24011",0,0,0,0,0,0,15.9172924009947,4.27079228494539,0,0,0,0,0,0,9.05691532383513,13.1127164082164,0,0.964955422399791,0,2.25051062660985,1.41162470130376,2.58570311016434,0,0.561022111983765,0.567549261710306,2.84999386798198,2.59467821144831,0,2.47136564327102,0.733853615889749,0,3.04850620084434,1.54554866030275,1.65126106694441,0.496410319274054,1.16680994021637,0.229361871795283,0,0.552623118354481,0.972545631113265,1.83868762664204,5.47990084768522,0.805041736098152,NA
"1118","24013",2.86260695800588,0,0,2.28317675318105,2.07525478632628,0.949450673479037,25.5764711440774,0,0.9319423526739,0.298565909620521,0.624624324883788,1.66581939413379,0.357308940728667,0.609837008718949,0.660037502995349,0.805088094408492,2.49545454377172,1.48627552088633,0.883734155892736,0,1.67576644341418,1.05802281716394,0.683212695383773,0.235920402278464,1.72905687296398,0.423856991702782,1.72611844823156,0.429999248795157,1.86601079625492,0,1.18074499363529,0.944958329941598,1.47441199340383,1.02753656675942,0.593019939962614,1.01996717390011,1.11051023655544,0.434427220890762,1.34186236240615,2.12043946667467,1.63765927526128,1.03856287121445,0.823002790555717,NA
"1119","24015",15.495240879053,3.13230367769245,0,6.72072336511379,3.49482746768091,0,0,0.548209330138548,1.1580088336735,2.41277123052768,2.81899558472515,3.64381013604121,1.05387261852462,0.295322299875575,1.08688774543519,2.05509909588331,1.20486254075481,2.21134995814347,0.401829296520339,1.50007123560838,1.56879531094844,0.33067249255558,0.822102839942894,1.8076945385331,3.88287172765375,0.503991093249378,0,0.335793497870457,0,0,1.0928534842192,0.927731708803709,0.564665229133111,2.46654103817692,2.55758319749623,0,0.233328341068157,0.708705460011844,2.1882840354711,2.56070722873306,0.213172428242542,1.19696210066975,NA,NA
"1120","24017",0,0,3.38680551355391,1.78000630377163,4.7900667256006,2.0129839050404,2.65596559921781,1.48362173523702,1.71480659055338,3.21868751942342,2.0874723046705,2.67052060358952,0.521394465550856,1.46681018093543,1.49354513841047,0.544864678095993,2.08060967788147,1.11325260710245,2.52772147275675,0.837993113936936,0.918753560062668,1.01431441426635,0.849587416540387,0.854639771609389,0.828370051889312,0.509871075296803,0.546810657069647,1.35162912837431,1.34094848274197,0.554900206591458,1.59580080168179,0.895254634621501,0.990354012441989,1.36351258975265,1.15413314849542,1.32040836030136,0.512071403973028,0.617465003061023,0.694989113473996,2.55843908398213,0.57914885488342,0.769270454993608,0.71213970316056,NA
"1121","24019",0,0,0,0,0,12.3954918704862,3.78015714040949,6.44046487539213,0,1.07531458366887,0.944254136432461,2.58444357685121,1.54107065421672,1.37754113329246,1.24176895592881,1.13986368933847,0,0.569847620639113,1.2229233602726,1.29778395126292,1.95771415394791,1.81917566401694,0.549946888123721,2.9396728562579,3.20965546236505,1.59159168295463,0.269491159627956,0,0,0.920551217549394,1.77359975148778,4.28450647090953,1.21212686065632,NA,NA,NA,NA,NA,NA,NA,NA,NA,NA,NA
"1122","24021",19.617755579559,0,4.74392702003849,6.56681905361282,0.610786824104603,3.15406553924306,0.712289576949132,0.627348021339823,2.03610383175452,0.54958780083657,2.59031988184499,2.06315770978084,3.55664764886003,6.10550252719355,1.56762179642757,0.860993048761085,2.59824688982491,1.53769224829987,2.15591920211724,1.70447715064835,0.777356988093522,1.2939773986516,0.60351802792291,0.0255412646047472,1.49281030078685,0.804412010486361,0.966794424771783,1.05885728111723,0.789960148259851,0.516979919158312,0.874760702400003,1.12335682661397,2.61006880274886,1.55675181410938,0.574240088426083,0.835222734882282,0.133698448889412,0.652376697892846,0.782105880179315,0.838714079679585,1.29797811281679,1.11076377017698,1.33664657050214,NA
"1123","24023",0,0,0,0,0,0,0,0,0,0,0,0,0,0,0,41.8874679730419,0,0,0,0,0,0,0,0,0,0,0,0,0,0,0,0,0,0,0,0,0,0,0,0,0,0,NA,NA
"1124","24025",0,0,0,4.31414623437397,7.06540552682199,1.57664734053992,0.791482151077624,0.338590894843346,0.325458739466962,2.91123661676767,0.927595821854879,1.17667891594699,0.840330696948249,2.10832695564157,0.733305929823474,0.932338209559838,5.47055455386533,2.29900143633879,1.07189217585947,1.00024726657775,0.814877539138332,1.12797675653277,0.434769652202396,0.458410966894031,0.896617158107908,1.59784417718379,2.01831667453721,1.47632128974137,1.41336402366821,0.484602541125053,2.60404582237739,0.874752041069953,0.569453420092242,0.808878277247834,1.06787114989846,2.05629880944151,0.362651033286897,0.780102230730088,2.50276259393992,1.2333655196723,1.51183568492208,0.495691339709744,0.527099947386038,NA
"1125","24027",0.999705918606374,1.16210040993202,1.08262538062538,2.50463026623429,1.96425257771318,1.43264328193901,0.929462951612419,1.59582199702121,2.02175644588048,2.10801211879786,0.740074831386506,0.950856838090668,0.90798425852325,1.20829916961304,0.946449879684066,1.3763724980117,2.25716717219902,1.34151218656059,0.970996970960741,1.42852120646372,0.837223502723506,0.613249543082112,0.707698751962407,0.913614512987607,1.22687182719674,1.114512250661,1.5149488044055,0.313793447049948,1.02926233133148,1.2100796103221,1.20312088949059,1.13986508365219,1.02844969774667,1.80815153913516,0.813649476700387,2.53633418631774,0.769741509222064,0.862907812435872,1.02643438976965,0.814921290061104,0.991971458845935,1.09255729912492,0.672999142561866,NA
"1126","24029",0,6.38923392032348,0,3.09723040497987,0,0,0,5.32960935429848,0,0,0,0,7.55534755542264,1.96019482249146,0,0,1.35445887482349,1.35658043404377,0,0,0,0,7.58306960552294,3.90362824564778,2.68198295187615,8.11133747461899,0.508264694875819,2.60031399704203,7.0469672468923,0.51173277833779,0,0.128896181137953,0.270985452846219,0.467517071800232,0,1.47844088726046,2.03305095964836,0,3.24382788527806,1.03064416897621,NA,NA,NA,NA
"1127","24031",1.56782434238983,1.06416770875349,1.21135265929562,1.86554427340825,1.92650348533293,1.80241094095332,1.54681556618741,1.19511973321323,1.2758682575358,1.47449852822989,1.18391122502564,1.47495234474963,1.48872644251492,0.991466054241482,1.74196671289804,1.25273759876988,3.0853487778211,1.50736523627719,1.7590067403175,1.29690752464055,0.737881938475695,0.93330632221802,0.93587207743532,0.377263705280854,1.57177965164656,1.17136132169604,0.981656259829079,0.806505853869643,1.08836894786572,0.936799247040525,0.780138189807204,1.50679160857505,1.28491246422072,1.86374306131586,1.08489353633696,1.22511863740374,0.930034383818617,0.838248801811562,0.830490290635961,2.49630080620072,0.850308647488413,1.11862689977713,1.07284400483139,NA
"1128","24033",2.04572676202963,2.55684827244184,1.43574595090318,2.16060197896909,3.23707053824557,2.57544522641745,2.13815669311457,1.58648510554763,1.33875349231259,1.54906400762001,1.56392928715689,1.8003242759013,1.59909115213106,2.05385526807726,1.75495723726202,1.21294976998317,2.90887231137676,1.39835086017139,1.72687271599391,1.29755915393229,0.639848215885471,0.932994893399939,0.825935559458035,0.895058637004847,1.18396076344863,1.40932778674892,1.09535434194816,1.01087922853608,1.25469151869491,0.772931530787817,0.718929359793763,1.36713600342469,1.33530577213456,1.90866888190216,0.868322059259097,1.16934436144486,0.938746415748124,0.949308886185193,1.181947845074,2.55800084614694,1.02771355730111,0.900691730051768,0.774634121248185,NA
"1129","24035",0,0,0,5.25744058045737,0,6.80245581390704,0,0,0,5.65531591535728,1.55080415135287,4.69636683987507,0.867277730679694,0,1.33728598997424,0,0.713475741017462,0.795352499501453,0,2.06423349560075,0,0,0,0,0,0,15.7084825601501,1.83347405420173,1.2072752245834,0.92574137559505,3.03964521787482,1.27126637162575,5.05660932647453,3.2584834796222,0.273959817948312,0.237200116097291,0.230982789236861,0,0,0,2.72553963488365,1.93081399703401,1.87849696182753,NA
"1130","24037",0,6.38923392032348,0,5.76834489338417,0,6.24286585561143,1.1114694724672,0,4.53019481637267,2.35389565146585,3.55118053309325,1.01993594201751,1.1319589076148,1.49595236606121,0.232901369601582,1.15639194137258,3.51955401868143,0.587194206725608,1.06690882260583,0.336366256516497,1.48960060636006,2.07639707964979,0.455511238471954,0.150745618100462,0,0.364376992691538,3.82832762691299,0.593288898178831,0,0,1.05004102439083,0.691151443523704,1.02175274772497,1.3744432407063,2.44222517419785,2.61325316541796,0.202817272949386,0,0.950865098079108,1.76207948933418,0.991051251945057,0.202209470888619,0.635632488984791,NA
"1131","24039",0,0,0,0,0,0,0,0,0,35.6653144835736,0,0,0,0,0,0,0,0,0,0,0,37.0168061172213,0,0,2.85933771274218,6.17691050906386,1.44070719548203,0,1.03379681993689,0,0,1.28625789284674,1.47597007439916,1.57399090312697,2.95237401460629,3.55634007150986,0.919184590453051,0.772769065906716,3.31134201948024,2.17821247166707,0.914449316240099,0.411821140743354,0.796483107549412,NA
"1132","24041",0,0,0,0,0,7.2728236210439,5.45943948707598,3.50335348020988,0,2.00690520909449,0,1.70834880140812,1.64709986380798,1.55371993421605,1.43081165054405,0,2.57024735617562,3.36490250553262,0,0,0.895582205676182,1.83830448935942,0,0,0,0,3.56705835250665,5.09207322883285,3.72528339291629,0,0.763327562507953,1.38741757773357,0,3.35690208629309,3.50139760726833,0,0,0,0.495694845851661,0,2.91341485528973,3.71301487534891,0.64254900771379,NA
"1133","24043",9.50379865884122,0,5.82730717907272,0,1.66039491173457,1.4465532180161,0,1.35439769163593,4.95847245874312,3.77014447195566,1.3887081150054,4.99865204887635,0.728930150841681,1.47684232201072,0.775728548198074,1.67041094018693,2.79260688440375,0.568892215222129,1.04410300319216,0.987342268857493,0.485851254627749,2.84804256198199,0.445605654752905,1.40848408252976,0.406160550735247,0.944905934884718,0,0.156452197788263,1.09130216273531,0.634677745602047,0.245619552487129,3.19772162006412,1.01699799070486,2.48295018220721,3.45874655617199,1.14635860538072,0.727755155439641,1.10243412980957,0.946927721317581,1.03882671675374,0.939160478368062,0.743134211693584,0.55000489112707,NA
"1134","24045",9.50379865884122,0,0,1.46572192515955,0,1.4764994739867,0,0,2.08207559857326,0,0,0,3.33664495936168,8.29450834239313,0,7.53093518813667,2.36510349379491,0.575389937051387,3.19546297077389,1.82964940266648,2.66584119133008,3.65720719090416,0.886581653397629,1.90055815853327,1.37332308708744,1.75451621818729,3.25985648108715,0.546609829669245,1.44491388886727,0.632154557841036,0.433470448476852,1.26720122147668,1.23241496346353,1.30183920766854,1.75560225443597,3.61403147081069,0.1830711942054,0.413978314916709,2.17718194643584,0.697324900472719,0.965648667317795,0.748818047482769,0.257745059800877,NA
"1135","24047",0,0,0,0,0,0,0,8.40581537701601,0,5.50542136331251,3.58469199203583,0,4.06996727965111,3.05930866422547,1.1861293556793,0,0,5.60641326077092,0,2.08623659781898,0.61408294933784,0.576724616812123,0,0.639724147363288,2.11567896743205,2.14453666978051,1.96080173097442,1.13917984667535,0.511480784544819,0,0.526442065836434,2.80202666101398,2.67088685806832,0.941159742712623,0.837355413445288,1.88877100642865,0.349491694933581,0.346873060410443,2.11580222039728,1.38035566932145,2.24455376166132,0.862005686146006,1.305117129918,NA
"1136","24510",3.30213234064447,2.5050102799161,2.02125945851344,2.40850644930504,1.6269753508689,2.03954320298046,1.24042741107388,1.48709605703244,2.00957602399845,1.71097719064872,1.92124293991892,1.80050905287175,0.984079758256681,1.50832321591285,1.11494922152439,0.62228434130095,2.75129008726118,1.47855281626588,1.01019697399281,1.21542316537502,0.953108235753324,1.00235085080257,1.42683745564566,1.50967021018675,1.4468258226896,1.50599473537751,1.27895168023743,0.161168537126895,1.35438404259954,0.357858876068172,0.730501227130052,0.913220407450479,0.782590950273277,0.935039668052444,1.15658451022576,1.04585389449694,0.689694454397989,0.591666405540458,0.897773036124447,1.60837565146333,1.27329192295034,1.33965959260412,1.41061606441372,NA
"1137","25001",2.86260695800588,2.5571331923098,1.90298935533053,2.11278690358566,3.40327794273112,2.60710397997961,0.944804483483558,1.34481138708202,0.873751228291774,2.82056658428113,1.0912898134202,1.09245724482753,0.530032983468517,0.559339545651376,1.21793173741078,0.772660035177772,0.66419344156564,0.819311015104303,0.823438524636687,0.694993474295138,0.961524139555297,0.0488450072609081,0.646498614537998,0.959424422171014,1.30532514190855,1.54653102769834,1.1149394582468,2.53247583606729,0,2.02279606238292,0.286100741359605,1.40072461988948,1.76054400800199,0.391340799544957,0.692982273896637,1.14217944484312,0.982110314638391,0.997429919032852,0.828257829316254,1.91819740283976,1.51004640928434,0.365890241660343,0.599658544845046,NA
"1138","25003",1.54394940013581,3.09187930934105,5.81247962580904,0.232874821367533,2.88242022167961,1.02760500844984,2.01546511039061,0.616796567024941,0.481005676630663,0.649327427087051,1.67485003273027,1.50574994238327,0.70790264666223,0.271145227099637,0.562512943175819,0.605154200279243,0.203201713601579,1.76033833544529,2.00493592232186,0.548364798478774,1.05638161655852,0.368895065014397,0.379704262783408,0.818370270532164,1.07367112575254,0.0985109640161611,0.22327383758592,0.260762617756603,0,3.19087654866635,0,2.77396892318965,1.24235277162148,0,0.478096186138465,0,0.391681912957199,2.29040768197299,0.503566681608868,0.535505630669067,1.10634977531378,0.839772265195039,0.57225430466717,NA
"1139","25005",0.505884055877208,1.76036983880335,6.68169340009938,2.72859043359068,3.18559177901413,2.91508834953638,1.2869936217391,1.98803172368885,1.31979664119934,1.6206503976394,1.4035641621672,2.01370014337704,1.60282737287048,0.988176982450549,0.992013000596411,0.696627249496216,1.01140096350907,2.3511410926261,1.26797072278397,1.32755114355048,1.56215661838694,0.708357732729835,0.419889868983949,0.763345428758269,1.06323813983246,0.626645418539902,0.486559173122311,0.450851257212966,0,2.11360171915634,1.03754014863643,4.66867549951504,6.22321955532592,1.06553414892614,0.585379456943938,0.787931645481539,1.04022701153808,0.817799046508288,0.80318893958949,1.17426441559048,0.708619439737096,0.610240138715447,0.524565672132843,NA
"1140","25009",2.50371837257824,4.45948611141025,3.56187084468135,2.85265052841634,3.00515017689037,2.62943921512957,1.63604728077257,1.14966127202597,1.58718682188595,1.10706770362512,1.56165453030729,1.84757851545122,1.35769673568033,0.814947280103333,1.06923172353204,1.31414004193228,1.74211561737929,1.43914660854672,1.87022709470859,1.13353892240247,1.25100833656808,1.03228492888616,0.739643652812429,1.21079549278193,1.39558095308687,1.30540808724962,1.21295345616684,0.840339422866869,0,1.3412820423227,0.994139969310479,1.68409412500877,2.27935538812736,1.21712299489801,0.820316834147134,0.611756859291633,0.732547061155261,1.16011254376643,0.860767423722048,1.07531750508,1.02753796306859,0.560976631235836,0.740947928695152,NA
"1141","25011",0,4.48743349954009,2.86129175058369,1.0515426495704,3.31126374556885,4.58330540979159,0.457111442254355,1.5077700961566,1.93825522774885,1.5493600294292,1.61992322035702,0.455539774370173,0.662266308933918,0.562557492471708,0.834173812819019,1.3918466184269,0,1.56585997491675,1.02048178328011,0.444722793079991,0.766001783317952,0.801550846175649,1.17453547061788,0.86749497256831,1.74449370945873,0.51222331472189,0.680471544920181,0.694912527893867,0,2.20270605746703,0.826666300691116,1.44403107146656,2.67380519767197,1.32799545088871,0.1491671049112,0.719799573198602,0.875870035264992,2.21400872579928,0.720786953551428,0.427855369316495,0.437829816074898,0.923334360763743,0.660076767009058,NA
"1142","25013",2.86260695800588,4.3887070655883,5.85715542542183,1.77744318142738,4.28926493441773,7.09182846698433,0.88413787765151,1.97352329192602,2.81898447397616,2.68452162723302,1.26336663329522,1.72182454419285,0.945660149477842,0.430505198808374,1.46050551552763,1.28207030217357,0.978787000506241,2.17084606905072,1.20428250424184,1.40362657889924,0.874493887720353,0.388942619795789,0.873292402713821,0.763469199856514,0.931003238147738,1.44752387743736,1.16975263321203,0.795837060002916,0,1.94829323926702,1.42744364364683,1.48856180961855,1.93572725202557,1.30226166613441,0.465760865942736,0.589434709096764,1.1443712648817,1.07891889255719,0.578723895247523,0.938316044855076,0.816368259161575,0.522686905466007,0.426633089002935,NA
"1143","25015",5.3593048205652,2.69871990544466,2.60641023134063,3.65039196031135,1.36171294897836,3.51135026776235,1.89837979027626,1.95177996029311,3.88978211589939,1.55677952210322,2.17032408164548,1.03141441232236,0.842633564532656,0.221084240854557,1.42312351840726,0.846249062193199,0.482290860613066,1.10101612473973,1.47732026471403,0.865321513490959,1.27451129889659,0.418546048481649,0.765403185639563,0.53372164672701,0.858626947419429,1.02452654023325,4.71948324227106,0.904111379377535,0,1.33331550844213,0.519465794867894,1.44358458705178,1.8811689623496,0.991370934016725,0.886176608668676,0.913498138758328,3.48096888024387,1.00540115747715,0.613953604010572,0,0.124478110720455,0.473122242144468,0.229583458073675,NA
"1144","25017",1.94349010220449,2.33748693613086,3.08494390250942,1.489171194634,1.92799030790503,1.7353625190439,1.33624055273442,1.37630787004771,1.55232815924227,1.70643263757137,1.80939995994124,1.8268742803841,1.28282884172293,0.718050160729128,1.31305899804692,0.942706600868234,1.38815160858403,1.84726902429903,1.37101457211134,1.32486365331736,2.20024690710148,0.803033866225685,0.628400068293826,0.966468796757326,1.18547422433128,1.21249883252548,1.22881162567529,0.954603099262364,0,1.96284963297073,1.04294202336502,1.35720003237405,1.93952537576342,1.05988590347544,0.682951792004461,0.515292998359623,0.802051595145669,0.697181493066391,0.803468059705293,0.845101868708077,0.993402696173931,0.758277506618738,0.943376635547843,NA
"1145","25021",1.11647610623292,4.03770843439073,4.84760384900942,2.40642872963004,2.50832601631365,1.85353101564797,0.919412586569632,1.13172573033115,1.44350857065355,1.12764692049729,1.28876577448662,1.20707076220213,1.63903902427313,0.721307733983184,1.07000169184107,1.93222771914787,1.58134896202049,1.75400570468244,1.4223323348462,1.0965085237343,1.42781775250482,0.992095975216829,0.664253441210723,0.778031793137428,1.14299775548453,0.835708426141537,0.875695942472449,0.734095180906449,0,1.75638362790027,1.00337816406811,2.17327729740714,2.59327581190308,0.977648123778659,0.524758790391555,0.476740880378194,0.747402941317076,0.6276800702023,1.00881203940506,0.939204485585686,0.719078263898723,0.57753688503811,0.671319510757198,NA
"1146","25023",3.1800653354728,6.88263847597541,4.36004224060268,2.7535481635342,2.56116945537074,3.25171536143597,1.54513108726904,1.31466047660554,1.6291238119276,1.84700062271739,0.97210849752129,1.82750779371844,2.00971025699709,0.762751389379193,1.12902588722987,1.30060249421154,1.29434236040961,1.65087851977373,1.4420037796922,1.03481869922133,1.56478498513958,0.797522725236181,0.439214026919449,0.688220896557971,1.12867140418103,0.832331832168412,0.871456690545553,1.16603469666143,0,1.8394434204933,1.80528398016625,2.18283587067134,4.08890562386733,1.10572199441256,0.484433919466072,0.435868669547781,0.536406410879123,0.534707326848261,0.995163113852784,0.916995623946706,0.84638559389853,0.586044486671667,0.600495872737411,NA
"1147","25025",2.56399037008361,3.82740233804135,3.24140766434567,2.23394269812019,2.88225977284974,2.54399476582092,0.934382456471576,1.4493956270136,1.88481614418211,1.62261023526504,1.56155915429686,1.46989075941696,1.14039100624298,0.987648916506633,1.11621340549978,1.25827907249126,1.36223496696472,1.60119338856911,1.64748879238159,1.19127360246982,1.20904331110915,0.581445685916174,0.76668870169936,1.08324028829856,1.45746546727724,1.20221071747744,1.09395873550412,0.943015334365291,0,1.53504416847896,1.03430600773047,1.79177906208154,2.40905103792932,1.06515709221723,0.633785241414612,0.632944814454328,0.484211419272881,0.798583544005934,0.764462361641169,0.961297395522698,0.791407856518753,0.462982818236644,0.477737282710831,NA
"1148","25027",1.59746736653982,5.11995714109962,5.30966856928432,2.23955277936479,2.30303272908385,2.3877811106048,1.23227653997625,1.22587326301731,0.907413952900746,2.52355233899455,1.78546066119686,2.32137363599037,1.12320117651722,0.700700290272674,1.03541769548017,0.969025609081937,1.25596259192754,1.63506084374981,2.00772108320977,1.2008251694622,1.57137460234298,0.656753611641295,0.774276285480788,0.684063314041232,1.03893838737204,1.80931484040741,1.25697085277536,0.75444579883839,0,1.77811301946507,0.76104514159216,2.23440749003498,2.53793366810002,1.18601085373326,0.506928736277456,0.73649654513229,1.08078863444825,1.28277159897545,1.06700925833389,1.00624079209271,1.42205694727487,0.643046523624492,0.736507041217543,NA
"1149","26001",0,0,0,0,13.7433627509621,0,0,0,0,0,0,3.84905820750351,0,0,0,0,5.65237510917845,0,0,NA,NA,NA,NA,NA,NA,NA,NA,NA,NA,NA,NA,NA,NA,NA,NA,NA,NA,NA,NA,NA,NA,NA,NA,NA
"1150","26005",0,0,0,0,0,7.2728236210439,0,0,4.70434220762983,6.49370403857169,0,1.76124538517803,5.35116043493201,3.70104715883179,0.67756217412727,1.6491312934282,0,0,0.536693670499884,0,1.56841359840073,1.81254812542309,0,1.94427148389466,0,3.57268811524483,2.99124176863724,4.45203686145903,0.413801271670593,1.68967588377962,0.882015935015896,1.61391535881372,1.00766898539323,1.20486789894768,0.93316357960732,0.692001690265005,2.67862929880755,2.00254307481792,0.707885812009325,0.97286401385364,0.620825816342256,0.779352357767648,0.489411535087984,NA
"1151","26007",0,0,0,0,5.8621602337794,0,0,24.1636125957274,0.838559557537516,8.65938121160822,0.768268103255638,1.68186816073806,1.94821000513503,0,0,0,1.18438945717028,1.772710260113,1.2708428439311,0,0,0.24773128436184,0,NA,NA,NA,NA,NA,NA,NA,NA,NA,NA,NA,NA,NA,NA,NA,NA,NA,NA,NA,NA,NA
"1152","26009",5.3593048205652,2.69871990544466,0,0,0,0,2.27206238952551,2.5514707168933,0,0,0,2.78419243691802,2.66938478412167,0,0,2.34302120068755,0,0,0,3.13921656409226,0,0,0,0,0,6.62183297588585,0,0,0,4.92615129830141,0,0,0,0,0,NA,NA,NA,NA,NA,NA,NA,NA,NA
"1153","26011",0,0,5.35623193094833,3.68219830428101,0,0,0,2.60078955360061,0,0,0,3.76301572360432,0,0,6.75411344197615,0,0,4.00084587769267,3.19169465799588,1.25774955306781,1.05247637401334,0,1.86912938227415,0.917072905867037,0,0,0,4.08038809143037,0,6.94197279166296,1.63767171918979,1.83138344469489,0,0,NA,NA,NA,NA,NA,NA,NA,NA,NA,NA
"1154","26013",0,0,0,NA,NA,NA,NA,NA,NA,NA,NA,NA,NA,NA,NA,NA,NA,NA,NA,NA,NA,NA,NA,NA,NA,NA,NA,NA,NA,NA,NA,NA,NA,NA,NA,NA,NA,NA,NA,NA,NA,NA,NA,NA
"1155","26015",0,0,0,0,0,0,0,0,20.1118374377734,0,10.7635824379283,2.84455954204344,0,1.58940052815665,1.39960075223021,0,0,0,0,2.57082518368751,0,8.47679754923697,5.3396911136988,4.22868542856944,1.4028669330112,0.547522942338583,0,1.95230193167584,0.491937545312127,0,1.14723168311848,0,0.727919045225644,0,0,2.47841503931924,0,4.16476697372927,1.19295702926341,1.02049579749947,2.61914189260608,0,0,NA
"1156","26017",9.50379865884122,0,3.13125374550534,2.30189591096804,0,0,1.83604316205991,6.50016264842652,0,1.05554521246246,5.06014376204122,1.28063179438834,2.99024174351315,2.31517687209381,0,0.299159876173902,2.34074269438715,0.849317034451167,1.63722217651237,1.28328173297219,0.245005311334797,1.21092693441207,0.246413708217639,1.04054256951149,0.830048998906669,0.591747555152561,3.00400307095798,0.839013442497918,0.780419673105593,0.251791917340739,1.75965244909023,2.17734261503047,1.11904803814577,1.43561662289573,0.192249180780031,1.31669528118139,2.34456321166278,1.1651780187864,0.157292944570469,1.0864811707092,1.23896426933853,0,0.681407851486445,NA
"1157","26019",9.50379865884122,4.20373720110854,2.49543848965504,0,0,0,0,0,0,0,0,21.3463929357735,0,0,2.83550528467123,0,0,NA,NA,NA,NA,NA,NA,NA,NA,NA,NA,NA,NA,NA,NA,NA,NA,NA,NA,NA,NA,NA,NA,NA,NA,NA,NA,NA
"1158","26021",6.85371719797014,4.74473018987973,1.9126305750721,0.709551245409118,3.94341835262153,1.77239599646485,2.48405225099238,0.879491349692754,0.781090744248713,0.741143958227727,0.497828374353614,2.98795279751894,0.934807575058638,0.442485481031313,0.43670230263181,0.897676176073016,1.84294766436417,1.7987720028279,1.66088059011231,1.12246592655638,1.68226002877496,0.15572746398506,0.919716421934647,1.83012369954544,1.47311275047171,1.51873805295311,1.14552819268735,0.598348498381086,0.704655522145505,0.719597647435854,0.881296254308491,1.57384142632662,2.6616504023988,0.34733490604554,0.220551575104654,0.224841357181073,1.7833795951285,1.2306161794198,0.751111492701976,1.85194314566252,3.41285457704256,0.556888556544227,0.33367081905056,NA
"1159","26023",0,8.90531749049252,1.68447475819589,4.40784670421835,2.28709369836742,1.16844803517669,0.500394011568205,0.938458564144535,2.66732694319848,0.41433672134997,0.403956136518749,0.414325463352257,0.88407568193572,0,0.566221680308276,0.667705264506478,2.96146673162216,0,2.14153627162215,1.30164721468021,1.75274226513544,0,1.06075231975034,1.06866999003697,0.549634525627503,0.581104772642472,1.23609909660127,1.88996847232113,1.79373907425637,3.58363783438476,0.420174003709599,0.740670681968234,0.699177898416545,0,NA,NA,NA,NA,NA,NA,NA,NA,NA,NA
"1160","26025",5.3593048205652,2.69871990544466,3.40466336562829,1.22727532956394,1.96643332002772,1.65400633884835,2.78686229707824,1.16908608339278,0,2.92098896685263,0.880980498320136,2.37511798886078,1.04848694669092,2.44842138429821,0,0.524998146037122,2.07837768902981,1.4975562445053,1.85176248641439,1.25293644368649,0.576448088965588,1.6320414113443,1.19928322734582,2.22541657791301,2.102351722967,1.33154831915628,0.648247405592804,0.513355108463415,0.724804698672073,0.868423984435294,1.37181102757373,1.05627159796267,1.51160640745527,0.113998365575471,1.25763972420391,0.117215123724006,0.876901257583215,1.2104473317384,1.26547497469161,0.432223399534468,0.596610956155092,0.316544023653461,1.19971991065513,NA
"1161","26027",0,6.38923392032348,6.85120391027542,0,0,3.06091207912618,0,0,0,1.74648573965002,0,4.21875615950129,0,1.77344145650953,3.03834288180796,0,0,0,2.81528917648353,5.17200250122046,1.99787177864055,2.2703935982205,0,0,0,0,0.906346841818743,0,3.13258325470573,1.65251033098096,0,1.45469399656012,0,2.75123593466568,2.50692427954707,0,3.01458251593525,0,0.848115070959489,NA,NA,NA,NA,NA
"1162","26029",0,3.45810439938785,2.3206362711029,0,0,0,0,0,0,0,9.24432362917912,0,10.0083752382424,0,2.18105641463275,0,0,1.79149172416485,1.83000191852755,1.76557016321779,0,0,0,0,0,0,5.62426477382175,0,0,0,0,5.75863931584175,0,0,0,0,0,0,0,0,0,0,0,NA
"1163","26031",0,0,5.35623193094833,3.68219830428101,6.9393050159502,1.47684503945743,1.09846671062934,0,1.7722131027217,0,0,0,1.36987716053394,0,3.79943015048884,0,0,0,0,4.63852175634963,0,0,0,0,0,3.80551441606896,6.91055526163187,0,0,0,0,4.35688236815987,0,0,0,0,NA,NA,NA,NA,NA,NA,NA,NA
"1164","26033",0,0,0,0,0,0,0,0,0,27.462168420246,0,0,0,0,0,0,0,14.0039017952613,0,0,0,5.19977749799631,0,0,0,0,0,0,0,0,0,0,NA,NA,NA,NA,NA,NA,NA,NA,NA,NA,NA,NA
"1165","26035",0,0,0,0,0,0,0,0,0,0,0,38.5206446780483,0,0,9.49618068282153,0,0,0,2.301440634293,2.24090700826341,0,0,0,2.55889939800282,4.81569290099963,0,1.71877747099386,0,1.48181829567553,0,1.57307137714342,0,0,0,0,3.47913620707519,0,0,0,0,0,0,0,NA
"1166","26037",0,8.90531749049252,1.68447475819589,1.19628649232465,0.980492182289318,4.08999096817944,0.67174133929952,2.81542391966534,2.28798403311076,3.23093040090449,2.72028753041641,1.27522761269773,0.897285715566663,0.166094762026199,0.169862630482188,3.01031722488247,1.53744899375323,0.482266305179212,0.771690326758263,0,0.168310202525042,0.391879889905375,1.18129891614679,0.562528185182287,0.651139453283019,0.365263952087406,0,0,0.589798989352379,0.742328461297085,0.921040090026845,0,1.2692889583513,0,4.2543081493265,3.53484458047002,1.80554534478353,2.1077864291125,0.580746892026214,0,0,0,0.800094777244555,NA
"1167","26039",0,0,0,0,0,0,0,0,0,27.462168420246,18.942940552027,0,0,0,4.18167186693827,4.47737363280802,0,2.18635507906872,0.630134622167995,1.16085817970651,2.16173362062033,1.94646271948614,1.29229075130805,0,0.396585869225787,0.838684662393531,4.56888117930142,1.0827617704283,0,0,1.27678494586118,0.34210577375804,1.13329394581886,0,0,2.22415297608053,0,0,NA,NA,NA,NA,NA,NA
"1168","26041",0,11.0886817491692,2.86173001875628,1.86253776518953,0,2.53302204302907,0,0,1.26311247510315,1.35647410606051,0,0,0,0,0,0,6.19840566131972,0,9.07689201177935,0,2.15881897135968,0,0,0,0,0,0,6.28972665691976,0,0,0,0,0,0,0,NA,NA,NA,NA,NA,NA,NA,NA,NA
"1169","26043",0,0,0,5.25744058045737,0,0,3.77862808533394,0,0,0,0,0,0,0,0,0,0,0,0,0,0,0,0,0,0,0,0,0,0,0,41.927307789221,0,NA,NA,NA,NA,NA,NA,NA,NA,NA,NA,NA,NA
"1170","26045",0,3.45810439938785,0,2.04404960564744,6.3182104533853,0,0,5.8652809927251,3.62637453364844,2.5715386616962,3.09411518130916,2.29048243265996,1.08916600705675,0.318283523464385,0.309457098248112,0.651668785390436,1.07048693451257,0.39580373861938,0,0.526127144298979,0.923518665266935,0,0.846564067773675,0.491927645530569,3.66566902378442,1.43536392832299,0.42630741909029,0,0.823380009621341,3.67585275716033,1.82232663667388,2.15548614657496,0.780802555217431,0,0.240093475772412,0.264821460967309,0.931220007568437,1.79769093964303,2.60291612817768,0.688667565524629,0.944295853722261,0,0.311958544182064,NA
"1171","26047",0,6.38923392032348,0,0,2.99910157542646,2.5958904118804,0,0,2.18879069125561,3.98182192346308,0,0,1.5442021654603,7.69542584382945,0,0.765599230585339,0.685054626759246,0.663749314045989,0.684908246554384,2.79850961395197,0,0,0,0,0,0,0,0,0,0,20.4974183001365,0,0,0,0,0,0,0,0,0,0,0,0,NA
"1172","26049",6.64775179155535,3.85698830976952,2.57781145440849,2.56185978255714,3.1159997820282,1.62635630891897,1.20065763438334,1.41813334467487,1.92101636455335,3.0099767080062,3.6833343774958,2.02404474937645,0.928137636334902,0.769200736392184,1.14657030497012,1.21075603872402,1.26704929215177,0.698634948837823,1.20619326503571,1.47077391288519,0.566806228498897,0.521900363253869,0.690338502643213,0.941174953793917,1.15973627147402,0.953634088100251,0.607428348334687,0.246084879951524,0.357128527955589,1.04680350271653,1.73490720787827,0.701352864244905,1.32054130676306,0.498006985288028,0.420483163711003,0.474579436805962,1.59399005198428,1.03361678060196,0.583990629249266,0.674074211794743,0.738868358830901,0.547468957953546,0.551331527722792,NA
"1173","26051",0,6.38923392032348,0,0,0,0,4.02360274335763,0,0,0,0,0,6.96016217684041,5.39074725507206,0,0,0,0,0,0,0,0,16.0513609562545,8.11458063050786,7.42688338682987,0,1.61464040998377,0,0,0,1.84158524508881,0,0,0,3.69758686802831,0,3.47347743643173,9.41705712550741,0,1.12255465585791,0,0,0,NA
"1174","26053",0,0,0,5.25744058045737,0,3.70150115844827,0,0,0,0,0,0,0,11.8770898848431,0,0,0,0,0,0,0,0,0,0,0,0,0,0,0,0,0,0,0,0,0,0,0,41.9273077892229,NA,NA,NA,NA,NA,NA
"1175","26055",0,11.0886817491692,0,0,0,4.04808629873242,1.79208637503674,1.54943145158528,0,1.31622260173127,1.27374901070758,2.41151295256874,1.09889663457567,0,2.00417453077686,0.960106041654114,0,0,1.14757435749216,1.28232752116872,0,0,0,0,0,0,6.27395741291512,0,5.09818282256612,0,0,0,0,0,0,0,0,0,0,0,0,0,41.5098318900054,NA
"1176","26057",9.50379865884122,4.20373720110854,0,0,0,4.21549995485486,0,0,0,2.2596125534081,2.2595174664621,0,2.06806995664858,0,1.91438232123323,0,0,0,0,0,0,0,11.5186358005653,0,0,0,0,0,0,0,20.9919502208065,0,8.58514126278746,0,8.66161926449483,1.35006950262131,1.48354761977805,0,NA,NA,NA,NA,NA,NA
"1177","26059",9.50379865884122,10.5047469657613,1.7747119072281,1.20132825111839,2.7593347109934,1.48503220803913,1.27434586468784,2.75421361895426,2.28953737549749,0.772446034152477,3.55883129543578,1.81976386772613,0.439443903897124,1.76959927538921,1.25437187601743,0.340881278783857,1.020993033295,0.867861804775675,0,0.407399674496791,0.470205258872965,0.555917103719425,0.982994430865214,0.377156666712422,1.66497199246235,0.434210534888513,0,1.93102975686729,1.45682285586656,0.479080716492779,4.76588859064812,0,1.26892884809517,0.295161419209106,1.16728474225042,0.889641208679864,1.21650456495391,0.622243001158126,1.57323826379588,0,0,NA,NA,NA
"1178","26061",0,0,0,0,5.8621602337794,0,0,0,0,0,0,0,0,0,27.4156609336801,0,0,0,0,0,0,0,0,0,0,0,0,0,0,0,0,0,0,0,0,NA,NA,NA,NA,NA,NA,NA,NA,NA
"1179","26063",0,11.0886817491692,0,0,0,2.12671020448006,0,0,0,0,0,0,8.81655455538138,0,0,5.00686029220591,0,0,3.3213601448718,2.85917820613377,0,4.14297070257334,0,0,0,0,2.22966489834523,0,2.84424394753572,4.93495025429377,0,0,4.35348455461964,1.20502003575088,2.03403249374841,1.7193515770227,0.751893932166143,1.37635216434583,NA,NA,NA,NA,NA,NA
"1180","26065",1.08822940998627,1.86079977003097,1.33949534990189,1.46506028048673,1.2953984714393,1.77320577390672,2.86237172818095,5.87588986687387,2.41090242396317,2.84856201903852,0.512786967069772,1.50133650141746,0.908023202705049,0.221179472451161,0.348635124249186,0.707898405547832,1.15467985868953,1.3306163248394,1.35953879772064,0.159054807277951,0.727774377026955,0.339477171321387,0.831683689431584,0.715615694922776,0.903826226005842,2.35836823976712,0.68456494525924,0.442164482955575,0.663441561637021,2.31120196351875,1.56093051272843,1.88865196003731,1.73755705667426,0.296116454408698,0.776456608282796,0.497934488325466,0.973223201053176,1.5709786916507,1.87350430306467,0.958918235498819,0.970770516514055,0.600352497528236,0,NA
"1181","26067",0,0,0,5.25744058045737,0,3.70150115844827,0,1.39469653133391,0,2.61268400435542,0,1.27851178554957,2.46731435176155,2.19743161390483,0.953341055775029,0,0,0.96258088841898,2.09883056929394,1.08172269990671,2.08435884156411,0,1.84040015978787,1.70346480457257,0,2.33549831221437,0.737092403986379,3.34701223800074,2.74722828702789,1.74818927321138,0.728903407576919,1.29700145704411,1.77484688537113,1.87300053407582,3.62234621324359,0.738901546589307,1.1151610418899,0.439399738102148,0,NA,NA,NA,NA,NA
"1182","26069",0,0,0,0,0,0,0,0,0,27.462168420246,9.035975664712,0,3.1241225216827,0,0,0,2.61913672490176,0,0,0,0,8.77714631959888,5.89117662899667,5.13727460373249,0,1.76870168085321,1.49479928735177,0,3.84702914286752,4.14482054514523,0,1.39171350525575,2.41396942055119,1.8117633664879,0,1.11655354220323,0,0.248031354166918,0,0,NA,NA,NA,NA
"1183","26073",0,3.45810439938785,2.3206362711029,0,0,1.7231011672494,1.74153077775628,1.68526022295711,1.55262923927355,1.39330494140684,1.25290446223867,2.23720495323096,3.71123517165864,4.11802798334137,0,2.55483622721065,3.07988741755121,0.282797327860205,0.258969477642646,0.517968751239594,0.278512181476023,0.320021684249649,0.766121740580565,0.462002370923434,2.62281835266462,0.532121359510201,0,0.54974200849291,0.590691384158184,0,0.792406510949367,0,0,2.9642765071922,2.99469599027849,1.30234366476512,1.11040283517893,0,0.987109520495326,0,0,NA,NA,NA
"1184","26075",0,19.8478462045306,8.41746313751178,3.47912264963515,0,1.49185388072314,1.31368107868838,3.72047942673792,2.32043820135743,1.68033985289199,1.69215571457066,0.269276699725788,1.51056300371194,1.08459771288817,1.51203656055425,1.22148318818119,1.26287072219082,0.505224626831683,0.902538572556688,1.2108653819631,1.88707444955556,0.0967442613993776,1.06628594963796,1.16714177519367,1.35079793473818,1.67322351706725,0.443587033545893,1.37593034868681,1.00067366406912,1.6100693377358,0.696684746047485,0.68744310264172,1.15140051696787,0.777428060512862,0.323067100880542,1.1983751840561,0.0916881194785153,0.905878271341143,1.4122713779123,1.87602547999168,0,0,0.243070222458284,NA
"1185","26077",0,4.48743349954009,6.4889776339563,0.83675383137549,2.49068258472131,1.95940253322784,2.0021422787747,0,1.95330821244001,1.21713157957672,1.70372852404979,1.30765686613098,1.89790077104534,1.06732850560312,1.17609878323203,0.558869526811171,1.28208705807083,0.55122617787751,0.383256942311778,1.02627550384416,1.5134908548144,0.663945491282347,1.97221914480822,2.9642245539922,1.97241534163295,3.13035173935604,1.23813902747866,1.631184635005,1.19363982157306,0.752975877498727,1.11862587606221,2.31970343534054,0.814773094846403,0.663837633859955,0.438631412868881,1.50551944983207,1.1775603490158,0.895847328736824,2.2193888451843,1.81714725988221,0.618436180230145,0.989174119914453,NA,NA
"1186","26079",9.50379865884122,0,5.82730717907272,0,0,1.63953732068562,3.06101148539934,0,0,1.40799117164212,0,0,0,4.65810127474896,0,0,0,6.45226019276926,0,1.50741945155442,0,2.57468457621623,1.18743949294916,0,0,0,0,0,0,0,0,0,0,0,0,0,0,0,0,0,0,NA,NA,NA
"1187","26081",3.10358045985062,0.862478218296724,1.05441028023521,0.899117818494009,0.680224700277892,1.36203681840576,3.10572357028915,3.30966627181653,1.3160562987302,1.00302261980607,0.490674585961329,0.869604312239201,1.34748896338874,0.960399722388694,0.970916050323514,0.81686548873134,1.62526199418359,2.00049346198995,1.19315250075683,1.27973132830353,1.00640628996499,1.33859858956895,0.749689515091955,1.51205663760193,1.54549586285972,2.06482459009379,1.23054512810326,1.57645647419426,1.53914693194151,2.19358244187657,3.14957850742158,1.13586882741092,1.50967511009644,0.342275776156999,1.44373310804085,0.950138522711285,2.6866553211663,1.0684688962705,0.912139007126449,1.22618012801925,0.936290521207274,0.842091089369947,0.650447588324265,NA
"1188","26085",0,6.38923392032348,0,0,0,0,0,0,0,0,0,0,0,0,0,0,0,0,0,0,0,0,0,NA,NA,NA,NA,NA,NA,NA,NA,NA,NA,NA,NA,NA,NA,NA,NA,NA,NA,NA,NA,NA
"1189","26087",0,11.0886817491692,2.86173001875628,0,0,3.0445653324453,2.67302691124827,0,10.86506864526,0.519292608244315,1.88241321430394,4.91841190528174,0.8070647784416,1.16097621112044,1.1715224884576,1.73932567004729,1.23380545502614,0.928309739835196,0.675217452691564,0.567423597514587,1.28714323742584,0.960733948168609,0.7395080948681,1.13436696027108,0.129912794741537,0.279754104296563,0.315783973168612,0.556582205951638,1.31146402774907,1.222681934391,1.02365618700298,0,0.549093677887486,0,0.699864974613818,0.419098412222502,1.4962840787232,0.561583249731729,0,0,0,NA,NA,NA
"1190","26089",0,0,0,0,0,0,0,0,0,0,0,0,0,0,41.8189999421519,9.50243289040387,4.20367896749169,0,0,0,0,0,0,5.70688010560698,5.22978648108636,3.54905303731529,0,2.02428065073366,0,0,1.90356497560386,0,0,2.58838599088464,0,0,0,3.52385045905689,0,0,0,0,0,NA
"1191","26091",6.85371719797014,4.74473018987973,2.80496766789483,2.5603864438444,0,1.34878483882063,1.67272001629112,0.794815458205765,0,1.24591379709033,1.70620626729952,0.429061797858624,0,1.87324113906606,1.41496940004637,0,1.90285751727685,1.82037980337873,1.25981410730897,1.15869957492201,1.07982742998197,1.02737796476979,0,1.07244522956308,0.762226534170902,0.413624956712796,2.60969714752072,2.44003495547223,1.06591416665038,0,0.630789540950867,0,0.754459398030268,1.72409943686858,1.83205422990002,0.453666044000569,2.14772625663383,2.62898494787023,0.644614065511697,0.875539298278398,NA,NA,NA,NA
"1192","26093",1.4818919181257,3.23082632844964,1.63712842573012,2.09405759176472,3.29492402676772,2.5475090595648,3.45680709709029,0.743605151537613,1.97302935664086,2.27488900192875,0.975211116258352,0.64584113930571,0.626147087700471,0.481928495920308,0.690437430518481,1.12934231934125,1.87482573487841,0.686464881199507,1.42659544055677,0.908048408920879,0.267826902486428,1.44821310194172,1.18409698105824,1.43894286951365,0.786881383877191,0.518905880822372,0.619040687531563,0.282687126577945,0.936218247076208,1.47583944699198,0.834484196737935,0.492948371098336,0,0.432198892962538,0,0.822995323846,1.73367119184185,2.39045484214424,0.508505318226598,1.41395680702469,1.91299528139766,1.69367997379673,0,NA
"1193","26095",0,0,0,0,0,0,0,0,0,0,0,0,0,0,0,0,0,0,0,0,0,0,0,0,0,0,0,0,0,0,0,0,NA,NA,NA,NA,NA,NA,NA,NA,NA,NA,NA,NA
"1194","26097",0,6.38923392032348,0,0,0,3.29105432191909,0,3.14744632433818,0,0,0,0,0,0,0,11.8749569031934,0,0,0,0,5.83510755593133,0,0,0,0,0,0,9.62389573092975,0,0,0,0,0,NA,NA,NA,NA,NA,NA,NA,NA,NA,NA,NA
"1195","26099",2.86260695800588,2.21109329024391,1.7049254389272,1.58070605999307,1.17123121058952,2.36458044249217,1.37639556097504,1.53480259166846,1.58100980779613,2.58222531976604,2.23288469091967,1.7229854662859,1.76015580691785,0.907067650681359,0.789657825972167,1.24015145878132,1.01032480575664,0.747724959337189,0.919550408444593,0.944545944290932,0.460187643855994,0.882995925568974,1.14146365707033,1.00323783725397,1.1802049774361,0.898587469299624,0.623582942238115,0.657277947478114,0.414555159652007,0.826043593651258,0.641794804571501,1.91798370820921,1.31215072361373,0.923460561952483,0.489566161963636,0.325268614905131,0.772648950511126,0.814638953393768,0.815239702157338,1.16511074044364,0.47980243708181,1.04795591441352,0,NA
"1196","26101",0,0,0,0,0,0,0,0,0,0,38.9610070526233,0,4.48010569229314,4.1490301199661,0,0,0,0,1.1990096118907,0,0,0,3.34142125875419,0,0,0,0,0,0,9.31978191842077,0,0,0,0,0,0,0,0,0,0,0,NA,NA,NA
"1197","26103",0,0,0,0,5.8621602337794,4.56895436484149,3.16624559721627,0,1.95469842490013,3.2384834715105,4.86031529352085,2.57368136321959,0.653362423347442,2.15378124773769,0,0,1.49427044880657,0,0.619630233343553,1.40066080807105,1.48954447966334,0.748740902804182,0,1.55665290058453,0,2.521686362998,0,2.47904391492338,0,0,3.21353215211964,1.49599752403954,0.687556252798691,0,0.679669503287991,1.43211954434051,0.752342190897009,2.99567910972656,0.688479635078906,0,0,NA,NA,NA
"1198","26105",0,0,0,5.25744058045737,0,0,3.77862808533394,0,3.03841265288605,0,0,0,0,0,5.24755805081649,0,0,0,0,0,12.2184911188856,3.76888217505527,6.43714843692755,0,2.09681632898138,0,0,NA,NA,NA,NA,NA,NA,NA,NA,NA,NA,NA,NA,NA,NA,NA,NA,NA
"1199","26107",0,0,0,5.25744058045737,3.96894916870393,0,0,2.49618423550308,0,4.41199990108925,0,3.29491017646357,0,1.29166656499644,2.36894715299659,0,0,0,0,0,0,3.89291406722265,0,0,4.56919897167592,3.50801010213706,0,0,2.3173885253718,0,0,0,3.11370511082231,0,0,0,0,0,0,NA,NA,NA,NA,NA
"1200","26109",0,0,0,0,0,0,0,0,0,0,0,0,40.6838341098687,0,6.38671325301259,0,0,5.59777787202262,0,0,0,0,0,3.54026963224847,NA,NA,NA,NA,NA,NA,NA,NA,NA,NA,NA,NA,NA,NA,NA,NA,NA,NA,NA,NA
"1201","26111",0,0,1.19319091578856,0,2.18809291379099,0,0,1.36227359438261,1.46856706449209,2.87370171360281,3.60623173114434,0.948043873288377,0.797882967673543,0.72577689104496,2.69549067153493,0,1.22773511405088,2.34578328796663,0,1.08662488731929,0.547012293552283,1.12828958280848,0,1.91175346332732,3.0956965224872,0.554792662369884,0.510671774133596,0.980501335656505,0.970816495705633,0.497015693489481,0,2.33223300477772,0,0.64950451590697,0.693989683959963,2.83273796489305,0,1.97066122472723,1.22389117979869,0,1.17988190814115,0,0,NA
"1202","26113",0,0,0,0,0,0,0,0,0,0,0,0,0,0,0,0,0,0,0,41.9272782576116,9.50379845313636,0,0,2.8324260690638,2.39056201205419,2.00696127835026,8.43193458739142,0,1.43570577042034,0.613930425229181,0,0,0,0,0,2.13302526427434,0,0,0,NA,NA,NA,NA,NA
"1203","26115",1.9528485272007,5.01706204369327,3.61510166574045,1.25835283654062,2.28158405851642,1.60078204112268,0.927224756821142,1.47699605723097,0.791791697156171,1.70032398688891,3.53598583090206,2.19373185413943,0.67942270662972,0.704332941003409,0.859867313630955,1.13594616298319,2.13638819452284,1.14040734121598,0.745904895877708,0.722555173873127,0,0.621849499645243,0.602635323157832,1.69716689887913,0.728024450902902,0.757150462916549,0.131181875808688,1.24585253982066,0.440082075518758,0.791929791687091,1.02363821137167,1.42576531084462,1.24425674524285,0.865154541822662,1.01111506123353,0.336009204666496,0.352310079440977,1.33011728747347,0.613073394608632,1.92446739441154,1.46103368959091,1.54952922915483,1.56983707328051,NA
"1204","26117",0,0,5.35623193094833,3.68219830428101,0,0,0,2.60078955360061,2.55444550679329,9.30327777839126,0,1.79250800061227,0.739052926271724,0.675245614712139,0.668240746536374,0.699282010735561,1.48309390839121,0.769826391484781,0.791470607885629,0.810524414566593,0.832533492255945,0,0.962915877280035,0,0,1.54869262637436,0,0,4.75181343415344,0,0,3.83458527292574,0,1.57062753900035,4.0860830638049,0,4.65391319956773,0.73162895274,1.23460367674792,0,2.69669847508801,0,0.522264814552123,NA
"1205","26119",0,0,5.35623193094833,3.68219830428101,2.59998000568502,0,0,0,3.99751569977889,0,1.87344530474656,0,0,0,0,0,0,0,0,0,0,NA,NA,NA,NA,NA,NA,NA,NA,NA,NA,NA,NA,NA,NA,NA,NA,NA,NA,NA,NA,NA,NA,NA
"1206","26121",15.495240879053,0,0,5.32289152294176,1.33795722182367,5.82762198663512,3.25961462257665,0,0,3.13091754603435,1.41013006241124,0.326817240465802,0,0.688959897500477,2.87963869809888,0.354703071106329,3.60011019304147,1.10931383258311,0,0.476888769383505,2.14708215055084,3.72267820731828,1.46499215423499,2.53408315702127,2.14099464135922,0.790104806576686,0.622558826459751,0.519281278100413,0.979292807170295,1.20903821522416,1.70093034242587,1.19134224271321,0.788321010778099,1.260880569985,0.492430842869859,0.667534933019935,1.71033333170649,1.19178678284219,0.999513690174353,1.05294204031653,0.320810965820168,0.662218651632778,NA,NA
"1207","26123",9.50379865884122,0,0,0,0,0,0,0,0,16.0552589437473,0,0,0,0,5.85233041920919,0,0,4.26876896725641,6.22471967265305,0,0,1.67796765647747,0,0,0,0,0,0,16.6390569691144,5.67478807973238,0,1.26267801981131,1.068440778071,0.987120445067749,0,2.05986385783415,5.55342555759852,0,1.25224135617363,1.11057963307133,0,1.08765281233053,NA,NA
"1208","26125",2.18672904391048,2.28426438805055,1.83104292051353,1.56208692425488,1.64963900067369,1.79279599779383,1.24978057898419,1.45190133363319,1.52978114209352,1.93936192121563,1.47072212801334,1.70134998855351,1.04427575857986,0.9853263657254,1.289480079431,1.27227126964845,0.93397550269715,0.812369431112326,0.894482557858636,0.997923624597889,0.398985376612027,0.592436785239094,1.17041003084446,0.902062560202986,0.896709578762977,0.566862526351678,0.581363497873049,0.458217644839789,0.398129175762568,0.836037541967437,1.14690879978814,1.33450591726115,1.33442283363657,0.589943167449102,0.359475474659069,0,0.894130329703298,1.48863188821795,1.17432297053486,1.70443292187633,0.544848422257265,0.440582575484819,0,NA
"1209","26127",0,0,5.35623193094833,0,0,0,0,4.58415299195226,0,0,0,0,0,0,0,0,0,0,0,0,0,41.5357165259099,0,0,0,5.25742292931459,0,0,0,0,5.09017922879817,7.83446744044615,2.4835501990881,1.71508880540503,0,2.393931527484,3.0733839730094,1.69837665893497,2.10889919680711,NA,NA,NA,NA,NA
"1210","26129",0,0,0,12.6099043814729,0,0,1.69393468720768,0,0,1.85115436894559,0,0,0,0,0,5.89232263292439,0,0,0,0,5.67318366527538,0,0,4.26468809202811,0,0,0,6.80005499373373,0,0,2.27211470727498,2.03685602479624,1.78783135928106,1.55928768870489,1.37239101738324,1.23288248806905,1.13642101971481,0,1.13306525360017,NA,NA,NA,NA,NA
"1211","26131",0,NA,NA,NA,NA,NA,NA,NA,NA,NA,NA,NA,NA,NA,NA,NA,NA,NA,NA,NA,NA,NA,NA,NA,NA,NA,NA,NA,NA,NA,NA,NA,NA,NA,NA,NA,NA,NA,NA,NA,NA,NA,NA,NA
"1212","26133",9.50379865884122,0,0,0,2.96787517096382,0,2.87266704783146,0,0,0,0,0,0,7.77462311559667,0,5.321725165666,0,0,2.97824698151595,0,0,0,3.40088116586823,3.20431255437466,0,0,0,0,0,0,0,0,0,0,0,0,0,NA,NA,NA,NA,NA,NA,NA
"1213","26135",0,0,0,0,0,0,0,0,13.2287174018193,0,5.97340917207717,0,0,0,0,0,0,0,11.9088481017368,0,0,0,0,0,0,0,0,0,0,34.1313617751611,0,0,0,0,NA,NA,NA,NA,NA,NA,NA,NA,NA,NA
"1214","26137",15.495240879053,5.82912529023472,1.62664062899948,1.159289800582,0,5.82220188666748,1.91197277245028,0,0.942113758805187,0,0,0.589330474617142,1.4258847222025,1.62968583606953,1.66777091593097,1.54715610014192,0.699738370750068,0,0,1.5598754832307,1.69524116017403,0.874881999488904,0,0.927649651244735,7.34479514628485,0.608358876458025,4.06796169263302,5.45014566004102,0,0.877317921862393,0.162102156771129,0.823795558643089,0.179062679571189,0,0.770169191458831,0,0.411647825671508,1.03498249243204,1.2177807650596,0,0.738427598421834,0,0,NA
"1215","26139",8.23078188037706,3.08111929237244,0.502580754355764,0.809030477176922,1.09868634378629,0.714039266486091,0.734391237838726,1.15505472076406,1.19157674513999,0,1.70104550811446,0.859648465147696,0.866835679109548,2.12541270088903,0,3.10626836001854,1.04087777357388,1.25064717564263,0.581127988697746,0.849409733170791,0.575132006768464,0.905727783466815,0,2.47074836310501,2.71697128686276,1.76827452565866,2.43104614759467,1.77598210761114,1.95241357205108,1.37732723553637,2.36002637583603,1.21766734838568,0.550085707538071,0.531169858147598,0.634207826683451,1.05473817903175,1.89066259444473,1.36530469166988,1.10733675004506,1.54227088789469,0.561002337278418,4.28929396191599,0,NA
"1216","26141",0,0,0,0,5.8621602337794,0,0,0,0,0,0,0,0,0,0,39.6565778831133,0,3.4537473079649,1.1930232089161,0.965221989854687,0,0.903615557477293,0,1.12723349898854,0,0,0,0,0,NA,NA,NA,NA,NA,NA,NA,NA,NA,NA,NA,NA,NA,NA,NA
"1217","26143",0,0,0,0,0,0,0,0,0,0,0,38.5206446780483,0,14.6742574936932,0,1.70007544222173,0,2.52181511878896,0,0,1.32275890893526,0,0,0,0,0,0,7.70871913846143,6.07565867838824,0,0,0,2.94830558402895,2.72953213352347,0,0,2.34467710959069,2.18938587030222,1.9369449363193,0,1.62850497906064,0,1.60778978390541,NA
"1218","26145",0,14.6904074042041,1.19364830583107,0.810433448084903,2.53165969803044,2.5436556495414,2.06418523367557,3.87365031956572,3.52361560537329,3.31975509593333,1.35043179303549,0.804437276593983,1.16548027077565,1.25815368900372,1.66892406049111,1.05060910383684,2.28783723312096,1.17895255244782,1.92905589054533,0.691930776491892,0.927317886329202,0.8583762125571,0.413194404876294,0.537440408685745,1.87537195158325,1.06171037881998,1.30575455155634,0.507710638314934,0.757807402043959,0.722770394091088,2.14421347481343,1.65004038820329,1.24502832887003,0.472930237252751,0.546737449532273,1.19386207157067,1.0039214130865,1.02783434388529,1.39197037723428,0.926160494737432,0.6958478018294,0.872831555914537,0.360167050733124,NA
"1219","26147",0,1.0498817920329,1.57603773336332,1.95893272052261,1.14473552242541,0.53414196249292,2.04527940520813,2.33407329204108,2.77056411066941,2.82033254431664,2.86134408901827,2.35064251893079,2.63608311074262,1.00050952912886,1.52139641068435,1.59557850136177,0.842580643604919,1.57796625530173,1.14613398518556,0.71143689296755,0.578982457569085,0.467255407410868,0.362356432444302,0.813371121410306,1.004098538491,0.404651946501651,0.55949631005626,0.372712496703506,1.10370497266576,1.04597879913472,1.84568122058112,1.89887901985582,1.31674304951952,0.362056485438225,0.586436340074831,0.242928274184839,0.667621403691776,0.60744321883559,2.50864634840297,0.508841502965562,0.839850094976898,0,0.71453954753911,NA
"1220","26149",3.73187737416727,1.98724770320809,3.87532810447841,1.84095953026518,0,0.698445318723462,0.702143838748688,2.15398386787241,1.40365375114525,1.32460097941353,1.22643326064716,0,0.595749724241411,0,0.748713953216387,0,1.11232581920923,0,1.59272820488201,1.70115065959777,0,0,3.59064726034765,0,0,0,2.01206026016305,2.09045146546379,1.97642866525526,0,3.26541555449534,1.39435914189867,5.44198378670605,0,3.88242682501333,NA,NA,NA,NA,NA,NA,NA,NA,NA
"1221","26151",0,3.45810439938785,0,0,5.68322207138853,2.91773583842933,0,1.01370485914953,1.84582766962353,2.47411561105439,0,0.718489250372462,2.10321893173195,3.16957523262184,0,1.02457356569826,0,0,0,0,2.17175762512185,0,3.10500508675878,6.37035457856038,0.896864696996544,0,0,0,1.57238098901272,0,0,0,0,0,0,5.06785057702676,4.84098545662129,0,2.89811490384598,0,NA,NA,NA,NA
"1222","26153",0,0,0,5.25744058045737,0,3.70150115844827,0,0,0,0,0,0,0,0,0,0,0,0,0,0,0,0,0,0,0,0,0,NA,NA,NA,NA,NA,NA,NA,NA,NA,NA,NA,NA,NA,NA,NA,NA,NA
"1223","26155",9.50379865884122,0,8.17299498612728,4.65212439386987,0,2.46211454853783,3.83038734605882,0.506370947458504,1.72721561139481,0.388898137005623,0.3799992977936,0,1.35557131108016,1.96594151592899,1.48033874166442,1.39140470944009,6.2955610766672,0,1.98692476622528,0.191580600412711,1.26475488658999,2.71290769573707,0.773579468566276,0.438523568182079,2.09583644950708,1.55288318326794,0.243205238480939,0.243177295757008,0.644057134032666,0,0,6.72522410662248,1.10358934411562,0,0.841691386929279,0.350754075921445,0.124075304952271,0,0.181766331022087,NA,NA,NA,NA,NA
"1224","26157",0,0,5.35623193094833,0,0,6.16909632661256,0,2.06839019662461,6.23065337837849,2.15269571865171,2.3542984687994,0.622545587354206,2.6237729211192,0.905041554762609,0,1.67081591979605,0.420591780007165,3.66449950030704,1.76873422231798,0,1.43722872612167,0,0,0.679350119197104,1.19525983867775,1.7851500441016,2.22783350753015,0.815232124371881,0.748351324240504,0,2.87999095461232,1.67848617721115,0.619438343701769,0.880293550542155,0.28963287847101,2.31680768040368,1.11655026994982,1.06820882966142,1.75870362061521,0.237274285694009,1.61022469508548,0,0,NA
"1225","26159",0,3.45810439938785,2.3206362711029,0,0,4.77668530348684,3.82336244406734,1.91333272173503,0,0,1.43164713329253,1.46310816372678,0.746469057642641,0.764492176097924,0,1.69377616410033,0.875176813686581,0,0,1.15614172154566,4.75460051955745,0,1.8788708243442,2.40224700559928,0.687655069544866,0.631352900275782,0.618719435135065,1.26067041681184,0,0,0,1.09493143768845,1.333741458949,8.62718356519332,2.49986506050112,1.74363004071866,2.18441856091571,1.74110956916114,0.59909100553066,1.64429021001408,NA,NA,NA,NA
"1226","26161",2.32178982821869,1.48049851626184,2.81907306326913,1.94347426244844,4.28603661220807,1.93094930763435,2.05994536018848,1.15969340794769,1.19527716790174,2.59601219443574,0.880010075422087,0.851677950083939,0.505933067131869,0.367105558596945,0.49126068395304,0.528479355381353,1.52484543781195,0.873628965344214,0.744392602075862,0.901039009614791,1.08545726642176,0.707232597188727,1.28933170602435,0.934550084488896,1.00768256462748,1.04082529835441,0.541532950599417,0,0.337189939191229,1.0673308243344,0.669014710630309,2.87589721176528,0.806098420478331,1.48692694147502,0,0.15053741146181,1.54574443881505,0.905640584809665,1.52935736745908,0.938539608436428,0.579942956163434,0.700509060742679,0.304214696954684,NA
"1227","26163",3.77459318979788,2.90041896366341,1.97955436426255,1.6327367908499,2.10567877484042,2.11508777793077,1.38037286130751,1.52595973548119,1.48995822384916,1.80705451084155,1.31469562966618,2.00762030360811,1.15619178236877,1.19253515382234,1.1038804319011,1.0829460042449,0.791745615839895,0.640386407627085,0.63536583516232,0.626365052366632,0.355011506679035,0.900911773780713,1.1483794052723,0.732840324273102,0,1.72670740644867,0.619570791276112,0.600097759248208,0.631094676922713,0,2.21459861428688,1.50352592328407,1.3757291608277,0,1.07837472377912,0.40137083311386,1.03140893126658,1.16361302184798,0.886350576556061,0.931538072540977,0.537453624705112,0.786814415928431,0.0700022003365615,NA
"1228","26165",0,0,0,0,0,0,0,14.0040270250776,0,0,5.20437410910821,3.65381957554178,0,2.30822664033482,0,3.69667295969283,0,0,0,0,0,0,0,0,0,0,0,0,0,0,0,0,41.9155273820616,0,0,5.35623095893604,0,3.29763030115908,0,0,0,0,0,NA
"1229","27001",0,0,0,0,0,0,0,0,0,0,0,0,0,0,0,0,0,NA,NA,NA,NA,NA,NA,NA,NA,NA,NA,NA,NA,NA,NA,NA,NA,NA,NA,NA,NA,NA,NA,NA,NA,NA,NA,NA
"1230","27003",4.3999268681957,0,0,0.846507029067307,1.67299981253946,1.66001130184122,3.7673256955454,2.98122419927193,0.470892601799556,1.20731213290436,1.44442399642923,1.33361697599045,0.635851806788417,0,1.35962235339308,0.720564436097418,1.50801420754711,2.56081043068827,0.667042550144821,0.925498257042863,2.79830782348246,0,0.96868766567681,0.959026133190433,0,1.84252232438369,0.547796664946234,2.20658931899309,0.530119206356539,0.518942438165987,2.03256837950512,5.60370066730663,1.7677870315462,1.00726588503774,1.58124886278647,0.284111934348098,1.6296144173419,0.881723760470118,1.38788794311435,1.58609242879997,2.21885332566887,1.41464977871758,1.07736479770708,NA
"1231","27005",0,0,0,0,0,0,0,0,0,20.4178900876691,0,0,0,0,0,0,0,0,30.7933003853984,13.3004255605937,0,2.44794655104499,NA,NA,NA,NA,NA,NA,NA,NA,NA,NA,NA,NA,NA,NA,NA,NA,NA,NA,NA,NA,NA,NA
"1232","27007",9.50379865884122,0,3.13125374550534,2.30189591096804,0,0,0,2.16241218466369,2.27774027547306,0,0,0,0,0,0,0,0,0,0,0,0,0,0,0,0,41.9203928798861,0,0,0,0,0,0,0,0,0,0,0,0,NA,NA,NA,NA,NA,NA
"1233","27009",0,0,0,0,0,0,0,0,0,0,0,0,0,0,0,0,0,0,0,0,0,0,0,0,0,41.9273077940225,0,0,0,0,0,0,0,0,0,0,31.2282567118798,15.1244926582003,7.02003602363525,4.26446619785218,3.43845269430098,0.911392651383382,0.74998657876601,NA
"1234","27011",0,0,0,0,0,0,0,0,0,0,0,0,0,0,0,0,0,0,0,0,0,0,0,0,0,0,0,0,0,0,0,0,41.9273077940323,0,0,0,0,0,0,0,0,0,NA,NA
"1235","27013",2.86260695800588,0,0,1.17354132581347,1.16480065404523,0,1.3426425358616,1.4232822668191,0,0,1.72710665993642,0,7.05589987015034,1.34438076988701,1.05684295852377,4.85291463118533,0,0.545587582467874,0,0,0,0,0,2.06691103906689,0,0,0,0,5.53235688834809,0,7.7091314909625,0,2.07690745930677,0,3.1636823320033,1.38319001076526,3.48762364572351,0.947826104211594,3.09667818356833,0,1.75137217143483,2.59288397648437,1.7829992125991,NA
"1236","27015",0,0,0,2.80455791705411,0,4.90606312450134,3.77939245821661,0,0,0,0,0,0,0,0,0,0,0,0,0,40.9380561898215,0,0,0,0,0,0,0,0,0,0,0,0,40.6838341098649,NA,NA,NA,NA,NA,NA,NA,NA,NA,NA
"1237","27017",9.50379865884122,4.20373720110854,4.71051550791952,4.30936110711954,0,1.6692787556127,2.15226950555582,0.638987389237291,0.606877458683118,1.77549580862766,0.578419638423391,3.27207477279054,0,0.47109187458308,0.476996096579631,0,2.82902564789334,1.14542764068015,1.10759183528286,0.530310997546951,0,0.567400447215823,0,5.50619183702095,0.614179980522202,2.09703011753485,0.449971274427239,0.417375162477624,0.831928472777788,1.69927088345509,0,0,0.543041710326216,0,NA,NA,NA,NA,NA,NA,NA,NA,NA,NA
"1238","27019",1.6850824659663,0,0,0,0,1.03507110673335,0,1.76254382058307,0,0,0,0,0,0,0,0,0,0,37.1197654488408,0,3.4486735620395,0,0,2.08253621891204,0,0,0,0,0,0,8.43310852012379,0,0,4.99715496437132,3.60646865656437,0,4.37058679337439,1.68358399855601,1.36750956406971,0,4.31133692410832,0.906652572245436,0.798853389146065,NA
"1239","27021",0,0,0,0,0,0,0,0,0,0,0,0,0,0,0,41.914019435866,0,0,0,0,3.15138936938299,0,0,0,0,0,0,0,0,0,0,34.0962929233939,0,0,0,0,0,0,0,0,27.1839659565905,0,0,NA
"1240","27023",0,0,0,0,5.8621602337794,0,0,0,0,0,0,0,13.86250875187,0,NA,NA,NA,NA,NA,NA,NA,NA,NA,NA,NA,NA,NA,NA,NA,NA,NA,NA,NA,NA,NA,NA,NA,NA,NA,NA,NA,NA,NA,NA
"1241","27025",9.50379865884122,0,0,0,0,0,0,11.5468949096672,0,0,0,2.74635197693581,0,0,2.91646593632522,0,0,0,3.58357981493588,0,3.36145973691699,0,0,0,0,0,0,0,0,0,0,0,0,0,0,0,41.9134582913658,5.35920701273689,2.69871513232917,1.77437445888993,1.36343279596827,0,0,NA
"1242","27027",0,3.45810439938785,0,2.04404960564744,0,0,0,0,6.17042846192988,2.6815271939154,2.0607491897561,0,6.40818182027325,0,4.43425303637823,0,0.515700008406364,1.46974470442742,2.74615951761614,0,4.14291496571006,0,0.586437792188766,0.288954185915317,0,0.36114960579129,1.73027378304056,3.26279205769015,2.88962594230833,1.96506355618121,2.77937436344601,1.0040833257791,2.65570702836575,1.78603890291655,1.4017560739226,0.626545472947908,1.74575462246613,0.277750090724247,0.469307725361638,0.794893172003787,2.47190158882178,0,1.43283807957349,NA
"1243","27029",0,6.38923392032348,0,0,0,0,0,0,0,0,0,0,0,0,0,0,41.8132376389754,0,0,0,0,0,0,0,0,0,0,0,0,0,0,0,0,0,0,0,0,NA,NA,NA,NA,NA,NA,NA
"1244","27033",0,6.38923392032348,3.73038711983005,4.6719127493297,0,0,0,0,0,0,0,0,0,17.6185497773304,0,0,0,0,0,0,0,0,0,0,0,0,0,0,41.8911428949772,6.85336202092239,11.6070841089699,0,1.43521611704883,1.55155516615417,0.347350863947803,2.9060646483117,NA,NA,NA,NA,NA,NA,NA,NA
"1245","27035",9.50379865884122,4.20373720110854,4.71051550791952,1.54212165366646,0,3.1359494367292,0.907563778556452,2.40021503827878,0,0,2.16825754892746,0,0.788135964339156,0,0,0,0,4.18312221691713,2.15681936568159,0,0,0,0,0,0,0,0,0,0,29.8323266360496,0,0,0,NA,NA,NA,NA,NA,NA,NA,NA,NA,NA,NA
"1246","27037",6.59115890569944,1.42827782672179,0,1.15498851655558,0.818743864035052,1.36226909692436,1.62491669589203,1.80311863375617,0.241488188417786,0.2381247774169,0.985369756172586,0.525634356421104,0.578980812865033,2.18594553305492,1.2476317142573,1.18925215297291,1.11388700422619,1.050493542059,1.49610349667014,0.480899333550061,1.87573965536523,0,1.84054540635897,0,0,1.88106508078588,0.854186287055602,0.888299317932214,2.33637397891935,0.816434656006448,0.769156553694052,0.252276745566546,1.29356357076794,0.539563436173138,1.41517905452008,0.29446793632221,3.48259058479265,0.264548051692582,1.2268301357154,2.02613148148622,3.46633363504252,2.00617651881046,1.62296824702359,NA
"1247","27039",0,3.45810439938785,0,3.89806010231901,0,1.46450122182867,1.36323938364707,1.28310897998953,0,2.47052251540402,0,0,0,0,0,2.92731079561499,6.05371293730368,0,1.95244360006265,1.59874166220339,1.37127658006591,0,0,0,0,2.34457182920585,0,3.11627954048722,0,0,0,0,0,5.37408635585368,0,0,0,0,9.96940469724616,3.30498842436827,0,0,0,NA
"1248","27041",0,0,0,0,0,0,0,0,0,0,0,0,0,0,0,0,0,0,0,0,41.9273037904936,0,0,0,0,0,0,0,0,0,0,0,0,40.6838341098687,0,17.5340567057513,NA,NA,NA,NA,NA,NA,NA,NA
"1249","27043",0,0,0,5.25744058045737,0,0,3.77862808533394,0,0,0,0,0,6.09390763361048,0,0,0,0,0,0,0,0,0,0,0,0,0,0,0,0,0,0,0,41.9272782575823,0,0,5.35623193011385,0,3.29763030713573,NA,NA,NA,NA,NA,NA
"1250","27045",0,0,0,0,4.09915079894909,1.89561425533524,1.65456146087173,3.97903275515701,0,0,0,1.05761449052132,0,1.4806542741984,0,0,2.30794586270426,0,0,0,0,0,0,0,0,19.2093210806311,0,0,NA,NA,NA,NA,NA,NA,NA,NA,NA,NA,NA,NA,NA,NA,NA,NA
"1251","27047",12.8044813570177,3.58977865925876,3.13160364468521,0,0.649320937915052,1.82740052799267,1.7264193232405,1.60174650403383,0.496993275268315,0.483266634814279,0.977424226160441,0,1.68067402046839,0,0,0.791306982369898,2.63297793630262,2.54416328816373,0,0,0,0,0,0,0,0,6.88186124761984,0,0,5.11644661443214,0,0,3.32690333452013,NA,NA,NA,NA,NA,NA,NA,NA,NA,NA,NA
"1252","27049",0,6.38923392032348,0,0,2.99910157542646,0,2.62332262856855,0,2.34363192896264,5.74025099821198,2.71814126821256,0,1.76163889247063,0.790987853739698,0.75871366116599,0,1.6675611609902,0.877273491130397,0,0,0,0,1.98775291922893,2.34581515886195,0,0,0,0,0,0,0,0,0,0,0,0,0,41.6769540023517,0,6.38885798973495,NA,NA,NA,NA
"1253","27051",0,0,NA,NA,NA,NA,NA,NA,NA,NA,NA,NA,NA,NA,NA,NA,NA,NA,NA,NA,NA,NA,NA,NA,NA,NA,NA,NA,NA,NA,NA,NA,NA,NA,NA,NA,NA,NA,NA,NA,NA,NA,NA,NA
"1254","27053",5.92446488020105,1.33339406784135,0.53844846804977,0.965519282648167,0.694378052105068,0.598456738803974,1.0978762581499,1.16040512246897,0.883508680192467,0.897976607228019,1.09475532822998,0.454975765068373,0.674728694391126,1.06576750925378,0.967731858660242,2.24133281414782,2.3236009460643,1.81352995152455,1.95881239688037,1.99693284238771,3.0733726146956,0,0.0256625788301279,2.34399006544286,0,3.74633852532996,1.45895423814297,0.90356486505642,0.852584310186371,0.607388146761005,0.962470117537895,0.973200547614968,1.15586504292036,1.48501380179902,0.752770547885617,1.36675083046878,1.66736384783963,1.55361765745202,1.36420563503735,1.0855293657784,1.66366202352684,1.71565033931525,1.3328326686308,NA
"1255","27055",0,0,0,0,0,0,0,0,0,0,0,0,0,0,0,0,0,0,0,0,0,0,0,0,0,0,0,0,0,NA,NA,NA,NA,NA,NA,NA,NA,NA,NA,NA,NA,NA,NA,NA
"1256","27059",9.50379865884122,0,0,0,0,3.5182408882082,3.36908651324275,0,0,0,0,0,0,0,0,0,0,0,0,40.3149968873172,0,6.38609632971989,0,0,0,0,4.02360243447079,0,0,0,0,0,0,0,0,0,NA,NA,NA,NA,NA,NA,NA,NA
"1257","27061",0,0,5.35623193094833,0,0,0,0,0,0,0,0,0,0,0,0,0,0,0,0,0,0,0,0,0,0,0,0,0,0,41.9273077940304,15.495240879053,3.13230367769245,1.87478794362049,4.99072341781781,0.889451478288587,NA,NA,NA,NA,NA,NA,NA,NA,NA
"1258","27063",0,0,0,0,0,0,0,0,0,0,0,0,0,0,0,0,0,0,0,0,0,0,0,0,0,0,41.9273077940304,0,0,0,5.25744058045737,7.25145641180397,2.309995790657,1.63574679649153,0,1.21259381648028,1.17081711131456,3.29900147372902,1.89885371314352,1.59879398071299,1.3629217532084,0,3.42839500971658,NA
"1259","27065",0,0,0,NA,NA,NA,NA,NA,NA,NA,NA,NA,NA,NA,NA,NA,NA,NA,NA,NA,NA,NA,NA,NA,NA,NA,NA,NA,NA,NA,NA,NA,NA,NA,NA,NA,NA,NA,NA,NA,NA,NA,NA,NA
"1260","27067",0,0,0,0,5.8621602337794,0,0,0,0,0,0,0,0,0,0,0,0,0,0,0,0,0,0,0,41.9272782572118,0,0,5.35623193011385,18.2426604499883,12.1953788303142,2.49405439023553,0.922790257045921,4.17984092123469,2.90826274900971,0.285596549731267,3.4547335061715,0.652651997839515,1.27120432873075,1.11644965364153,NA,NA,NA,NA,NA
"1261","27069",0,0,0,0,0,0,0,0,0,0,0,0,0,0,0,0,NA,NA,NA,NA,NA,NA,NA,NA,NA,NA,NA,NA,NA,NA,NA,NA,NA,NA,NA,NA,NA,NA,NA,NA,NA,NA,NA,NA
"1262","27071",0,0,0,0,0,0,0,0,0,0,0,0,0,0,0,0,0,0,0,0,0,0,0,0,0,0,0,0,0,0,0,0,NA,NA,NA,NA,NA,NA,NA,NA,NA,NA,NA,NA
"1263","27073",0,0,0,0,0,0,0,0,0,0,0,0,0,0,0,0,0,0,0,0,0,0,41.9273077429001,NA,NA,NA,NA,NA,NA,NA,NA,NA,NA,NA,NA,NA,NA,NA,NA,NA,NA,NA,NA,NA
"1264","27079",22.6278264790165,2.07471286701976,0,3.82477940009318,0.755094487621742,0,1.32360334722465,1.32300572869286,0,2.10157375214424,0.69765268131989,0.697335793161599,0,0,0,0,0,0,0,7.1038923948909,0,0,0,0,5.82300885106338,0,0,0,0,0,0,0,0,0,27.4156609092469,9.03474103739473,0,0,2.83062324048904,0,2.39859598457883,0,NA,NA
"1265","27081",0,0,0,0,0,0,0,0,0,27.462168420246,0,0,0,0,0,0,0,0,0,0,0,0,0,0,0,0,0,0,0,0,0,0,41.9273077429001,0,0,0,0,0,NA,NA,NA,NA,NA,NA
"1266","27083",9.50379865884122,4.20373720110854,0,0,0,2.2193185183893,0,0,2.95792616368511,0,0,0,0,0,0,0,12.9978378730698,0,0,0,0,5.83669945980001,0,0,0,0,0,0,0,13.8625083136873,0,5.91233247129875,3.6558865030027,0,NA,NA,NA,NA,NA,NA,NA,NA,NA,NA
"1267","27085",0,0,0,0,5.8621602337794,0,0,0,0,0,0,0,0,20.0213379241637,0,0,0,0,0,0,0,0,20.1115791383414,0,0,0,0,0,0,0,NA,NA,NA,NA,NA,NA,NA,NA,NA,NA,NA,NA,NA,NA
"1268","27087",0,0,0,0,0,0,0,0,0,0,0,0,0,0,0,0,0,0,0,0,0,0,0,0,0,0,0,0,0,0,0,0,0,41.9273077940323,0,0,0,0,NA,NA,NA,NA,NA,NA
"1269","27089",0,0,0,0,0,0,0,0,0,0,0,38.5206446780483,9.43840829785659,7.63477899135616,3.9524595654116,NA,NA,NA,NA,NA,NA,NA,NA,NA,NA,NA,NA,NA,NA,NA,NA,NA,NA,NA,NA,NA,NA,NA,NA,NA,NA,NA,NA,NA
"1270","27091",0,0,1.48095220197864,1.29761543668834,3.43829974766899,0.496950793312424,0.90619238944091,0.859538770775557,0.845850799885956,1.68093896350141,0,1.30483304632333,0,0,0.590146488537982,0.707875902020953,0,1.05780171937577,1.22816210853581,1.3138847369863,1.30411443931491,0,1.28563428553036,0,0,0,0,0,7.88170991989589,0,0,0,0,3.08833199668212,2.98569669670602,0,14.8631180513899,11.6681684436803,5.25367333016993,3.74710765163292,0,0,0,NA
"1271","27093",0,0,0,0,0,0,0,0,0,27.462168420246,0,0,0,0,0,7.27202378056482,0,0,0,0,0,0,0,0,0,27.4507676457814,14.8673643618763,0,5.99455598896304,0,2.16170122599546,2.65494279849148,0,0.718808319226457,1.41617565243707,NA,NA,NA,NA,NA,NA,NA,NA,NA
"1272","27095",0,0,0,0,0,0,0,0,0,0,34.1314925026599,0,0,0,0,0,7.27264931824263,NA,NA,NA,NA,NA,NA,NA,NA,NA,NA,NA,NA,NA,NA,NA,NA,NA,NA,NA,NA,NA,NA,NA,NA,NA,NA,NA
"1273","27097",0,0,0,0,0,0,0,0,0,27.462168420246,18.942940552027,2.48303201981741,0,0,0,NA,NA,NA,NA,NA,NA,NA,NA,NA,NA,NA,NA,NA,NA,NA,NA,NA,NA,NA,NA,NA,NA,NA,NA,NA,NA,NA,NA,NA
"1274","27099",0,0,0,3.6578514887877,0,0.808809565891962,0,0.903114008246543,0.989868950849193,1.070427218063,1.12114728759154,0,2.37499024184536,0,0,1.32183482717311,0,3.12117172937785,2.88600197691205,1.21885173854283,2.03486718288684,0,0,0,0,0,2.07526338267261,2.57878716971885,0,0,2.56826861984245,0,2.36731553017496,0,0,0,0,0,0,0,0,0,36.3133458498824,NA
"1275","27101",0,0,0,0,0,0,0,0,0,0,34.1314925026599,9.31702604297353,0,0,0,0,3.51820009810794,3.36907926505993,7.29766467921784,0,2.45903685321763,0,0.946806230957475,1.83586454121396,2.57054414120186,0,0.756219892862925,0,NA,NA,NA,NA,NA,NA,NA,NA,NA,NA,NA,NA,NA,NA,NA,NA
"1276","27103",0,0,0,0,0,0,0,0,0,0,0,0,38.4057692452631,0,0,0,5.25716733302283,0,3.70149663957853,0,0,0,3.16038724561995,0,0,0,0,0,0,0,13.5606602178356,0,0,5.20261226926257,0,0,0,0,8.26416396783606,5.71487356308516,3.53183043342955,0,1.02504902735645,NA
"1277","27105",0,0,0,9.34328727054725,0,0,15.5726573766399,13.5870260774204,5.75364122563764,2.16604554852828,2.31153192772858,1.75826271535134,3.81907277617803,2.55374016340468,2.12079054043902,0.698741882980549,1.07813193535665,1.64935967584488,2.62987062687994,2.07142694999621,1.69918502406918,0.394602676151545,0.463168513618241,0.80903134687299,NA,NA,NA,NA,NA,NA,NA,NA,NA,NA,NA,NA,NA,NA,NA,NA,NA,NA,NA,NA
"1278","27107",0,6.38923392032348,0,5.76834489338417,2.01542302939932,0,1.4146448917786,0,1.3885847256881,0,0,0,0,3.31274413595404,0,0,0,0,5.38765506262908,NA,NA,NA,NA,NA,NA,NA,NA,NA,NA,NA,NA,NA,NA,NA,NA,NA,NA,NA,NA,NA,NA,NA,NA,NA
"1279","27109",1.6850824659663,0.96725038861213,1.07933684899836,2.38455840608769,1.28836180541703,0.706632060407411,2.19307164722239,0.809491433129949,0.388488597511169,1.53516248070607,0.947270885697924,1.84521255865015,2.04647623644733,1.07028019735189,0.142302284926776,0.982159070024328,0.716876381019145,0.903356952754018,1.86594773671784,0.922358534260961,1.62163273378175,0,0.573603843124681,0.90506949547928,0,3.67527272475354,0.501828462546828,2.57795181447489,0.400750465380904,0.125907557437128,0.766141374191787,1.20791416674979,0.852044057028469,2.71780541389233,0.135638226918367,0.916542924717431,0.646476656326087,0.662226290815946,1.2454893938465,0.579834751907696,1.93537468587791,1.57851517962744,1.58295183088366,NA
"1280","27111",0,0,0,0,0,0,0,14.0040270250776,0,0,5.20437410910821,0,3.28972208384641,0,0,0,0,0,0,7.70539607295273,6.02154905287706,0,0,0,0,0,8.34944535899947,0,0,0,0,3.07808403896896,11.607462958845,3.90667811581809,0,0.6876390523156,NA,NA,NA,NA,NA,NA,NA,NA
"1281","27113",0,0,0,0,0,0,0,0,0,0,0,0,0,NA,NA,NA,NA,NA,NA,NA,NA,NA,NA,NA,NA,NA,NA,NA,NA,NA,NA,NA,NA,NA,NA,NA,NA,NA,NA,NA,NA,NA,NA,NA
"1282","27115",0,4.48743349954009,0,1.26864396666186,0,0,3.9384898244114,1.2433420721823,0,1.1216965343534,1.0950871751914,3.08910110058671,8.27932899410011,7.10501996173253,0.510252553312492,1.32991189847493,0.642584173669937,0,0,0,0.511137990877548,0,0,1.48078834080818,NA,NA,NA,NA,NA,NA,NA,NA,NA,NA,NA,NA,NA,NA,NA,NA,NA,NA,NA,NA
"1283","27117",0,0,0,0,0,0,0,0,0,0,0,0,40.6838341098687,0,0,0,0,0,0,0,0,0,0,0,0,0,41.5359066678619,0,6.38861661410903,NA,NA,NA,NA,NA,NA,NA,NA,NA,NA,NA,NA,NA,NA,NA
"1284","27119",0,0,0,0,0,0,0,0,0,0,0,0,40.6838341098687,0,6.38671325301259,0,3.09719879303177,18.5445719261683,1.31736594925197,0,0.36579721382303,1.03741709397986,0.355283283218898,0.778192229032394,0.439174462682174,0,2.86671652211934,2.24122604581714,2.42575289111576,0.410640395880683,NA,NA,NA,NA,NA,NA,NA,NA,NA,NA,NA,NA,NA,NA
"1285","27123",3.73187737416727,0.684030091596912,0.255504641903466,1.12677590088381,0.43934110114975,1.80241883058977,0.915185141981813,0.922210288382874,1.36706345911198,2.14788395274438,0.199441981838108,0.775590970077739,1.53421918054036,2.20017250796301,0.848700895386893,0.799407111734215,1.66954314539825,1.28344312101106,0.410426519171511,1.08684147868161,2.6223357902127,0,0.123136940256458,1.40569203507111,0,2.03823334133795,2.03203657042225,0.54975381963586,0.788733018447697,1.63959974002677,0.48783670733385,1.90490176336201,1.35596405821497,1.47377426487853,1.63400057973564,1.63860169166578,1.53613722824181,1.0397721147946,2.60431534085041,1.66060709687399,2.18723402728472,1.54087838375638,1.39800091372259,NA
"1286","27125",0,0,0,0,0,0,0,14.0040270250776,0,0,0,0,0,0,0,0,0,0,0,0,0,0,NA,NA,NA,NA,NA,NA,NA,NA,NA,NA,NA,NA,NA,NA,NA,NA,NA,NA,NA,NA,NA,NA
"1287","27127",0,0,0,0,0,0,0,0,0,0,0,0,0,0,0,0,0,0,0,0,0,0,0,41.9273077892229,9.50379865882068,0,0,0,NA,NA,NA,NA,NA,NA,NA,NA,NA,NA,NA,NA,NA,NA,NA,NA
"1288","27129",0,0,0,0,0,0,0,0,0,0,34.1314925026599,0,0,0,0,0,0,0,0,20.1118306415512,0,0,0,0,0,0,0,0,0,0,0,0,0,0,0,0,0,41.9261852895764,0,0,5.35623186560988,0,0,NA
"1289","27131",9.50379865884122,0,0,0,0,3.5182408882082,0,0,0,4.37367444233252,0,0,3.73853297792601,0,0,0,0,0,0,0,0,0,26.9207919101533,0,0,5.33496835424112,0,6.11319292157358,0,0,0,2.01579952692498,2.04414753156801,0,0,2.16703227779666,2.10204860978957,1.90272275480684,3.1856433715205,0,4.38781653794559,1.71745358559107,2.70640970893408,NA
"1290","27133",0,0,0,0,3.15138939200099,0,0,3.54845401234638,3.0929185652466,0,0,0,0,0,4.38341655355252,7.69068330766857,2.5329401001935,3.35340453924388,1.20548675548214,3.66296597778564,0,0,NA,NA,NA,NA,NA,NA,NA,NA,NA,NA,NA,NA,NA,NA,NA,NA,NA,NA,NA,NA,NA,NA
"1291","27135",0,0,0,0,0,0,0,0,0,0,0,0,0,0,0,0,0,0,0,0,0,0,0,0,0,0,NA,NA,NA,NA,NA,NA,NA,NA,NA,NA,NA,NA,NA,NA,NA,NA,NA,NA
"1292","27137",9.50379865884122,0,3.13125374550534,4.36418882929472,0,0,6.22742302202577,1.88767476994585,0,0.691041760357374,0,0,0,2.31852089534061,1.35080517333307,1.40117221437016,11.0409308207911,2.8686414059378,0.390607472717828,0.946848872660874,0.288259973924124,0,1.31365687237414,0.372790567503669,0,1.02986912753122,0.592952038639198,1.31560790467517,2.65414381242939,0.615936184681264,0.579111140024163,2.18229006819046,0.51166565888262,0.993960379896458,0,3.06102774132217,0.964509649176592,0.907147920919945,0,0.909927011978384,0.485294497975595,0.537384702597428,2.33431951245257,NA
"1293","27139",6.85371719797014,0,1.28581212480016,0,1.07592913240962,1.10805734536101,1.15556460394245,1.18198637873046,0,0,0,1.7493801722723,1.96048891657857,1.95891336174925,3.38257624906914,1.34990270447857,1.12014675096442,1.93220530229078,0,0.866453802807523,0,0,0,0,0,9.01693116856659,0,3.79011322311021,2.70592262583904,0,0.941352120831038,0.903168496162072,0.910099623530316,1.837767183832,0,2.72348176859085,0.844881393946463,3.69590075808643,1.79593465202376,0.994283304136783,2.52910576906422,2.10851893145757,1.47849236591846,NA
"1294","27141",0,0,0,9.34328727054725,5.5994655684742,0,2.7906858880848,1.12037858331598,0,0,0,1.35722827516461,1.5953126876044,0,0,0,0,0,0,0,0,15.9639724793488,8.10864434413794,0,3.10362580212345,0,2.12815518897982,0,0,0,4.98586593080136,0,0,2.16956430975519,0,5.66083675998483,8.57667003165264,1.48833203291183,5.27203380371086,3.40774402763622,0.892166462761227,1.27218077609823,NA,NA
"1295","27143",0,0,0,0,0,0,0,0,0,0,0,0,0,0,0,0,0,0,0,0,0,0,0,0,0,0,0,0,0,0,0,0,41.9273077940323,0,0,0,0,0,0,NA,NA,NA,NA,NA
"1296","27145",2.86260695800588,0,0,0,0,0,0,0,0,0,0,0,34.6307875245493,0,0,0,5.25665833117371,0,0,0,0,0,0,0,0,36.1652873881071,3.17419381616494,0,0.698698032862759,0.626511737809509,1.23318641329304,3.00017810446907,4.07097452950281,1.95227531920529,0,4.44086415966287,5.72220985099702,8.40805645610316,5.61892692824912,5.21463061469221,1.88341492801831,0.849934149695714,1.69968290350818,NA
"1297","27147",0,4.48743349954009,0,0,0,0,0,2.53924895016278,0,0,0,0,9.6376886215025,0,0,0,0,0,3.89711424158041,0,0,0,0,0,0,0,0,0,0,0,38.5187496686779,0,6.38007085842359,3.7295276530794,0,4.08205110249505,0,1.47012477250653,1.35344425928047,2.46331981778915,2.1333563904438,0.91971737485846,2.39335097131739,NA
"1298","27151",0,0,0,0,0,0,0,0,0,0,0,0,0,0,0,0,0,0,0,0,41.9273037904936,0,0,0,0,0,0,NA,NA,NA,NA,NA,NA,NA,NA,NA,NA,NA,NA,NA,NA,NA,NA,NA
"1299","27153",0,0,0,0,0,0,0,8.40581537701601,0,0,0,0,0,0,0,13.9980978128775,16.7784821746928,0,0,1.46873335252044,0,8.19965395823984,NA,NA,NA,NA,NA,NA,NA,NA,NA,NA,NA,NA,NA,NA,NA,NA,NA,NA,NA,NA,NA,NA
"1300","27155",0,0,0,0,0,0,0,0,0,0,0,0,0,0,0,0,0,0,0,0,0,0,0,0,0,0,0,0,0,0,0,0,0,0,NA,NA,NA,NA,NA,NA,NA,NA,NA,NA
"1301","27157",0,0,9.4989667055933,2.83328513797813,0,0,0,3.60305696727201,0,0,0,0,0,0,0,0,0,0,0,0,0,0,41.711000426136,0,0,5.35619528176413,0,0,0,0,0,0,0,0,0,0,0,0,0,41.5302221110215,9.49816497150777,0,0,NA
"1302","27159",0,0,0,0,0,7.2728236210439,NA,NA,NA,NA,NA,NA,NA,NA,NA,NA,NA,NA,NA,NA,NA,NA,NA,NA,NA,NA,NA,NA,NA,NA,NA,NA,NA,NA,NA,NA,NA,NA,NA,NA,NA,NA,NA,NA
"1303","27161",9.50379865884122,0,0,2.83242606908575,2.39056201205549,0,0,0,0,0,0,0,0,0,0,0,0,0,0,0,0,0,0,0,0,0,0,0,0,0,0,0,0,0,0,0,41.9273077940323,0,0,0,5.25744058045737,3.96894916870393,0,NA
"1304","27163",4.67913331299816,0,1.86396402646874,1.02835906626536,3.10573541313488,1.14036003098413,0.682177115537537,2.18253667000474,1.40237272652182,1.27118386406396,0.476118368389699,1.16065327941278,0.695766681444458,1.85623287079956,0.682749806681084,0.679364298158997,0.462997777421099,0.491374698040655,0.271912379890146,1.23189127279738,1.02262637336719,0,1.60656929563998,1.62902297246344,0,1.61846387557367,0,0.859378561744396,1.36087483900674,0.475042608272275,0.997272514817041,0,3.75772695747627,2.36534755067979,0.404812231600453,0.369494892837848,1.07540928773811,1.07685743566045,3.74702583197746,0.598424774393271,2.34013017763646,0.898908676607276,1.21264438847376,NA
"1305","27165",0,6.38923392032348,3.73038711983005,0,0,2.14269673413943,0,0,0,0,0,0,0,0,0,0,0,0,0,0,0,0,0,0,41.9271140001802,0,11.0886816089702,0,0,3.84518071244338,3.04506154814786,3.444176929891,0,0,0.802405809487171,NA,NA,NA,NA,NA,NA,NA,NA,NA
"1306","27167",0,0,0,0,0,0,0,14.0040270250776,0,0,0,0,0,16.1790885054102,2.89041300359155,1.81560404724557,0,0,0,0,0,0,4.40468138657618,4.62206802064708,0,0,2.75635294052674,2.37065566516709,0,0,0,0,3.09912903902057,0,0,0,0,0,0,NA,NA,NA,NA,NA
"1307","27169",9.50379865884122,0,0,0,1.53838583611609,6.93107709226771,0,0.908247819085378,0,1.61845542727833,0.811173835121857,0,1.82520488443461,2.70498280954245,0.824027564856235,4.17199582659174,0,1.95726185563196,0,0,8.40073005607105,0,1.21544035688277,0.21431233483827,0.827462961556096,0,0,0,0.411598319376454,1.12829137480411,1.44868484753882,0,0,0,0,0,0,3.28675954642006,0,0,NA,NA,NA,NA
"1308","27171",0,0,0,3.6578514887877,0,0,1.71411999496158,0,0,0,2.75903642519305,0,3.08556335512267,2.68949726107629,0,5.51539116190983,0,0,2.36290153983926,2.15578725487838,0.970477999930554,0,1.79666532104307,1.72282274691972,0,1.65393677401949,0,1.70848153665406,0,1.83231756173562,2.64939473639355,1.56841721549691,0,0.680195969054427,0,0.779581494441271,0.890516154000893,4.60482410668573,1.5877859511876,0.668756107734994,2.8198537564272,0.952926470102494,1.67576656592327,NA
"1309","27173",0,0,0,0,0,0,9.82330751988082,0,0,0,5.11105633931234,0,0,0,0,0,0,0,0,0,0,0,0,0,0,0,0,0,0,0,0,0,0,NA,NA,NA,NA,NA,NA,NA,NA,NA,NA,NA
"1310","28001",9.50379865884122,0,0,2.83242606908575,6.43758473868771,0,1.28819309308325,0,3.24870281645297,0.977426302284111,2.5992782200852,0,1.43612894443585,2.00203677099942,0,2.98501688529742,0.545507131103384,1.02469568227352,6.39937223983729,2.15268813156751,0.474873081827357,1.21457350362318,0.923290237645003,0.361275005094772,1.11836774664453,0.589681949879762,0,1.88993861851735,0.50046806016309,1.79470107006183,1.48195651030559,1.15252083655059,0.652148395663017,1.05533873107357,0.838476042184634,0.642009401213316,1.53835561207197,1.31386122924762,0.856624765132065,2.98980026285324,0.178665858406414,0,0.179286564345419,NA
"1311","28003",0,11.0886817491692,0,0,5.51488425478249,0,0,0,0,0,0,3.50963805485868,0,0,0,0,0,0,0,0,20.0934130478815,0,0,0,5.23736652352013,3.96541181534471,0,0,0,5.1724495369786,0,0,0,0,0,0,NA,NA,NA,NA,NA,NA,NA,NA
"1312","28005",0,14.6904074042041,0,0,0,0,1.84500812624686,2.02543773597618,0,0,2.29297133873811,0,6.22834377178956,0,1.39674964111599,1.22757158211762,2.19040803974404,0,0.985760207814405,0.993480803408481,1.01300082953631,0,1.13844443777127,0,1.38244443257336,2.84798085211258,4.82109583840473,0,0,0,2.47463900268058,0,0,3.00197240413064,0,0,0,2.47703548535448,NA,NA,NA,NA,NA,NA
"1313","28007",0,11.0886817491692,2.86173001875628,5.13168350516457,1.14540436427512,0.898944969530413,0,0,0.918549555106774,1.05833647789598,1.19494783124023,2.46318993433528,0,1.1285126023563,0,0,0,3.3538271516965,0,1.84448819468681,3.30761746850069,0,2.4716455497883,3.08820979631885,2.45190621143776,1.94273300761467,1.5849855703938,0.909207598544682,3.1513509189419,1.6508547093645,0.574257997540129,2.78709395392149,1.31367921108403,2.26552230628739,0.33211793506044,0.627247475697673,0.473110640594954,0.833618224273331,0.900317165777871,1.89532198171155,1.48912717389691,0,1.92272930230967,NA
"1314","28009",9.50379865884122,0,5.82730717907272,0,0,0,1.82429249468197,0,0,0,0,0,0,0,0,0,0,0,0,0,0,41.8186109541815,0,11.0884788713266,2.86172478472635,1.86253738360206,0,1.30596056842387,0,0,0,0,0,0,11.382528771638,3.89707780925769,0,0,0,NA,NA,NA,NA,NA
"1315","28011",3.73187737416727,0,0,2.81842310570928,3.56780506464737,1.91421573678362,0,0,7.30527252689625,1.47754418127583,0.778115314638363,1.64509714422776,0.589459145567531,2.95182036642912,1.41458907278147,0.636379411581541,0,0.634483359871291,0.915230144541344,1.00196098183121,0.814098297534744,0,0.32852841638463,0.377727042000354,1.73501475829136,0.945933351322018,1.46159972209427,1.41236407241217,1.31454079828105,0.412721235172997,0.410711234215045,0.858182531984248,0.463560165749536,1.99373679448583,1.01387401350332,2.41227697248015,0,0,0.462212493080853,0,1.87071793931059,1.39795002204917,2.1213623534269,NA
"1316","28013",15.495240879053,0,0,0,0,0,0,4.39939780779107,0,0,0,16.7439994333323,1.717078465948,3.22038651322328,0,0,0.695251698302824,2.85025593368548,3.87024692778143,0.536378324184513,0.928384953185779,1.25639643316461,0.788586684631721,1.52973828119536,1.11371750545424,1.08296933625941,0,0.3808933236867,0,1.49786341198711,1.13204955194848,1.21390701177352,0,0,0.743757569656248,0,2.02613163935399,2.17083218347626,1.04657965179531,0.970346491423874,NA,NA,NA,NA
"1317","28015",0,0,5.35623193094833,3.68219830428101,4.89633064771476,0,0,1.40806628271819,1.38086067547493,0,0,0,0,0,4.02916051161216,0,4.25319609795087,0,2.92906233080143,0,7.8286870887721,0,0,1.08006265996657,0,0,0,5.15687420580107,3.10716713485694,2.40442405766162,2.68166120766573,7.5828242526894,6.52320566886535,0.410599236749371,0.320474372664593,2.09093279335798,NA,NA,NA,NA,NA,NA,NA,NA
"1318","28017",15.495240879053,8.17537920988261,0,1.09422444969009,1.82305248224893,0.816034610667819,0,0,2.80721257974896,1.86521558179911,0,0.872971791765132,0,0,0,0,3.97126420932469,5.71959249529059,1.42466959016439,1.08897425690777,1.77591681976867,4.24663504676052,1.10770472496234,0.471490170024741,1.70784414080336,0.796997216742347,0.392338619858311,1.20517128985806,0.829385454602132,2.48061281178301,0,0.396885559607505,0.415962026773281,1.34373129547784,3.16419557871416,0.420356546193306,1.17320956074635,0.372050099449081,0,2.75356437856944,0.393019683303228,0,0.862262254187198,NA
"1319","28019",15.495240879053,3.13230367769245,0,0,1.50117507661761,0,1.64341045430076,1.70890773262647,0,0,1.91151130905508,0,0,2.45123953522521,0,0,0,3.48533536191584,0,3.34523400018729,0,0,0,0,0,5.34110343645701,4.76679917652261,0,0,0,0,0,0,0,0,0,0,0,0,0,41.4296050127226,NA,NA,NA
"1320","28021",0,0,0,0,0,0,0,0,27.1839721648764,0,0,0,5.24738504832789,2.08209419953518,1.67251329875545,0,2.59389551443577,0,0,0,2.97910940068784,0,0,3.45575005368359,0,1.55422099251639,6.39362328631371,0.939898275851104,0,0,0.742554155871018,1.60142666703685,0.856043201013686,3.38271897977454,0.753581355059367,1.33704663033574,NA,NA,NA,NA,NA,NA,NA,NA
"1321","28023",0,0,12.798633678712,2.30246326940689,0,0,1.30939109635954,0,4.17965290308591,2.45484898587307,0,1.85945465331674,0.840837582078276,0,0,1.93314818425614,0,4.37951095743343,0.96504792391717,0.844688894903771,0.769528952466404,3.45705509652325,1.18704255997907,1.04728429749437,2.31957606318021,0.415212556122676,2.27811406676722,0.349732122130817,0.680401905823485,0.348417616592325,0.747977486814254,1.60930852102505,0.423371396726781,0.448977250125206,1.41859553219158,1.43604034825769,0.475753818300901,NA,NA,NA,NA,NA,NA,NA
"1322","28025",0,0,0,0,5.8621602337794,0,0,0,8.33581390979495,2.89110034591025,3.89490093454362,0,0,0,2.60733260167401,1.32438601195663,1.29363469835354,3.45938820613179,2.75173489745603,0,0.673140641290123,1.29246892725119,0,0.70810314272221,0,0.941664161051934,2.1240767186143,1.09268488133349,1.06280948255311,1.01182216749565,0,1.02678991232474,1.0797305886071,3.21363773724603,0,0,1.93769397011353,0.956667230371298,5.12602305101297,1.34902941777642,2.64606048654109,0.43154669656339,1.51824623212568,NA
"1323","28027",1.6850824659663,2.77377103760017,0,3.21125121511606,0.455764717210942,0,0,0,1.8977541730541,0.739063345177889,0.824502038375939,2.50978647524057,0.775868326861367,0.72332984661853,0.700009498578621,0.707729196172922,1.45760293356861,2.1596950452809,1.34022159386952,0.620130706012332,0,0,0.729551512440115,3.24584978638258,1.59065609346823,0,0.718679908767857,1.41045393825824,0.701679621183318,2.08528349552878,0.670374897899605,0,0.698768570764622,0,1.73437416378978,1.85187662684592,1.80368555368313,0.830681917923042,0,2.29325937106929,1.44047055419179,1.98125394814093,0.600927754065975,NA
"1324","28029",0,1.80342412118814,1.32168222958049,2.15713049093692,0,0,0,0,1.63291896560418,0,2.45321666329028,2.43870059345049,2.09683956290421,6.12932722022,0,0.897972646568439,1.59170380107911,5.27578194609348,1.50792856555865,0,1.13136390441042,0,0,1.82200650237759,1.9701216199706,0.497946231375711,0.497107768439905,2.40842566051947,0,2.20665154842332,0.421090623334062,2.77086235465162,2.07892259848917,0.9000854055175,0.81354637302338,2.00195124783775,0.925855491021934,1.09660751021333,1.66457983806701,2.27922406727437,1.01361261434772,0.312722595158536,1.2146485875394,NA
"1325","28031",0,0,5.35623193094833,3.68219830428101,0,2.30942471437372,0,3.69677629512012,0,1.51586399793532,0,0,1.6742596196729,6.28716681770852,2.37539375030165,0.905578033623157,0,2.77585300017291,0,1.86151584796126,3.37276510159447,0.484566292877989,1.71072043965543,1.51541328510749,0.348684069841158,0.684535650565611,1.04802506091177,0.726972875792199,1.8672756781663,0.373173348943056,1.12328054149203,0.378897753696794,2.63843927562899,1.74127069006132,0,0,2.59794276892994,NA,NA,NA,NA,NA,NA,NA
"1326","28033",3.15672694893642,2.042288362601,1.64715700128954,2.37041573837688,2.0678084715614,0.255463972699063,0.723210690724048,0,1.70269613934344,1.36532026835408,1.23322089582102,1.06585916742669,0.898913020639081,1.71814184668454,0.469862318959961,0.470011965498242,0.492751760647838,0.802145284646157,1.16479993885257,0.778537036812364,1.29642175735698,1.13582452290168,1.56874454956262,1.60794036490357,1.59301233309075,0.245695732118884,0.840214618997657,1.66738321637606,0.474066192478642,0.122957466872662,0.666914311005865,1.1709729643316,0.636389261958473,1.19077444075929,0,0.969122951719497,1.23385950295111,1.06329008591672,1.07490119925961,2.27794848734454,0.193800564483593,0.754214284319206,1.1282987229327,NA
"1327","28035",0,1.95970875235333,0.485605360149632,0.428610156041148,0,0.955840062519371,0.551442394582907,0,1.55658025863614,4.71007977269145,0,2.31827299326385,1.93890448276377,3.15157289718203,1.27152365344911,3.3281183535147,0,2.22978767303116,0.832999171983777,1.54189039014023,1.29263186284821,1.34307845142337,1.13481568536987,0.960346197129307,1.38413334067414,0.33852821014654,0,0.897814772511147,0.433025530365223,0.663499143019904,1.31273707057004,1.20281364357155,1.98404987907755,1.28421887481005,1.49329326437445,0,0.922741787296051,0.320805331518045,1.5464870573352,2.10306734755797,1.17017437949934,0.937157591804577,2.28198682677793,NA
"1328","28037",0,0,0,0,0,2.74128121753565,0,0,0,0,0,0,9.61671085789998,6.5166718122964,0,0,0,7.75686429293618,1.89009795518588,1.43878969113869,0,0,0,0,6.69807913759086,0,1.31826456263534,1.15205355010275,0,1.07450984597667,0,1.2740334072575,0,0,0,2.50567964005784,0,0,0,0,0,6.55866250633155,5.27913224869509,NA
"1329","28039",0,0,0,0,0,0,15.9172924009947,0,0,2.76159980378377,0,0,0,2.88744306108125,0,0,0,0,8.9076442889369,0,0,2.50415631099984,4.09488749809597,0,0,1.48385061511292,1.46947692624255,0,0,0,0,0,4.05730213990214,0,0,0,4.79088395908069,3.85131314232491,0,2.51086093971985,0,0,0,NA
"1330","28041",0,0,0,0,5.8621602337794,0,0,0,4.6279632057551,0,0,0,0,0,6.66120995340451,0,0,0,0,0,0,9.75314917414575,0,0,0,0,0,7.23446238655359,NA,NA,NA,NA,NA,NA,NA,NA,NA,NA,NA,NA,NA,NA,NA,NA
"1331","28043",0,0,0,0,0,0,5.56338728423038,0,0,0,4.97260290523934,0,0,9.5908717880659,0,1.68215813466745,0,2.62182174124654,0,0,0,1.61710008393524,3.44692539195353,1.58096047519039,0,1.31124929541293,4.55342527641137,0.923037286218218,4.34228712154517,0,0.501179148651248,0,0,0,0,0,1.97764260857434,0,0,12.4192659082213,3.53075103025937,0,0.945360890055191,NA
"1332","28045",0,1.80342412118814,0,1.21663892623866,3.32332862709056,0,5.16144009751064,0,0.607142256435481,2.2154285084409,1.014954392592,2.74957850272572,0.807172477451148,0.372954581746051,0,0.403174630881416,0.465042312747667,2.65659632013567,0,0.594081792103386,1.22315714986074,0,3.77909543371657,1.68150121731141,0.494729499165567,0,0,1.07278972939227,0.614926190243351,0,0.869903216351006,1.00925174044293,1.10676740236797,3.25920296948329,0.960189651346653,0,0.849781933178795,0,0.974481861743456,0,5.84555444063262,0.994065162548114,0,NA
"1333","28047",4.3999268681957,1.17660378267804,0.285172403331616,1.4652424570862,0.684910251628449,0.91271620179898,1.16891495042594,0,0.531521573440941,1.16816149645541,1.25163493051463,4.70757854080331,0.245642858444588,0.646790669251114,1.19443066016034,1.86661567550951,0,1.44097737710202,0.547093739429784,1.48438225578364,0.56121421366065,0.38622851937039,1.79814179628687,1.57825822723189,0.944692063254024,0.548344670532886,1.26066946427832,0,0.197424949758002,1.32831935732271,0,0.581370185015795,1.64641912421846,0.355036872043528,0,0.42853595364789,3.21905761958725,2.16398368165265,1.14187331496267,1.00981891136987,1.22432619285377,0,0.908742354433503,NA
"1334","28049",2.32178982821869,2.22526949758342,1.5472520737207,0.893496933559313,1.12134625424946,1.21432514452036,1.17823347097185,0,3.48660669181588,2.41474097186785,0.96693185177733,1.93341270264725,0.0822548171620026,1.10606528974653,0.319377655173685,0.930982411128559,0.819831202641971,2.3596338498317,1.43920889046112,1.23590156283944,0.98172363260626,0.854476847821751,0.282341148864786,1.24175450497139,1.57188149825696,0.970232941531844,0.811902002217116,0.879903348233564,0.738467705073319,0.759405360124617,1.55991744489679,0.474928354025037,1.44174293214828,0.875202882392497,0.241250656838047,0.508384010362649,1.27361773566186,1.43055477895873,1.88717748523886,2.23568328848677,0.682620086796766,0.141275458188791,2.37269320137073,NA
"1335","28051",0,0,0.999064419386289,0,2.76593663128968,2.58532630669693,0,0,1.53352335925038,0.781745553947403,0,0,1.09545551629941,4.63134401811776,2.00469716817097,1.62822118459437,1.34274046295444,2.2609063334376,3.64551082008347,1.08620893546242,0.619727454699411,0.575868259619184,0.2895371983735,1.52532864464533,0.324789064578219,0.355964617800955,1.55523092556624,0,0.904084586825333,0.491179412173447,7.62715026810139,1.63808689085446,2.18779659817112,1.51656410012629,0.801187798769231,1.30858294936223,0.963766116296403,1.07547651667603,0.538499509623231,2.64912815540913,0.744189265576478,0.23855877303409,0.839212912142874,NA
"1336","28053",0,0,0,0,0,7.2728236210439,0,0,4.70434220762983,3.51939400008699,0,0,0,0,0,4.38550076457718,4.23410966986293,3.19058759785524,4.31271350216412,0,0,2.49069662684328,0,1.21641924805551,0,0,0,0,0,4.05562713940448,4.16414366441966,0,0,0,0,11.1622240137151,0,5.32046834806761,0.930908749820221,0.746410827994066,0.66924226907676,0,0.72083198985892,NA
"1337","28057",0,0,0,0,0,0,0,0,0,16.2497037260949,0,0,0,0,5.85579880880498,4.56800745220418,0,5.11808912762075,1.84615517789383,1.43636964876434,0,0,0,3.02233467628603,3.00654233055941,0,8.2761391163656,0,2.69248828517018,0,0.41488747146836,1.25242375039452,0.864539242758491,0.458322615340001,1.92141733412884,5.15531884063928,0.678385523726309,0,1.59416872747849,0.510707317572819,0.778410744373943,0.275787142396038,0.307632424942645,NA
"1338","28059",4.3999268681957,3.34222593487762,1.45838981440297,2.20555129359579,3.423864808478,2.91948214577159,0.259146320438902,0,1.38096429287975,2.68092117622775,1.03633306743207,3.27305606775246,0.613107614268893,0.951828405045056,1.49961671663672,1.16989153490157,0.341110414726209,1.25982917513249,1.48621759226339,0.454293125299322,0.117113086290808,0.87965885223008,1.34951498221444,3.33384661726367,0.836350487240292,0.754741030214264,0.508525400286383,0.408847659415296,0.438103873800505,0.248795813153325,1.44625594389086,1.12913499610904,1.18498297147801,0.342564571953348,0.177038445017442,0.383679651797658,2.48875867843772,0.636491195929527,0.855349525170612,1.67579454592502,0,0,0,NA
"1339","28061",9.50379865884122,4.20373720110854,0,0,0,2.2193185183893,0,11.6522997804008,0,1.82477817497039,1.45122680852179,0,0,0.706832587458835,3.08278331273975,0.768659215654374,1.46357730583128,0.682353390838968,0,0,0.807011850291756,2.72177517719807,1.82049397282338,2.43847952127603,0,0.653912879111092,0.646840742392242,0.676577729926053,5.23579282539461,3.11628701451067,2.31749422885141,0.305297470985838,1.83637741297828,NA,NA,NA,NA,NA,NA,NA,NA,NA,NA,NA
"1340","28063",0,0,0,0,0,0,0,14.0040270250776,7.62821650343069,0,0,2.81560440778987,0,0,0,0,0,0,0,0,0,0,0,40.0899583290314,0,0,0,0,8.21860892060353,2.01915354929482,4.24444580770163,3.78847490798166,4.36386785730437,0,0.761797654835059,0.359213221064068,0.372440097957886,0.415839212716769,NA,NA,NA,NA,NA,NA
"1341","28065",2.86260695800588,0,0,0,1.28675996382096,1.41533730192312,0,1.70201841970291,0,0,3.95816302805638,3.43478474799897,0,1.24443932723748,6.00158575878742,2.16714804278732,1.64050384569633,0.896121995095699,0.800238523865613,0.767257676438892,0.391482968359803,1.24516981671949,1.30356449808402,0.886477222601165,1.32341628570295,NA,NA,NA,NA,NA,NA,NA,NA,NA,NA,NA,NA,NA,NA,NA,NA,NA,NA,NA
"1342","28067",0,0,0,0,0,12.3954918704862,6.93505151349271,0,1.56069022348263,0,0,2.72693997365214,1.35709752631605,2.52408405372848,2.15200520028882,0.907188482897655,0.80668040343282,2.89256008012302,3.57555747872447,2.30572975861432,1.10130857548443,1.24664668461026,0.843524780334435,0.542021339214673,1.62395929917222,2.09456614574201,1.6790032309313,1.49282263436658,0.767256515276062,1.07479836300073,1.36688125180839,0.989256697044467,1.59110250864356,1.78724462890802,0.278714187326175,1.60217019318421,0.260334484412574,0.534635472860291,0.992088336999286,2.33505146686385,1.2618289708908,0.530862857298275,1.63815342659317,NA
"1343","28069",0,0,0,0,0,16.1987227848897,0,0,1.85782169509738,1.62113583114504,5.29739610712344,1.01225492334061,1.63465743866149,0.70095195281493,0,0,0,0,1.41507107542457,1.83657775898668,0,2.19347491489161,3.81591418892645,2.91984807537404,2.19691291028227,1.71899425659001,1.42073851289875,2.40558348148313,4.28344110068918,1.09681496671221,1.78015791667929,0.257729923147725,1.44414447177481,0.236001560392831,1.67945933988577,0.72744160954569,2.15076206684141,0.679835920226662,NA,NA,NA,NA,NA,NA
"1344","28071",0,4.08238344928055,0,1.56559678289499,0.709819898588112,0,1.4970024612556,0,1.76048367300572,0,1.00373156586388,4.80267391513284,0,0.736472011905297,0,2.14165935850694,0.713195608252882,0,1.55928200868994,0.807585896409646,0,0.919716943431419,2.85259950237889,2.60249631894422,2.16599085692547,0,0.568438321618458,10.4047872631258,0.840186547118875,0.212669300711928,0.373471106242364,1.94485591471745,0.3466251425475,0.715655765185891,0.192091308215318,0,0,0,0.464187236501368,0,0,2.90140995607288,3.22574591195643,NA
"1345","28073",9.50379865884122,0,5.82730717907272,0,0,0,0,2.25822594797603,2.46339264466646,4.38534692592877,1.68003276005786,4.81578912610185,0,1.48572739885506,1.94601851445562,0.588311640155593,2.6958747776013,1.88467222002664,1.22706248149159,0.37098949691438,2.08406622446244,2.49780816091524,0.554057122833069,1.9985955859502,0.229565970924893,0.451618417103056,1.82736584980109,0.912576926946022,1.13491315035807,0.67667062538138,0,0.750142162646897,0.827444732244515,1.21119034780899,0.966599619790777,0.669107769530976,2.63357911730949,0.307870221138655,2.28486901843606,0.780879975690639,0.737297039677534,0.961864240085429,NA,NA
"1346","28075",17.0288761782419,1.96989795347727,1.81655993009237,0,7.12912395469561,1.02245598844065,1.40913153063558,0.688657407571168,1.71812286362126,0.587464393615397,0.726903976031324,1.1811698224515,0.902306262162415,2.22709113795425,2.55023481103584,1.70823308964527,0.198747029396215,1.38049558495122,0.53274451552121,0.810089513191984,0.844825155170276,0.695886965021214,0.950727296721122,1.31878975132055,1.94969631213375,1.21465592927785,0.28647831174681,1.30267349090422,1.71069291830549,1.36452999444099,0.88694185196678,0.701475444945825,1.07957599096436,1.2269223741855,1.13789205628869,1.19032726965691,0.943906422401487,0.145416659663093,3.67727560186343,NA,NA,NA,NA,NA
"1347","28077",0,0,2.86085361663031,4.33103373409582,0,0,0,0,0,0,0,0,0,0,27.0424112156603,0,6.32100881076357,6.83919569020744,0,0,0,0,2.08975413209549,0,7.1389331351317,3.44178796597805,2.37755594452614,1.75078116264615,0.712476165752463,1.87521554043108,1.13215118294597,1.57164056829883,0.494995773245329,1.89784096054788,2.17859068286879,0.396089375295559,0.753764983229111,1.4678513267324,1.07374191981376,0.357048622326759,1.45114076393051,0,1.18424087382087,NA
"1348","28079",0,6.38923392032348,3.73038711983005,2.47378173269665,0,0,1.73089167248369,0,0,0,2.88159062049971,2.94068803759042,2.52434949796173,3.82500954380626,1.41972409992141,4.22392738036276,0,4.55360139294955,0,2.23267258908835,0,0.785206441530511,1.19669676847494,3.1043029004709,3.30855372408063,2.5661843306758,0.811763119358875,2.19431111265854,1.29745742175805,1.65267958161312,1.0340899443909,1.0727333724948,1.81304696369529,1.21540694806883,0.792529483677941,0.259868558911377,1.58184514918365,0.973529813462766,1.23870947483575,1.2996304277099,0.839827774904327,0.333654583035101,1.1937622785413,NA
"1349","28081",3.73187737416727,3.79463916562357,1.23793527825943,0.489938763104873,0,0.931603372313747,1.96499915738311,0,1.60939017578411,0.543786897329596,0,1.20755218116453,1.27859036247138,1.31239171924131,0,5.0146667568534,1.03424251102707,0,0.42695285194521,0.44007039128418,0.485430027088811,1.64146249393056,0,0,1.56036923950299,0.845747393131512,4.11167488892557,3.92411720004137,1.46434911773519,0.395593487271056,0,0.736247004584111,1.56174988977311,0.825305079680984,0,0,0.569161463814945,0,0,2.2464161831533,0,0,1.73029305850362,NA
"1350","28083",1.4818919181257,0.857249930934062,1.88873339926891,0,0,1.13732388611696,0,0,3.65458692112663,0.917583510904799,0,0.871310162237777,0.876835048272533,0,1.0201965293916,3.20757701966163,1.96576589733543,3.2393115478623,6.18919863810633,0.387388161662298,0.313489352216286,0.857588404318042,1.11725036671781,0.85097567798954,2.00371306964271,2.15474139030324,1.2033393302486,3.26863092798685,2.28194494256732,0.538081820913594,0.485945523297175,0.711762698613373,0.614191675378076,0.923721027722591,0.716335788576046,0.157642818334246,0.706366107664943,0.790007242921529,0.657845245204924,3.59704427826328,0.207936117657601,0.588012386247119,1.13766430864825,NA
"1351","28085",0,0,0,2.80455791705411,0,2.60546916009453,1.21347708133118,0,2.21480634251843,2.03345467406142,0.917912797208037,0,0,1.9308418549196,1.98411868871074,2.7654373371342,3.72031544800806,3.25861420779502,3.4495552561355,0,1.25833404062928,0.701096591127,1.58911558340203,5.00884484217278,0.800668171911328,1.20322834186879,0.825976064777227,0,0.708906443506922,0.262063514302895,1.77909682178008,0.645453432641354,1.18500365088873,0.686249043743133,0,0,0,1.42085708852486,0,0.878128293014766,3.38375223877819,0.457311853274095,1.2592319735117,NA
"1352","28087",5.3593048205652,0,0,1.92526119191058,0.903961259886881,0.893970536677404,0,0,1.18325990751288,0,0,3.87153131190235,1.86105663188953,3.11505694649497,0,1.12982078173245,1.0555680098099,1.02691248929587,1.02313740584976,2.93855363120983,1.7274121094551,0.756988210520182,0,1.40265369897548,2.06959635077444,0,1.35823118667329,0,1.4521865372281,0.754535045972234,0.787049676929177,0,1.8021419960581,2.67875448286118,0,3.05795100205775,2.56104421259376,0,2.41269771643141,1.68996703840743,0,0.75824156636553,0.393359852513847,NA
"1353","28089",2.56399037008361,2.10046478759015,1.46583383387396,1.56225646983268,1.35101395328845,1.22871238075108,2.24314228805662,0,1.25406084328871,2.60647014698312,0.436234158415013,2.02002105843478,0.375281873079445,0.910481044789405,0.368399422870488,1.52963302873016,0.19954066199786,1.06071552226106,1.53984386447855,0.881173798723732,0.8747812608971,0.65722073659381,0.451791681920846,0.957500221723667,1.01729531986492,1.83024307907412,1.02204194565382,1.91971912190264,1.09362337879394,0.812234253747416,1.35097939377814,2.50455854708006,2.03646358330355,1.08487997251735,0.970809901124458,1.56106730549966,0.422470758934434,1.24902578218261,0.524266428259476,2.30454810073045,1.67100435238428,0.365149660604213,1.21928317620708,NA
"1354","28091",0,0,0,0,10.2861407168863,3.33068278606392,0,1.88762681405203,1.59578334984484,0,0,1.60075117627829,1.68889529853633,1.67282822454761,6.76783725517418,0.960110671332399,1.47992434314609,0.624129398953502,0,2.35176753833269,0,2.38630429310586,4.67419513314292,0.413409286590134,1.05068975006515,0.319648838235028,1.24939520254176,1.24867676612248,0,0.348161489103925,1.89561026305255,0.79159761811367,0.812185035162988,0.417534283062434,0,3.70122427832952,1.28962797456237,1.16343902301583,1.05564786260981,0,0,0,NA,NA
"1355","28093",0,0,1.95162457285785,4.60129658629886,2.31299638782613,1.79820644397182,1.46572817850499,0,0.633293055649715,0.660643234695337,2.08796601653471,0.706712489875172,0.712717575732454,0,2.27767553737963,0.755383771223259,0,1.59506045310277,1.59822902593255,1.53193762592855,2.09456544913187,0.62618887033238,0,0.612092009000532,1.30310311703142,0,1.56443712064545,0,0,1.08402523181524,0,1.45244766577365,0,1.82491521416828,0,0,2.26464781855268,0,2.42834873272126,2.25512773202782,1.94556578341598,3.15618205567333,1.25915393163995,NA
"1356","28095",0,3.45810439938785,0,0,0,0,5.70886736960686,0,2.38739843489466,1.98570537469152,5.89176183089226,1.04701835143525,0,0.781586496672618,2.24291905774527,1.40710064316025,0.666911182975445,3.0663052085218,0.541801285305835,2.84669206639071,1.98631740912769,0.343165055179763,0.322726006985897,2.49942131814968,2.28767808421565,1.0157180726214,0.92133326942138,1.28503841965936,1.40826334810563,3.57777497649081,0.607096651818585,1.33669109013997,0.972726307581093,0.695215926097216,1.2577382888955,1.13606512953741,1.01583184355448,0.453950263588883,0,0.529077486103254,1.77403331941494,0.321365628119886,0,NA
"1357","28097",0,6.38923392032348,6.85120391027542,0,0,1.58843817399454,1.50917109692085,0,1.53733879838493,1.53741971748274,0,2.98503723965766,0,1.34952612693498,0,1.38705466381616,0,1.58406182062288,1.63397279276667,0,0,1.8439974470367,0,0,0,0,0,0,0,19.4067439383776,0,0,2.81465281684933,2.27210983889313,1.87934375437848,0,0,1.68090192090006,10.657283902069,0.854020502647533,1.84375064018817,0,1.36523862717295,NA
"1358","28099",15.495240879053,3.13230367769245,0,0,1.50117507661761,0,1.64341045430076,1.70890773262647,4.6091834566009,2.36429037112239,0.922616234403109,0.783886492142372,2.75380957939278,2.33840340540455,2.4058026222171,1.95189417212137,0.980995417815786,0,0.595955123855406,1.25143962933354,2.24547052385031,2.68080977168745,2.49031837433275,1.60842259342013,1.49930186198563,1.29478821993499,1.41799769419311,1.64147724740806,0.329031900332984,3.43988054687409,0.269387614953104,1.08142238327696,0.401776853967955,1.05555316095383,1.48394293457768,0.582832030445103,0.172822496006517,0.74215034772574,NA,NA,NA,NA,NA,NA
"1359","28101",0,0,0,0,0,0,9.82330751988082,0,9.69766332999161,0,4.12515693227062,1.51256031793135,0,0,0,1.50272386145052,3.27449025695911,2.98579462695258,0,0,4.18416516635607,0,1.68464375274683,2.27251156210661,1.33275450590776,2.85324444772383,1.88161564124401,0.798507952489934,0.365261251588528,3.97908500293042,1.67341749817648,1.63913278307502,0.612008459593144,0.572023132471107,1.66933660058784,0.908252663804513,0.54663883913059,1.11629211225674,0.193039486050473,1.02773138925203,0,NA,NA,NA
"1360","28103",0,0,0,5.25744058045737,0,0,3.77862808533394,0,3.03841265288605,2.5362751123616,0,0,0,0,0,0,6.1481278501746,0,0,0,0,16.3239529620859,12.6802196959365,1.52957644238769,0,0.866881506145439,0,0.877326002303055,0,2.84231975698465,3.31641226152146,4.34320773689726,0.325607390917435,1.59594781282011,0.699130261228497,1.30735139710093,1.051742175695,1.43575302319144,1.18741165958413,0,1.77100478188856,NA,NA,NA
"1361","28105",12.8044813570177,0,2.59274147612913,2.8421271415334,1.48183886633634,1.24873260719182,0.564968969373446,0,1.17599741488383,0.634841064798615,1.37074628787985,2.08688167717727,0.664880938039207,1.86051596466082,0,1.14908809780607,0.583970017083021,2.9072773798006,0.547315044431247,0,0.548013378422879,0,0,3.3401241574216,0.877534917156124,0,0.889241268891473,0,0,1.20319958304639,0,1.7276547151204,1.86768252827174,0,0,0,4.382652964361,1.99358117824886,3.25496943430208,0,1.15758946295926,0,2.20784422792673,NA
"1362","28107",0,0,0,5.25744058045737,0,0,1.97846705003255,0,3.80534911832467,1.66151713942187,0,0,2.81647098924165,7.83835245847246,0,1.24867531898758,0,1.06599307032636,0.549464185243421,0,0,0.881074334262066,3.07357636018667,0,1.05438943846517,0,3.10633308474795,4.39762462047471,0.69477519464284,0.589817300245444,0,0.567961725967682,0,0,1.00086722879611,1.27155969884064,0,0,1.98698204061858,0,0,2.53159677768536,0,NA
"1363","28109",2.32178982821869,0.660844105311043,0,1.36769701426143,0.887028320242527,2.19656522804353,1.66000523192999,0,1.14454440941797,0.759208503722293,1.525645912418,1.8539821200197,0.703240164342986,1.97479645710416,0.908534296166156,1.13473155679778,1.08122122533693,3.22293331112138,0.865023804313417,0.970667460042553,0.184075405903476,0.929065347863303,0.966506091309323,1.79146422374537,1.92702148037042,0.539971725489801,0.688381345000029,1.17953791977581,1.00259524821259,0.34044193721872,0.362578096330379,1.18519785264831,0.430417323160327,0.94011373065765,1.00645954933678,0.267042237397849,0.290214218680465,0.964706814712745,2.06614475912832,3.85471199303909,0.272503783590677,0.244843631303648,0.940600512005268,NA
"1364","28111",0,0,0,0,5.8621602337794,0,0,0,4.6279632057551,6.93554406481949,2.2812879465754,7.05363790898053,1.77375295693699,0.658634096438828,0,0,0,0,1.11147274691796,1.49464129935104,3.39135276729286,1.5276174202082,1.27913649445184,0,0,1.18637276003162,1.29429523096848,0,0,0,0,2.9726377305744,0,6.34576783714047,2.34613989548221,0,0,0,1.77153510682671,0,0,5.04729916146214,4.15313768924226,NA
"1365","28113",3.73187737416727,5.44553418205857,3.20215676110133,1.47960189144104,0,0,1.20470339294042,0,2.25512455957989,2.29230118763444,0.71237879716218,0,1.3286040239401,1.9461461068264,1.23489235982198,1.72569948386179,1.05483950620304,0.982088865905888,1.83530005933998,3.22829832312462,2.30329526639671,1.33938481844014,0.692407589664571,2.06977887034487,1.8408874567603,1.78153047072683,0.580740713613854,0.95545040067363,1.44288778513852,0.386501450575962,0,1.17032655327181,0.162514373572498,1.10136303301654,0.612469310686036,0,1.52432823170695,0.275886520133124,1.47639235446211,0.308690201192494,1.28590988926108,0.660331324882096,0,NA
"1366","28115",0,6.38923392032348,0,3.09723040497987,2.41078022702504,0,0,0,4.30467398858448,1.97202225639495,6.0149241071839,1.0550003507206,0.825739779482377,0,0,0,1.03359536132168,1.28590258913383,0,0,2.05584030753095,0,0,0,3.12948812327424,3.06178577821168,0,2.40725849682658,0,0,0,0,0,0,0,0,0,0,0,0,41.2307347028186,9.49282942899871,0,NA
"1367","28117",0,0,5.35623193094833,6.76984580054302,0,0,0,0,9.0540000090449,0,0,1.04038378541203,0,0,0,3.28536888397825,0,1.87726148432711,1.74880936891484,0,1.54022606252913,0,1.58209993161212,0,4.88032701100375,7.07822402101514,1.54047294694093,0.575221706747445,0.493248494797579,0,0,0.627134397132016,1.54466196686172,0,1.07066206538102,0,0,0,0,0,NA,NA,NA,NA
"1368","28119",5.3593048205652,2.69871990544466,0,0,0,1.77230758962686,0,0,2.74766144653105,2.70174513609361,2.30442501455251,3.56850663457999,3.83082219855843,0,0,0,0,0,0,2.51942327848493,0,0,0,0,0,0,0,13.9610915887852,0,0,0,0,0,0,0,14.0010617730209,0,0,5.20437113134409,NA,NA,NA,NA,NA
"1369","28121",1.6850824659663,4.42767172007753,3.79115548323952,1.13990636827258,1.80527664446934,0.519765449024249,0.975583872866791,0,1.30621121620756,2.16196129079865,0.533397356328458,3.44750470428682,0.427112821956857,1.152928278158,0.363062038973993,0.730566661963548,0.194351552662725,1.28734079679697,0.705556341661306,1.50307976437505,1.25991606429826,0.249050119106569,1.24721950599218,1.94927781589391,2.02844468441568,1.21050324338186,0.371104092195239,0.543559313449007,1.46415430905031,0.926833397168269,0.382094301696156,1.00200813815465,0.212968031661308,1.81118817994224,1.15039053378267,0.912523489800197,1.7615608719489,0.627114489724911,0.814041003865827,1.59711456226157,0.588161759997639,0.594887609792111,1.41904553986826,NA
"1370","28123",0,6.38923392032348,3.73038711983005,2.47378173269665,3.50068500869275,1.31215575865329,0,0,3.22125906805495,1.99331592106014,0.896513416672325,3.10490283686076,0,3.46988789483624,0,3.89531974986824,0.722815243283457,2.74504907194034,1.02850592811305,1.13599817287279,0.425060706073653,0.84498432223265,0.870213482947995,3.61861902719911,3.71506599749106,0,1.22487553551069,2.57592950063054,1.66696217830082,0.820350577188674,0.385606307678938,1.06998537585212,1.74878521676604,2.83709457844128,0.567454264497932,0.524611490038897,1.28654012999363,0.82347488546593,1.1009274118635,1.2674798020196,0.822180353329574,0.222723433822641,0.646357806297831,NA
"1371","28125",0,0,0,0,5.8621602337794,0,0,0,4.6279632057551,0,0,0,0,0,0,0,0,0,0,0,0,0,0,0,0,0,41.9261848087432,0,0,0,5.25744057289603,0,0,0,0,0,0,0,NA,NA,NA,NA,NA,NA
"1372","28127",0,0,0,0,0,7.2728236210439,0,0,0,4.93170705200987,3.88495089606961,2.82773247665747,0,0,1.90214624521575,1.83642216668917,0,0,1.97957236169953,0,0,0,0,14.5993562446259,1.71291749502258,1.15634522883933,0,5.29111208645397,3.86111972342432,1.61245137601876,0,0.304038833023113,0.922782522216009,0.655978851309605,0.723308770178172,0,1.39836173428984,1.01662143359223,0.537498212917004,0.566647161803984,0,0.690322419344179,0.79129232915747,NA
"1373","28129",0,0,0,0,0,0,0,0,0,0,40.095693652517,0,0,4.39625170357268,0.846616195023961,0,2.76301044358794,0.638022457989149,0.61464621591719,3.44984594254719,0.509876444616695,1.83124526793268,0.829118881635132,2.26464715027123,0.345679408699909,0.337368604151155,0.351526507453716,2.22937309665967,0.755574859958456,1.13376137618043,0.377015443803498,0.770455489442282,0.802280091522561,1.25778733460258,0.86549997427026,2.14928379517735,0.410878460885244,2.67714016547369,0.346871656007604,0.660941909661511,0.660309126483155,0.346701172462778,0.760206698362657,NA
"1374","28131",0,11.0886817491692,2.86173001875628,1.86253776518953,0,4.77741821693007,0.952423763364825,0.817117912951726,2.17529274282749,0.654378461471044,0.624201742117712,0.627049660314365,0,0.751767129216499,0.861944238166145,0,2.25856327050975,1.16370277530173,0,0,0,0,0,0,0,0,0,0,0,NA,NA,NA,NA,NA,NA,NA,NA,NA,NA,NA,NA,NA,NA,NA
"1375","28133",0,3.45810439938785,0,2.04404960564744,1.78082260793466,3.05164170259102,3.60389085563605,0,0.840114261407214,0.793940158439034,0,0.885624571174495,4.51671323792604,0.802306580991303,0,3.849836566126,1.07858540302149,2.28664815894617,0.788521283978125,0.364245302244505,0,1.18596916651645,1.28478643808205,0.45925094032217,0.494397491217584,1.05831775962858,0.560688462067635,0.59984019151419,0,0.754253879069614,1.69813422823305,0.904688301581001,0,0,0,1.41578653984678,0,2.0119581047662,0,4.32938965608947,0,1.68048141973508,1.50132452301543,NA
"1376","28135",9.50379865884122,0,0,0,0,0,0,0,0,0,0,0,37.4684949611796,0,0,0,0,0,0,0,14.0040232833289,0,10.3666144141246,2.81780132244042,1.85524913374488,0,0,0,0,2.14590795735921,0,5.50874202226802,0,0,0,0,0,0,0,7.59810401580222,0,0,NA,NA
"1377","28137",0,0,5.35623193094833,11.657412708784,3.06475840323793,0,0.843974499602582,0,1.61351043285678,0,0.954542015036796,1.05068918598282,1.11590508171655,1.13660251459834,1.1223010787876,2.12875532153974,0,0.983943428240395,2.83337493950622,0.864374587963248,0.805412563927087,0,0.822995450934947,0.884769549816222,0.959038469732758,0,2.26310353107345,2.20430697125362,2.87168094919682,0,0.743711289736231,0,2.28376613329443,0,0,0,1.16388832642726,2.62509037617334,0,1.36269841078037,0,2.68227514024059,2.43595392426189,NA
"1378","28139",3.23994950919703,1.75580362662733,0,1.64197923215288,0.511898590961208,1.520817757039,2.43787111321123,0,1.32621529807107,0.85925708641876,0.43121012214109,0.453491966582988,0.497484147980634,2.16400975512739,0.557956359681863,0,0.618490438359911,2.5787933394776,0.634105322401547,0.626050231778808,0,0.689492303639435,0.764297279819789,0,0,0,1.71282865685035,2.01433898170227,0,4.03209592106954,0,0,1.58943144773819,1.56878633357575,1.51564002406706,0,1.46985868107591,0,1.55625292418353,3.03850865243989,0,1.32513570250315,1.25243334642911,NA
"1379","28141",0,0,0,0,0,0,0,0,20.1118374377734,0,0,0,0,0,0,0,0,20.1115791501064,8.49010879768011,0,0,2.82658974671463,0,4.53712261308889,0,0,1.75527955610681,0,0,0,0,3.58144773532727,0,0,NA,NA,NA,NA,NA,NA,NA,NA,NA,NA
"1380","28143",0,3.45810439938785,0,3.89806010231901,1.55543123520751,0,0,0,8.18978005657052,1.04298659815935,0.828153495978412,0,0.702394699635288,1.43653415944275,0.747082954543402,0,0,0,1.33961829036679,1.59131475224115,3.28125439464312,0,2.63754772862638,0,3.13835116116666,1.79684122131038,1.54112246856113,0.682827953627488,0.642460358914636,0.640106967332517,0.66859484314746,0,0,0,1.39309285266898,0,0,0,0,0,0,9.05196142707286,0,NA
"1381","28145",0,0,5.35623193094833,0,3.29763030713821,0,0,0,0,0,5.24925960046481,4.73598212445639,3.34747413113047,0,0,0,0,0,3.79876725764247,0,0,0,4.75449784248668,3.84257864986869,0,0,0,5.17138558239199,0,2.05667056464012,0,3.40580187948009,0,0,1.51572869004493,0,1.72227482330217,0,1.93945683540695,3.63260766806912,7.72038888419771,1.64410955631584,1.76962809328793,NA
"1382","28147",0,0,2.86085361663031,2.28345580269797,0,1.8293051766038,0,0,0,4.64275666327941,5.79790609645074,1.38010800493386,1.05625207381119,0,0,1.88708519046647,0.997080686867445,1.0391948301679,0,0,2.52380974894169,3.59846061567399,1.02525780333932,0,0,0,1.10208191816736,1.29683011186429,0,0,1.9824400951437,3.86896121408965,0,0,1.54761179279372,1.51601647857512,1.46225548724675,0,1.43522887042478,1.41846262864116,0,1.45232495114337,0,NA
"1383","28149",0,0,5.35623193094833,0,0,3.32949567636171,5.3565363286763,0,3.24995723132783,2.52205527615425,1.01588063748248,1.73131774279911,0,2.24713781655835,0,0,0.832416034548161,0.935055736353707,1.03802071310433,1.11065932407553,3.23079727811959,0.947308018385665,2.43298185769874,2.65142648491537,1.61203293186889,3.03198403425843,2.05825425608014,0.571694748607241,0.776406915029331,1.94338790169142,1.5785800134698,0.633799554892219,1.21572119935911,0.789065355041196,0.594001661872054,0.413696683248294,NA,NA,NA,NA,NA,NA,NA,NA
"1384","28151",3.73187737416727,1.98724770320809,0,4.4944792147378,1.75040842309657,1.43356349241215,1.82344856671139,0,2.05988580813063,0.973893139122519,3.11561627450392,0.777613671179984,0,1.73693875035524,0.681368907107177,0.690822489673508,0.362701824728287,1.90993395318649,0.77562268816578,0.394770126306425,1.60445859811688,1.56902662639107,0,1.90330780970435,1.81056477598163,0.341638471269166,0.670661699050926,0.344107420922209,0,0,0,0,3.25234819097851,3.58544593040362,1.04290529932336,0,0,0,0,0,0,0,0,NA
"1385","28153",0,6.38923392032348,9.50057681065498,0,0,0,1.33761203585548,1.4151677435256,1.46489077936989,0,1.51582398724274,0,0,1.83923107911338,0,0,2.58346919024669,2.54060125965769,0,0,10.60287709559,0,2.59472561574433,0,0,0,0.803870505914736,2.78021513302046,0,1.02395016102614,0,0,NA,NA,NA,NA,NA,NA,NA,NA,NA,NA,NA,NA
"1386","28155",0,6.38923392032348,0,0,2.99910157542646,0,0,0,6.2917520021514,4.79274840459176,1.67537158281799,0,3.2738382163006,0,0.891017788633849,0,0.978078582928185,0,0,1.58923986602804,0,0,0,0,4.21208353984883,7.2378897822698,0,0,0,1.93550537449114,0,0,2.55822362563857,0,0,0,3.556662853266,0,3.35892107316463,2.78481087575762,0,0,2.08333011181681,NA
"1387","28157",0,2.3705768629988,1.68417106865375,3.82334796054147,0.996337401304375,1.67055783590458,0.738153936370761,0,1.4473579292566,1.4739781502346,0.741287582392155,3.49392439336838,1.78106596679523,2.42652534164682,0,0.761895205644405,0.380766819697703,1.58839095239912,1.22540598714193,0.826080941759699,1.23288646043386,1.58587275768563,0,0.781716270922391,0.818332822978409,0,1.00162042043835,1.65273922233674,1.68843504355901,1.59648692833239,0.972798266484468,0,0.471328603246736,1.01057613098492,0,0,0,1.07522051795341,0,0,0,0,4.12902893043502,NA
"1388","28159",0,0,2.86085361663031,0,0,2.41549883563406,0,0,7.5039450197963,3.56352505401424,0,2.11571583120387,0,0.896421935417551,2.62896477382363,1.62384166431196,0,0.74279336132584,0,0.847538100767048,0.952874445376796,1.05878175569954,0,2.45893636918733,2.32332828996371,2.94701013575153,1.58088009760922,2.54304798126688,1.54950089997728,0,0.870333701407575,0.445163666190963,0.482414972666887,0,0,1.66764707039548,0.980047509487466,2.08835902025186,0,1.97452820720934,2.65890640365423,0,1.47319974588691,NA
"1389","28161",0,0,0,0,5.8621602337794,0,1.52512965334633,0,2.64185085048033,0,2.39043596490157,0,0,0,0,3.70832919749369,1.89429354997807,0,0,0,0,0,3.35481389952912,0,3.90178024376487,3.13287178845161,0,0,0,0,3.01079209832862,3.09808978574039,0,0,0,2.81150727720523,0,0,0,NA,NA,NA,NA,NA
"1390","28163",0,11.0886817491692,0,0,2.01498830113974,0,1.89418786236906,0,6.94217285341292,0,2.18449193483865,1.79573442550164,4.25706273485186,5.82339667895824,0.336597736398964,0,1.51750219471424,2.12500323617848,1.72720001213275,0.595097260494821,0.941914198433968,0.186847949249183,0,0.22991412650463,1.90643771813713,2.64672547932514,1.12073892948097,1.51078270481597,0.899335354706047,1.6381857252759,0,1.36316593849493,1.36700578188165,0.587084360017196,0.401994839810932,0.84669080765893,0.677735952048368,1.20571731126838,0.256363590603759,1.09669057931607,1.42420279220085,0.860183948824099,1.13863490941284,NA
"1391","29001",9.50379865884122,0,0,0,0,0,0,0,10.279691019091,6.96111399174092,9.88156117044402,0,4.84594514259588,0,0,0.76504202446701,0,0,0,0,0,0,6.2762011006702,0,0,0,0,0,0,0,0,0,0,0,0,0,0,0,0,0,0,0,0,NA
"1392","29003",0,0,0,0,0,0,0,0,0,0,0,0,0,0,0,41.900739498203,0,0,0,5.25744011603522,0,6.80245580757819,2.33980043842294,NA,NA,NA,NA,NA,NA,NA,NA,NA,NA,NA,NA,NA,NA,NA,NA,NA,NA,NA,NA,NA
"1393","29005",0,0,0,0,0,0,0,0,0,0,0,0,0,0,0,0,0,0,41.9271145325661,0,0,0,0,0,0,0,0,0,0,0,0,0,0,0,0,0,0,0,0,NA,NA,NA,NA,NA
"1394","29007",0,0,0,0,0,0,0,0,0,0,0,0,0,NA,NA,NA,NA,NA,NA,NA,NA,NA,NA,NA,NA,NA,NA,NA,NA,NA,NA,NA,NA,NA,NA,NA,NA,NA,NA,NA,NA,NA,NA,NA
"1395","29009",0,0,0,0,0,0,0,0,0,0,0,38.5206446780483,0,0,0,0,0,0,9.82329691103033,0,0,0,5.1110563385525,3.93599813177109,0,0,0,2.75612933636144,0,0,0,0,0,0,0,0,0,NA,NA,NA,NA,NA,NA,NA
"1396","29013",0,0,0,0,0,0,9.82330751988082,0,0,5.01853497278549,0,0,3.32143406536428,0,0,0,0,4.47245000489325,7.38825728030591,0,0,0,0,0,0,0,0,0,0,0,0,0,0,0,0,0,0,0,0,0,0,0,0,NA
"1397","29015",0,0,0,0,5.8621602337794,4.56895436484149,0,0,0,0,0,0,0,0,0,0,0,0,0,0,0,0,0,0,0,0,0,41.9273072620411,0,0,0,0,0,0,23.0745554639166,0,0,0,0,NA,NA,NA,NA,NA
"1398","29017",0,0,0,0,0,0,0,0,0,0,0,38.5206446780483,0,0,5.35446033612427,0,0,0,0,0,0,0,0,0,0,0,0,0,41.5302221110215,0,0,0,0,0,0,0,0,0,0,NA,NA,NA,NA,NA
"1399","29019",1.57696892038912,1.34878124721311,0.666699658043282,4.01120729327175,0,2.35336121945633,0.875987997809411,0.817386352438425,0.795047674697562,0.32405259822293,0.521446494942904,0,1.36969362568047,0,0.311713361908842,0.371531129889776,0,0.562744824533299,0,0.922174778192174,1.13832228260293,2.49768081000345,5.35069828978741,0,3.22313546370861,0.524050862692941,0,0,0.548686937027272,1.2863344417822,0.744837740153684,0.833984554267545,0.891041116423578,0,0,0,1.48964298286083,0,2.16493923997777,4.21566695606883,0,0,0,NA
"1400","29021",5.3593048205652,0,0,3.68147273666069,0,0,4.49916219383011,0,0,3.57829976980898,3.01785139564055,0,1.5032128295292,2.65621517590335,0,0,1.21524552285739,0,0,3.4809750360298,1.7130429902585,1.53918338421089,0.68130452110385,0.632279726579172,0.622969637953137,1.27614407488879,4.77180226035443,2.38455356933232,0,2.95040747672511,1.64281537877987,1.18193500778558,1.6799446136933,2.04145261931931,7.47765257498596,3.85312121388159,2.54677591220322,4.3987285033163,NA,NA,NA,NA,NA,NA
"1401","29023",0,0,5.35623193094833,0,0,8.61951573632287,0,0,6.69061569926617,2.80903587264045,0,1.81521093842535,0,0,2.94807394132252,0.588621646361692,0.589296489637655,0,0.654615642704703,0,0,2.20172668702898,0,0,1.66144798886551,0,0,0,0,0,5.21615019350171,0,0,NA,NA,NA,NA,NA,NA,NA,NA,NA,NA,NA
"1402","29025",0,0,0,0,0,0,0,0,0,0,0,0,0,0,41.8189999421519,0,0,0,0,0,0,0,0,0,0,34.1314925026404,0,0,0,0,0,0,0,NA,NA,NA,NA,NA,NA,NA,NA,NA,NA,NA
"1403","29027",9.50379865884122,0,0,2.83242606908575,6.43758473868771,2.92031732476624,4.83360360947014,0.677309023448908,1.61189715106245,0.467320382185229,0,0,0,0.757551412460005,0,0,1.94562220947315,2.25640414129975,0,0,0,0,0,0,6.4550491884905,0,0,0,0,0,0,0,0,0,0,37.6293453351936,0,0,0,2.80407213099807,0,0,NA,NA
"1404","29029",0,0,0,0,13.7433627509621,6.98794720782143,4.90527059460095,0.779168507983234,2.86573077932917,0.913058302348589,0,0.410913220172469,0.446176795072492,1.50156194563088,0,0,0.758746538275504,0.883384464609343,0,0,0,0,0,14.0101569295646,1.73733580205617,0,0,0.964096032999978,1.9288959301337,0,0,0,0,0,0,0,0,0,0,0,0,0,NA,NA
"1405","29031",0,4.48743349954009,0,0,8.36202574562295,1.45738857593376,0,0,0,0.601234741689315,0,3.60231382618776,0,0,2.93092790303153,2.57746169634262,1.44656039380877,0,1.21835141185968,0,0,2.27631304646053,1.59889291309627,0.79183244709028,0,0,0.906802531652301,2.92710402733958,1.87869789716485,0.852619086080504,0,2.98911597132544,0.681861082397898,0,0.677865322619819,0,0,0,0,0,NA,NA,NA,NA
"1406","29033",0,11.0886817491692,0,0,0,0,0,0,0,0,0,0,NA,NA,NA,NA,NA,NA,NA,NA,NA,NA,NA,NA,NA,NA,NA,NA,NA,NA,NA,NA,NA,NA,NA,NA,NA,NA,NA,NA,NA,NA,NA,NA
"1407","29035",0,6.38923392032348,0,0,5.59778787680967,0,0,0,0,2.64942415334412,0,0,0,0,0,0,0,0,0,0,0,0,0,0,0,0,0,0,0,0,0,0,0,0,0,0,0,0,0,NA,NA,NA,NA,NA
"1408","29037",0,0,1.95162457285785,0,0,0,0,1.6593001521696,8.57418222324709,3.56150866501344,3.09244610934068,0,0.487553450673191,0,2.01565428193218,0,0,0.704977297775398,0.81938515068556,5.75467151987088,1.97801419798152,2.51148145014631,1.17923755753192,0,0.659792184217348,1.02086473501606,1.07817835035415,0,0,0.512840956588838,0.616318801833611,0,0,3.48942482341243,0,0,3.69916811526923,0,1.05876139413959,1.02444490113613,0,0,0,NA
"1409","29039",0,0,0,0,0,0,0,9.69811235877959,0,2.06333240119119,0,0,0,0,0,0,0,0,0,0,0,0,0,0,0,0,0,0,0,0,0,0,0,0,0,NA,NA,NA,NA,NA,NA,NA,NA,NA
"1410","29041",0,0,9.4989667055933,2.83328513797813,0,0,0,0,0,0,0,0,0,0,0,0,0,0,0,0,0,0,0,0,0,0,0,41.9273077884232,0,0,0,0,0,0,0,0,0,0,NA,NA,NA,NA,NA,NA
"1411","29043",0,0,0,2.80455791705411,2.5082104064719,7.45252655112078,0,4.65453211140938,0,0,0,0,3.29013643280297,0,0.938210403593884,0,0,0,0,0,0,0,13.7142860402967,0,0,0,0,0,0,0,0,0,0,0,0,0,0,0,0,0,0,0,0,NA
"1412","29045",0,0,0,0,0,0,0,0,0,0,0,0,0,0,0,0,0,0,0,0,0,0,0,0,0,0,0,0,0,0,NA,NA,NA,NA,NA,NA,NA,NA,NA,NA,NA,NA,NA,NA
"1413","29047",0,0,5.35623193094833,4.76995972787719,0.842088457215015,0.682428040776772,1.21504028347307,1.68719198117947,2.54661846506766,0.901937620816361,0,3.52592344442819,0,1.6572001335766,0,0,0,2.22139457104435,1.92880339011065,0.955450225729173,1.34775058910136,0,0,0.480101998701366,1.6449187681987,0.613376855711717,0.672635283592459,1.41527573965939,1.40449707654442,0,0.710461764491789,0.751870875976376,1.59102917578342,1.60596477206182,0.78018340328259,0.759036100623477,0,0.817002900263542,1.7480341286656,2.60205828434552,0.798739572012392,2.8064867789693,NA,NA
"1414","29049",0,0,0,0,0,0,20.0668474081091,0,2.23359165481425,1.64927550395091,0,1.31289674207591,0,1.42111597754558,0,0,5.51134233209099,0,1.44658549290051,0,0,0,0,0,0,0,0,0,0,0,0,0,0,0,0,0,0,0,0,0,0,0,NA,NA
"1415","29051",6.85371719797014,0,1.28581212480016,2.09679969650831,1.79208160201972,5.02772273083059,0,3.59849289819694,0,0,0,0,1.53304385369257,0,2.28486744075841,0.805857242979903,0,2.39960009785816,0,0.780733297714204,0,0.923704638680964,1.03401908413305,0,3.66947340987461,1.13047720630676,1.98380814669866,1.69239482221379,0,0,0,0.96268067732776,2.24874261778892,1.19696953837125,0,0,0,0,2.03101808267959,0,5.24503538358155,2.16497253911142,0,NA
"1416","29053",0,0,0,0,0,7.2728236210439,0,0,0,0,0,0,0,0,0,27.450767645794,9.03570660675624,0,0,0,0,0,0,0,0,0,23.8883645822801,0,0,9.4561328261457,0,0,0,0,0,0,9.25239026820585,0,0,0,NA,NA,NA,NA
"1417","29055",0,0,0,0,5.8621602337794,0,4.26509821608114,0,0,5.40764272700958,0,0,0,0,2.64899062126887,0,0,3.47234109414009,0,0,0,0,0,6.10417720704562,5.10578908705019,0,0,0,0,0,4.62555673207279,0,0,0,0,NA,NA,NA,NA,NA,NA,NA,NA,NA
"1418","29059",0,0,0,5.25744058045737,0,0,0,0,0,0,0,0,0,0,0,0,0,0,0,0,0,0,0,0,0,0,0,0,NA,NA,NA,NA,NA,NA,NA,NA,NA,NA,NA,NA,NA,NA,NA,NA
"1419","29061",0,0,0,0,0,0,0,0,0,0,0,0,0,0,41.7112502165461,0,0,NA,NA,NA,NA,NA,NA,NA,NA,NA,NA,NA,NA,NA,NA,NA,NA,NA,NA,NA,NA,NA,NA,NA,NA,NA,NA,NA
"1420","29063",0,0,0,0,0,0,0,14.0040270250776,7.62821650343069,0,0,0,0,0,0,0,0,0,0,0,0,0,0,0,0,0,0,0,0,0,0,0,0,NA,NA,NA,NA,NA,NA,NA,NA,NA,NA,NA
"1421","29069",0,0,0,5.25744058045737,3.96894916870393,0,0,6.69175235745607,0,0,0,0,1.85800218912482,0,2.4484039047107,0,2.4793952696825,0,5.98984517179193,1.51080965870195,1.20051720028336,1.99698610981475,0,0.856240824187454,0.871696419030481,0,1.03950675112267,0,0,0,0,0,0,0,10.9638154191377,0,0,5.17774389860624,0,0,3.32679953737987,2.86048926749069,0,NA
"1422","29071",3.73187737416727,0,2.98995263637046,1.17854146591016,0,5.5089365729254,2.13854276116389,1.67402951375907,0,2.13947466059095,0,3.44801063488476,0.690036047911687,0,5.98748981059807,2.56111618950199,2.37628530583608,0,0.11700352732407,0.360146322598169,0,0.334082844118615,0.436473634351945,1.1482597343872,1.05610005339123,0.394837065226778,1.24532171402642,1.24264926007592,0,0.438477486816042,0,0,0,3.89151769202195,2.02496437771235,1.79480731533298,0,3.37236842070703,1.69111331606895,1.4414050071456,NA,NA,NA,NA
"1423","29073",0,0,5.35623193094833,0,0,0,0,0,0,0,0,0,0,0,0,0,0,0,0,0,0,0,0,0,0,0,0,0,0,41.9273077940304,0,0,0,NA,NA,NA,NA,NA,NA,NA,NA,NA,NA,NA
"1424","29075",0,0,0,0,0,0,0,0,0,0,0,0,0,0,0,0,0,0,0,0,0,0,0,0,0,0,0,0,0,NA,NA,NA,NA,NA,NA,NA,NA,NA,NA,NA,NA,NA,NA,NA
"1425","29077",7.13806130389886,1.02884977234446,1.42082930779794,0.581057674739379,1.58143229987789,2.4155908461452,1.08967350495296,0.405974601408216,0,0.647108124432383,0.720694130933397,0,3.13822822412226,0,1.59443700163732,0.914918820944857,0,0.628460942804862,0.685448100492023,0.38610541990155,0.884393435079848,0,0.59374850621049,0,0.846351686705915,5.36720894780045,0.773764578173906,1.31100021973849,0,1.12414662471292,0,0,0.775191156811078,0,0,0,0,5.99559221522695,2.70562142406673,0,1.84253619337383,0,3.05637742330485,NA
"1426","29081",0,6.38923392032348,0,0,0,3.29105432191909,3.03118701327508,0,0,4.57639528254859,0,0,0,0,0,0,0,0,0,0,0,0,0,0,0,0,0,0,0,0,0,0,0,0,NA,NA,NA,NA,NA,NA,NA,NA,NA,NA
"1427","29083",0,0,0,0,0,0,0,0,0,0,0,0,0,0,41.8189999421519,0,0,0,0,10.2861398280146,0,0,2.5182367627523,0,2.16194823924434,0,0,0,0,0,0,0,0,0,32.001333226901,0,0,0,0,0,0,0,0,NA
"1428","29087",0,0,0,0,0,0,0,0,0,0,0,0,0,0,0,0,0,0,NA,NA,NA,NA,NA,NA,NA,NA,NA,NA,NA,NA,NA,NA,NA,NA,NA,NA,NA,NA,NA,NA,NA,NA,NA,NA
"1429","29089",0,0,0,0,0,7.2728236210439,0,0,0,0,0,0,0,0,0,0,0,0,0,0,0,0,0,0,0,0,0,NA,NA,NA,NA,NA,NA,NA,NA,NA,NA,NA,NA,NA,NA,NA,NA,NA
"1430","29091",0,0,0,0,13.7433627509621,0,0,0,0,0,0,0,0,9.83390278679418,0,0,0,0,0,0,0,0,0,0,0,0,0,0,0,0,0,0,NA,NA,NA,NA,NA,NA,NA,NA,NA,NA,NA,NA
"1431","29093",0,0,0,0,0,0,0,14.0040270250776,0,0,0,0,0,0,0,0,0,0,0,0,0,0,0,NA,NA,NA,NA,NA,NA,NA,NA,NA,NA,NA,NA,NA,NA,NA,NA,NA,NA,NA,NA,NA
"1432","29095",10.3971782329245,2.11748259256997,6.5731643532785,3.73789324097283,1.69005935379809,1.48360089412203,0.631762719202788,0,1.46407731465993,0.72554462403901,0.937906989695762,0,3.12464957032533,0,3.39609410694656,1.59217562723136,0,0.908915053997079,2.92226960801916,0,0.42164881109327,1.13404046737016,0.948309017568911,0.29322834601957,2.13970633409132,0.908390529675196,0.655373291406943,0.360365787219711,0.127458512312458,1.26525106295112,0.774192640015133,1.09165686445795,1.22449789907818,0.964099301965559,0.610393352162183,0.620314829757338,1.0109389633944,0.863545558523635,2.41487755184565,2.8745687351704,1.39001119352061,0.755730791775901,2.74148895405647,NA
"1433","29097",0,0,5.35623193094833,0,0,6.16909632661256,4.39806067150072,0,1.32557515112691,0,0,2.63402590483552,2.58638376837884,0,2.21877816707023,1.95234483606059,0,0.849846734102319,3.23460868557404,1.43844006673563,0,4.09125019459346,0.979221005986322,0,0.427775032428638,0,0,0,0,1.41045981480837,1.94062542957927,0,0,0,0,0,0,0,0,0,23.8785685577329,0,0,NA
"1434","29099",2.86260695800588,6.83738027242493,3.81633261387701,1.02767725286595,0,0.394241369306518,4.4706605881931,2.49788345702342,2.23718947763404,0,3.84490578306343,0,1.60763053402576,1.35824062860493,0.118494255649963,0.244355066364221,1.56585305227782,1.36047501337793,0.962639395227009,0.686938133307503,1.36277984731549,0,2.22037800566709,3.08685826234221,0.451035838852942,3.01395690209736,0.660795977559594,0.673277657169438,0.507632827831065,0.450506831211509,0.574094010002099,0.187132558197569,0.55324129727179,1.04574156340257,0.151384553846168,1.03508518151812,0.1922778368286,0.645576619865897,0.483895048786346,1.60744175963757,1.39638192362294,NA,NA,NA
"1435","29101",0,0,5.35623193094833,15.3519071714461,0,0.912141871778751,0.75380078311258,0,5.88198959790766,0,3.18950073696621,0,1.04986646633127,0,1.08493512143807,0.394164314973894,0,1.05454371971954,0.610262309643863,3.25197359070102,0,4.39667243628564,0,0,0,1.37914980245634,0,0,1.52196009911099,1.71988409061037,0,0,1.03768773442651,0,0,1.64080763145819,0,0,0,3.28024663824857,5.90555826841288,4.09546312679464,0,NA
"1436","29107",0,6.38923392032348,0,5.76834489338417,0,0,15.1085781315663,1.25044431023386,0.433183174046416,0,0,2.25903374037497,0,0.885547945748731,0,0,0,0.861527970743907,0,0,0,0,0,5.70077543464135,0,0,4.66419554983948,0,0,0,9.47590762339738,0,0,3.19096104393335,0,0,1.42089824309022,1.47612622256011,1.4788614316499,1.41566159933261,3.71011060521394,2.89635745886527,NA,NA
"1437","29111",0,19.8478462045306,0,0,0,0,0,0,0,0,0,0,0,NA,NA,NA,NA,NA,NA,NA,NA,NA,NA,NA,NA,NA,NA,NA,NA,NA,NA,NA,NA,NA,NA,NA,NA,NA,NA,NA,NA,NA,NA,NA
"1438","29113",9.50379865884122,0,0,7.48585479866243,3.30631500947652,3.36073237452662,1.61645484081414,0,2.35902559005051,0,1.0926474750728,3.16160224188495,0,0.471384079223702,0.479825469236661,0,0,0,6.36282126203267,1.61439620084309,0,0,0,0,13.0211225545597,1.17082271190783,0,0,0.479650008995442,1.76165587067568,0.269451251559785,0,0.692380177765655,0.400922563358896,0,0,0,0,5.47854413603798,NA,NA,NA,NA,NA
"1439","29115",5.3593048205652,0,0,0,0,0,3.40838618285832,3.59345850593664,0,0,0,0,0,0,0,0,0,0,0,0,0,0,0,0,0,0,0,0,NA,NA,NA,NA,NA,NA,NA,NA,NA,NA,NA,NA,NA,NA,NA,NA
"1440","29117",0,0,0,0,0,0,0,0,0,0,0,0,0,0,41.8189999421519,0,0,0,0,0,0,0,0,0,0,0,0,0,0,0,0,0,0,0,0,NA,NA,NA,NA,NA,NA,NA,NA,NA
"1441","29119",0,0,0,0,5.8621602337794,0,0,0,0,0,0,9.62389731246907,0,0,0,5.11066130683489,0,0,3.77542024136791,0,0,0,0,0,0,0,0,0,26.9207921274945,0,0,0,0,0,0,0,0,0,0,0,NA,NA,NA,NA
"1442","29121",15.495240879053,0,0,0,0,0,0,0,0,0,0,0,0,0,0,0,0,0,0,0,0,0,0,0,0,0,0,0,0,0,0,0,0,0,0,NA,NA,NA,NA,NA,NA,NA,NA,NA
"1443","29123",0,0,0,0,0,0,0,0,0,0,0,0,0,0,0,0,0,0,0,0,0,0,0,0,0,0,0,0,NA,NA,NA,NA,NA,NA,NA,NA,NA,NA,NA,NA,NA,NA,NA,NA
"1444","29125",0,0,5.35623193094833,0,0,0,0,0,0,0,0,0,0,0,0,0,0,0,0,0,0,0,0,0,0,0,0,0,0,0,0,0,0,0,0,0,NA,NA,NA,NA,NA,NA,NA,NA
"1445","29127",3.73187737416727,0,0,0,1.58626687368307,0,0,0,0,0,0,0,0,NA,NA,NA,NA,NA,NA,NA,NA,NA,NA,NA,NA,NA,NA,NA,NA,NA,NA,NA,NA,NA,NA,NA,NA,NA,NA,NA,NA,NA,NA,NA
"1446","29131",0,0,0,0,0,0,0,0,0,0,0,0,0,0,41.8189999421519,0,0,NA,NA,NA,NA,NA,NA,NA,NA,NA,NA,NA,NA,NA,NA,NA,NA,NA,NA,NA,NA,NA,NA,NA,NA,NA,NA,NA
"1447","29133",15.495240879053,0,22.0948416820016,0,0,0,0,1.82856955354851,0,0,0,0,NA,NA,NA,NA,NA,NA,NA,NA,NA,NA,NA,NA,NA,NA,NA,NA,NA,NA,NA,NA,NA,NA,NA,NA,NA,NA,NA,NA,NA,NA,NA,NA
"1448","29135",0,6.38923392032348,0,0,2.99910157542646,2.5958904118804,0,0,0,0,0,0,0,16.1990480908036,0,0,0,0,0,0,0,0,0,37.0485231541847,8.44581041868489,8.33098875849687,0.813510037965187,0,2.39775275413901,0.918100379966837,0,0,0,0,0,0,0,0,0,0,0,0,NA,NA
"1449","29139",9.50379865884122,4.20373720110854,0,0,0,0,0,0,0,14.9596554206937,0,3.23315250342203,0,0,0,2.39347244047263,0,0,0,0,0,0,9.19926578483719,0,0,0,0,0,0,0,0,0,0,0,0,0,0,0,0,0,NA,NA,NA,NA
"1450","29141",0,0,0,0,0,0,0,0,0,0,0,0,0,0,0,0,41.9215156064661,0,0,0,0,0,7.27282361950537,0,0,0,0,0,0,0,0,20.0868826652461,8.48902674718261,0,0,NA,NA,NA,NA,NA,NA,NA,NA,NA
"1451","29143",0,0,0,5.25744058045737,10.0114307946397,0,0,1.37682887537256,0,2.67816951965216,0,0,0,0,0,0,4.70194489101284,0,0,0,0,0,0,0,0,0,0,0,0,40.6837780351361,0,6.38671323058526,NA,NA,NA,NA,NA,NA,NA,NA,NA,NA,NA,NA
"1452","29145",15.495240879053,0,2.21227495849444,0,0,1.68402521108386,0,1.97355010820673,0,0,0,0,0,0,0,11.7870863739521,7.31003848753721,0,0,2.8137958278034,0,0,0,0,0,0,8.34659075030199,0,0,0,0,0,0,0,0,0,0,0,0,0,NA,NA,NA,NA
"1453","29147",0,6.38923392032348,0,0,0,0,0,0,0,0,18.1259203952684,0,0,0,0,0,0,0,0,0,0,0,0,0,0,0,0,0,41.9261852895764,0,0,NA,NA,NA,NA,NA,NA,NA,NA,NA,NA,NA,NA,NA
"1454","29149",0,0,0,0,0,0,0,0,0,0,0,0,0,0,0,0,0,0,0,0,0,0,0,0,41.9273077936325,0,0,NA,NA,NA,NA,NA,NA,NA,NA,NA,NA,NA,NA,NA,NA,NA,NA,NA
"1455","29151",0,6.38923392032348,0,0,0,0,4.02360274335763,3.75339185483918,0,0,0,0,0,0,0,0,0,0,0,0,0,41.429579662837,0,0,0,0,0,0,0,0,0,0,0,0,0,NA,NA,NA,NA,NA,NA,NA,NA,NA
"1456","29155",0,0,0,0,0,7.2728236210439,0,0,4.70434220762983,0,0,0,0,0,0,8.74303513963342,0,0,0,14.9571039473963,0,0,3.74476296745507,0,0.966497575521747,0.942578453161486,0,0,4.59895717902212,1.05625321187137,0,0,0,1.15231707212933,2.57929611833308,4.78181028664331,2.72324403846617,2.63802991756964,0,0,3.55965351788835,NA,NA,NA
"1457","29157",9.50379865884122,0,5.82730717907272,3.70613607561823,1.30717771660697,0,4.53754013392548,1.460827618744,2.3781146537821,0.500687356678459,0,1.39252979858612,0,3.03910184746843,0,1.47950508483645,0,0,1.69272374043649,0.612032257609361,0.664362067895035,1.4084111745401,0,2.25363796458253,0,0,0,0,0,0,0,4.96422052399627,0,8.95204897565456,0,0,3.82802640081221,0,0,0,0,0,NA,NA
"1458","29159",0,0,0,0,0,0,0,14.0040270250776,0,0,5.20437410910821,0,0,3.32700605417445,0,0,0,0,0,19.1657626577513,3.66439408854111,3.15512149984025,0,0,0.631131905693804,4.34439512228361,0,4.40961533957206,0,0.711710010821257,0,1.43341366645534,1.12750551760422,0.396537282928984,0.426220036885366,2.23531199554407,0.882892765175277,2.08939756336386,NA,NA,NA,NA,NA,NA
"1459","29161",0,0,0,0,0,0,0,0,0,0,0,0,0,0,0,0,0,0,0,0,41.9273037904936,0,0,0,0,0,0,0,0,NA,NA,NA,NA,NA,NA,NA,NA,NA,NA,NA,NA,NA,NA,NA
"1460","29163",0,0,0,5.25744058045737,0,0,0,7.64483179363838,0,0,2.309780481051,2.05086454093771,0,0,0,0,0,0,0,0,0,0,0,0,0,41.4274165330893,9.49683858027934,4.203411149056,0,2.05881007451418,1.72069828240107,0,0,0,0,NA,NA,NA,NA,NA,NA,NA,NA,NA
"1461","29165",9.50379865884122,0,8.17299498612728,0,1.36067594803474,0,1.18039225373129,2.33201082178232,3.16561958638393,0.896742933371311,0,0.776626134138588,0,2.58802401789338,0,0.939512089996595,0.972549324335449,5.32616151064323,0,0,0,0.693282421858296,0,0.995872636832076,0,0,0,0,0,0,7.55627799970342,10.4921128721537,2.84931102634957,0,0,0,1.67191933896486,0,0,4.88402283815505,0,0,NA,NA
"1462","29167",0,0,0,0,0,0,0,0,0,0,0,0,0,0,0,0,0,0,0,0,0,0,0,0,0,0,0,NA,NA,NA,NA,NA,NA,NA,NA,NA,NA,NA,NA,NA,NA,NA,NA,NA
"1463","29169",0,14.6904074042041,0,0,0,1.57092994155016,0,3.51578226840314,0,1.63728773972323,0,0,3.33868297710475,0,1.61309515941446,1.53155673088023,0,0,0,0,0,0,5.70328274201673,15.3049812299017,3.64586694543119,6.71347757222185,2.27780526923563,0.818787617788063,0,0,0,0,1.90305488720413,0,0,0,0,1.8933819905683,0,4.72698222589836,0,0,0,NA
"1464","29173",0,0,0,0,0,0,0,0,0,0,0,0,0,0,0,0,0,0,0,0,0,0,0,0,0,0,0,0,0,0,0,0,0,0,0,0,0,0,0,0,NA,NA,NA,NA
"1465","29175",0,0,0,0,0,0,9.82330751988082,0,0,0,17.1787369545032,0,0,0,0,0,1.65383867208402,0,0,0,0,0,0,0,0,0,0,0,0,0,0,0,0,0,0,0,0,0,0,0,0,NA,NA,NA
"1466","29177",0,0,0,0,0,0,0,20.9954278164577,0,3.31412581108219,6.1975076144039,0,0,0,0,0,0,0,0,0,0,0,0,0,0,0,41.8986823713874,0,0,1.95162325055429,0,1.67583454303945,0,0,0,0,0,0,NA,NA,NA,NA,NA,NA
"1467","29179",0,0,0,0,0,0,0,0,0,0,0,0,0,0,0,0,0,0,0,0,0,0,0,0,0,0,0,0,0,0,0,0,0,0,0,NA,NA,NA,NA,NA,NA,NA,NA,NA
"1468","29181",0,0,0,0,0,0,0,0,0,0,0,35.6259752547784,0,0,0,0,0,0,0,14.004020434858,0,0,0,5.1997775052443,0,0,3.77774631342042,0,0,0,0,0,0,0,0,0,NA,NA,NA,NA,NA,NA,NA,NA
"1469","29183",3.73187737416727,6.959415109981,3.83844136080646,6.65094178920766,2.70649700729299,1.20000288470833,1.16160189308674,2.15846687139439,2.14010427172063,2.62467941540434,1.19020532622028,0,3.67603061961248,0,2.38405752743644,2.72074723099314,1.57286054111014,0.48166626971594,1.54019869328908,0.794109034409292,0.612681398183256,0.492201319008107,0.152774524883812,0.694093912983058,0.799091366182537,0.572264081758607,0.775353168248147,0.359189033551978,1.18101972548855,0.920144789582412,0.440137198400075,1.2016691696259,2.65000645075801,0.67871412560327,0.162001224008975,3.49494925504774,0,1.54537880210774,0,0,1.23263385007925,0,0.391481229153218,NA
"1470","29185",0,0,0,0,0,0,0,0,0,0,0,0,0,0,0,0,0,0,0,0,0,0,0,0,NA,NA,NA,NA,NA,NA,NA,NA,NA,NA,NA,NA,NA,NA,NA,NA,NA,NA,NA,NA
"1471","29186",5.3593048205652,0,0,5.28996360881638,0,0,0,0,0,0,0,5.67573160402355,0,0,0,0,0,0,0,0,0,0,0,0,0,0,0,0,0,0,41.9271145325604,0,0,5.35623192310063,NA,NA,NA,NA,NA,NA,NA,NA,NA,NA
"1472","29187",9.50379865884122,0,0,5.30637648407709,0,0,0,3.95320692619295,1.80671966038355,4.38611566774753,0,4.48240698545097,0.697519829832843,1.18233996034323,1.06480849017649,0,0.540680733296382,0,0.720836393268465,1.7009648614119,0,0,0,0,1.92120240287212,0,0,0,0,0,11.4536798754321,0,0,5.00271636613044,0,0,0,0,0,0,0,0,NA,NA
"1473","29189",16.144911478386,4.14308188492763,2.22530250403197,2.33602981695403,2.92633218687204,2.01778767506128,0.584784874310479,0.694423051183609,2.70800815421932,2.14264317682621,1.7373079211561,0,2.03618904201913,0,2.13112207256357,2.01657275450363,0,1.07118973220093,2.04853749441171,0.695459144971051,0.63101900696865,0.887965784614425,1.25586692501348,0,1.8658238159882,0.672498470738841,0.828048008083197,0.811520287812918,0.628639937539214,0.734422865158589,1.12404133271687,1.09982767087627,1.80573336256389,0.858980582564842,1.18610464869658,0.949052358378141,0.768895672381931,1.09011794200514,0.880351799518457,1.36420793524928,1.13972061019655,0.913620743956588,0.976453864935334,NA
"1474","29195",0,3.45810439938785,4.39785546073277,0,2.59961823887986,9.6116442530607,2.11512243769461,0,0.329432736823852,3.55984554358001,0,3.81143848188159,0.407388763848279,1.27378845360459,0.676206225175484,0.499246083445561,0.860250502071099,4.03489135462763,3.72121348979756,1.97744220252048,0.0839597556243958,1.41336805698718,0.421824784136401,0.144500796740698,1.40667780484727,0,0.392583894645269,0.344008835622504,0.544652397983014,0.806337922668811,NA,NA,NA,NA,NA,NA,NA,NA,NA,NA,NA,NA,NA,NA
"1475","29199",0,0,5.35623193094833,3.68219830428101,0,0,0,0,3.22472345403356,0,0,0,0,0,0,0,0,0,0,0,0,0,0,0,0,0,0,NA,NA,NA,NA,NA,NA,NA,NA,NA,NA,NA,NA,NA,NA,NA,NA,NA
"1476","29201",0,0,0,0,0,12.3954918704862,0,5.54656087363054,1.8581912454036,0,0,0,1.56176558192833,0,5.70817350761367,0,1.43186019319149,0,2.44500207024335,1.13933240653241,1.07631964072151,7.74497625167535,0.604725841512404,0.48008632555337,5.62812526122752,0.286013120794133,1.66908854290409,0.424310342785549,0,0.223896781932076,1.76286773965038,0,0.324000912402442,0,0.457606114567914,0,0.727458960689819,0.921891567980231,1.10311171180148,6.32360404033102,4.44079332926634,0,0,NA
"1477","29205",0,0,0,0,0,0,0,0,0,0,0,0,0,0,0,0,0,0,0,0,0,0,0,0,0,0,0,0,0,0,0,0,0,0,0,0,0,0,0,0,NA,NA,NA,NA
"1478","29207",0,0,5.35623193094833,0,3.29763030713821,0,0,0,9.96816260855403,0,0,1.28013174017313,0,0,1.52433933124567,0,0,4.66774289863704,2.07733169318628,0,1.58684818697467,2.78527753532126,1.20050360993284,2.08441539616204,0,0.900724222945247,0,0,0,0,0,0,0,0,0,23.8793622088802,0,0,5.33124878155681,NA,NA,NA,NA,NA
"1479","29209",0,6.38923392032348,0,0,0,0,4.02360274335763,0,0,0,4.51415447023904,0,0,0,0,0,0,0,0,0,0,0,0,0,0,0,0,0,0,0,0,0,0,0,0,NA,NA,NA,NA,NA,NA,NA,NA,NA
"1480","29213",0,0,0,0,5.8621602337794,0,0,0,0,0,0,19.7876630610883,0,4.23921945938391,0,0,0,0,0,0,3.88537813954125,0,0,0,0,5.6987058645314,0,0,0,0,5.45984369059093,0,0,0,0,5.45820905990937,0,0,0,4.62315213360619,0,0,NA,NA
"1481","29215",0,0,0,0,0,0,0,0,0,NA,NA,NA,NA,NA,NA,NA,NA,NA,NA,NA,NA,NA,NA,NA,NA,NA,NA,NA,NA,NA,NA,NA,NA,NA,NA,NA,NA,NA,NA,NA,NA,NA,NA,NA
"1482","29217",0,0,0,0,0,2.74128121753565,0,0,0,0,0,0,0,0,0,0,0,0,0,0,0,0,0,0,NA,NA,NA,NA,NA,NA,NA,NA,NA,NA,NA,NA,NA,NA,NA,NA,NA,NA,NA,NA
"1483","29219",0,8.90531749049252,1.68447475819589,1.19628649232465,0,0,0,2.50988651564077,2.64406750214661,2.39475086148988,0,0,0,0,5.11554240591468,0,0,0,1.28679504111071,3.84555275601242,1.1470655412967,0,0,0,0,0,0,0,0,0,0,0,0,0,0,0,NA,NA,NA,NA,NA,NA,NA,NA
"1484","29221",0,0,0,0,0,0,15.9172924009947,4.27079228494539,0,0,1.90527834448459,1.76318409220775,0,1.69742160952312,1.64595875671234,0,0,0,0,0,0,0,0,0,23.3537429334325,NA,NA,NA,NA,NA,NA,NA,NA,NA,NA,NA,NA,NA,NA,NA,NA,NA,NA,NA
"1485","29225",0,0,0,2.80455791705411,0,0,0,0,0,0,8.8735861898722,0,0,5.00723944029066,0,0,3.32136135766127,5.35329563821627,0,3.24987718828746,0,3.45093625149692,0,0,0,0,0,0,5.77442813082504,0,0,0,0,0,NA,NA,NA,NA,NA,NA,NA,NA,NA,NA
"1486","29227",0,0,0,0,0,0,0,0,0,0,0,0,0,0,0,0,0,0,0,0,0,0,0,0,0,0,0,0,NA,NA,NA,NA,NA,NA,NA,NA,NA,NA,NA,NA,NA,NA,NA,NA
"1487","29229",0,11.0886817491692,2.86173001875628,0,0,3.0445653324453,0,0,0,1.84437965941827,0,0,0,0,0,0,8.84598793908861,6.3657949489616,0,0,0,0,0,0,0,0,0,0,0,0,0,0,41.7925686389595,0,0,0,0,0,NA,NA,NA,NA,NA,NA
"1488","29510",5.3593048205652,4.15739338401827,6.09823803659684,4.27778787710974,0.35320590397201,2.14351577550044,0.558984170572141,0,3.55737809349683,2.90342920291666,2.28798568341899,0,2.21064046429096,1.05723629789934,0.953473436572503,2.42436989222089,0.966656316719416,0.945872390347863,1.20105539588855,0.661970882547276,1.15810107704767,1.19982447858399,0.18336486107497,0.412104059009302,0.532410108990136,0.689679598031154,1.40625986989016,0.825777260736205,1.04138130723564,0.863243363274316,0.977041997826041,2.12132354349457,1.16249159973182,0.612933776471353,0.569401918505118,0.963593478854294,1.21870487218084,0.742770333461179,0.663768831820201,0.185123717259978,2.22570041166524,3.54776461101723,1.29734941330593,NA
"1489","30001",0,0,0,0,0,0,0,0,0,0,0,0,0,0,0,0,0,0,0,0,0,0,0,0,0,0,0,0,0,0,NA,NA,NA,NA,NA,NA,NA,NA,NA,NA,NA,NA,NA,NA
"1490","30003",0,0,0,5.25744058045737,0,3.70150115844827,0,0,0,0,0,0,0,0,0,0,0,0,0,0,0,0,0,0,NA,NA,NA,NA,NA,NA,NA,NA,NA,NA,NA,NA,NA,NA,NA,NA,NA,NA,NA,NA
"1491","30007",0,0,5.35623193094833,0,0,0,3.72919312407338,0,0,0,0,0,6.63173561136224,0,0,0,0,0,0,0,0,0,0,0,0,0,0,0,0,0,0,0,0,0,0,0,0,0,0,0,0,0,0,NA
"1492","30009",0,0,0,0,5.8621602337794,4.56895436484149,0,7.23554567657487,0,0,0,0,0,0,0,0,0,0,0,0,0,0,0,0,0,0,0,0,0,0,0,0,NA,NA,NA,NA,NA,NA,NA,NA,NA,NA,NA,NA
"1493","30013",0,0,0,3.6578514887877,1.59541620112089,1.40550474061288,0,0,2.67383949204144,0,2.68223262233863,0,0,0,0,0,0,4.25933150989467,0,4.55647868419171,0,0,0,0,0,0,0,0,0,0,0,0,0,41.5098318438188,0,0,5.35613423608189,0,0,0,0,0,6.12109975272667,NA
"1494","30023",9.50379865884122,4.20373720110854,0,0,0,0,0,0,0,0,14.7639527189584,0,0,0,0,0,0,0,0,0,0,0,0,0,0,0,0,0,0,0,0,0,0,0,0,0,NA,NA,NA,NA,NA,NA,NA,NA
"1495","30027",0,0,0,0,NA,NA,NA,NA,NA,NA,NA,NA,NA,NA,NA,NA,NA,NA,NA,NA,NA,NA,NA,NA,NA,NA,NA,NA,NA,NA,NA,NA,NA,NA,NA,NA,NA,NA,NA,NA,NA,NA,NA,NA
"1496","30029",0,6.38923392032348,1.95203238713263,0,1.2891946516952,0,1.29494351024675,2.62790169683986,2.40747484114794,2.977996972966,3.02862289345317,0,1.06428474381878,1.95761683817676,0.461406570503687,2.61752778572361,0,1.18723996316961,0,0,0,1.26689433979683,0,0.993811726336737,0,0,0,0,0,0,0,0,0,0,0,0,0,0,0,0,0,0,0,NA
"1497","30031",0,4.08238344928055,3.46694926655773,4.06456084643157,0.214189268073369,1.26285628896948,1.91721932079249,1.29628797203231,0.934904988593819,0.259663648991821,2.184819656669,0,1.03673892564179,1.19280779296069,0.808865242103163,0.278986461460451,0.300303024542662,1.31881861147461,1.06348197659538,0.18899036070517,0.613406576493531,0,0,0.328442069202247,0.842968643763295,0.538580961383739,0,0.827980030446694,0,2.23210289638027,0,1.25401852833796,0,0,0,0,0,0,0,0,0,0,0,NA
"1498","30035",0,0,0,0,5.8621602337794,4.56895436484149,0,0,0,2.86119495157357,0,0,0,0,0,0,0,0,0,0,0,0,41.2928582843083,0,0,0,0,0,0,0,0,NA,NA,NA,NA,NA,NA,NA,NA,NA,NA,NA,NA,NA
"1499","30037",0,0,0,0,0,12.3954918704862,0,0,0,0,0,0,0,0,0,0,0,0,0,0,0,0,0,NA,NA,NA,NA,NA,NA,NA,NA,NA,NA,NA,NA,NA,NA,NA,NA,NA,NA,NA,NA,NA
"1500","30041",0,0,0,0,0,0,0,0,0,0,0,0,0,0,0,0,0,0,0,0,0,0,0,0,0,0,0,0,0,0,0,0,0,0,0,0,0,0,0,0,NA,NA,NA,NA
"1501","30043",0,0,5.35623193094833,0,0,0,0,0,0,0,0,0,0,0,0,0,0,0,0,0,0,0,0,0,0,0,0,0,0,0,0,0,0,0,0,0,0,0,0,0,NA,NA,NA,NA
"1502","30047",0,6.38923392032348,3.73038711983005,0,2.14548227446624,0,0,0,0,0,4.62162279636412,0,4.4881273855566,0,0,0,0,0,0,0,0,0,0,0,0,0,0,0,0,0,0,0,0,0,0,0,0,0,NA,NA,NA,NA,NA,NA
"1503","30049",0,0,0,3.6578514887877,4.44775687780933,1.14386539991209,0.940957320366386,0.832078485297529,0.786855333255474,1.54306027359699,0,0,0,1.18222413658273,0,1.75946626883175,1.9113178402575,0,0,0,0,0,0,0,0,0,0,0,0,0,0,0,0,0,0,0,0,0,0,0,0,0,0,NA
"1504","30051",0,0,0,0,0,0,0,0,0,0,0,0,0,0,0,0,0,0,0,0,0,0,0,0,0,0,0,0,0,0,0,0,0,NA,NA,NA,NA,NA,NA,NA,NA,NA,NA,NA
"1505","30053",0,11.0886817491692,0,2.19523746182565,1.73114885314368,0,1.44764236119434,0,0,0,2.27794655570447,0,0,0,0,0,0,0,0,0,0,0,0,0,0,0,0,0,0,0,0,0,0,0,0,0,0,0,0,NA,NA,NA,NA,NA
"1506","30057",0,0,5.35623193094833,0,0,3.32949567636171,2.86102729495087,0,4.14310078666224,0,0,0,0,6.04595537131527,0,0,0,0,0,0,0,0,0,0,0,0,0,0,0,0,0,0,0,0,0,0,0,0,0,0,0,0,0,NA
"1507","30059",0,0,0,0,0,0,0,0,0,0,0,0,0,0,0,0,0,0,0,0,0,0,0,0,0,0,0,0,0,0,0,0,0,0,0,0,0,0,0,NA,NA,NA,NA,NA
"1508","30063",0,6.38923392032348,0,1.08588751450674,0.967147697865029,0.927735752117237,1.82044908194546,0.883336762553952,1.6923448511009,0,2.37206074074614,0,0.770127909970477,0.800147157081558,1.65643414946455,2.40762303791701,0.736363599069715,0.687687478924891,0,2.07817479537258,0.697673281629951,0,0,0,3.28003939342475,1.13548353513641,1.09806152588371,2.93875434505864,0,0,0.835767153211861,0,0,0,0,0,0,0,0,0,0,0,0,NA
"1509","30065",0,0,0,0,0,0,0,0,0,0,0,0,0,0,0,41.914019435866,0,0,0,0,0,0,0,0,0,0,0,0,0,0,0,0,0,0,NA,NA,NA,NA,NA,NA,NA,NA,NA,NA
"1510","30067",0,6.38923392032348,0,3.09723040497987,0,6.19555546470004,0,0,0,0,0,2.34179762133448,0,0,0,0,0,0,0,0,0,0,0,0,0,0,0,0,0,0,0,0,0,41.9273073131731,0,0,0,0,NA,NA,NA,NA,NA,NA
"1511","30073",0,0,0,5.25744058045737,0,0,0,0,0,0,0,0,0,0,0,0,0,0,0,NA,NA,NA,NA,NA,NA,NA,NA,NA,NA,NA,NA,NA,NA,NA,NA,NA,NA,NA,NA,NA,NA,NA,NA,NA
"1512","30081",0,0,0,0,0,0,0,0,0,0,0,0,40.6838341098687,0,0,0,5.25734949482317,0,0,0,0,9.0782185322738,0,0,0,0,0,0,0,0,0,0,0,0,0,0,0,0,0,0,0,0,0,NA
"1513","30083",0,0,2.86085361663031,0,0,0,0,0,0,0,0,0,0,0,0,0,0,0,0,0,0,0,0,0,0,0,NA,NA,NA,NA,NA,NA,NA,NA,NA,NA,NA,NA,NA,NA,NA,NA,NA,NA
"1514","30085",0,0,0,0,0,0,0,0,0,0,0,0,0,0,0,0,41.9215156064661,0,0,5.3562314489085,0,0,0,3.72919312403533,0,6.25229337529759,0,0,0,2.06824497115643,0,0,0,0,0,0,0,0,0,0,0,0,0,NA
"1515","30093",0,0,5.35623193094833,1.92565806162216,4.21515731883318,0,0.93171177238455,0,0.924767764065342,0,1.17956676380096,0,0,0,0,0,0,0,0,0,0,0,0,0,0,0,0,0,0,0,0,0,0,0,0,0,0,0,0,0,0,0,0,NA
"1516","30095",0,0,0,0,0,0,0,0,0,0,0,0,0,0,0,0,0,0,0,0,0,0,0,0,0,NA,NA,NA,NA,NA,NA,NA,NA,NA,NA,NA,NA,NA,NA,NA,NA,NA,NA,NA
"1517","30101",9.50379865884122,10.5047469657613,0,1.3314840329462,1.102712726495,0,0,0,7.85888062543924,2.99621874384912,0.740107062677325,0,1.13658873718747,0.563497490724273,0,1.36079256440116,3.53749318397856,0.652442505339609,0,0,0,2.28253206364596,0,0,0,0,0,0,0,0,0,0,0,0,0,0,0,0,0,NA,NA,NA,NA,NA
"1518","30107",0,0,0,0,0,0,0,0,0,0,NA,NA,NA,NA,NA,NA,NA,NA,NA,NA,NA,NA,NA,NA,NA,NA,NA,NA,NA,NA,NA,NA,NA,NA,NA,NA,NA,NA,NA,NA,NA,NA,NA,NA
"1519","30111",0,1.21977147106955,4.24552750627871,1.2615507704518,2.98149378000918,1.20599273933413,1.04038979229658,0,1.61352757977112,0.329089160459809,1.03819515459514,0.368543349084722,0.798022908755092,0,0.99595770043942,3.64297662433779,0.484439533786021,1.75685032294105,1.1769286641806,0.72269550767931,0.353058474408696,0.369095070922855,1.59086940720638,0.425409550756331,1.3522515782566,0,1.48829952938202,1.01520493780917,0,0.565249690059187,0.625639423628384,1.38405862420949,0.743337776032363,0,0.87216085116875,0.947339275095806,1.01340011845641,0,0,0,3.36738169263737,0,1.80246499202657,NA
"1520","31001",0,0,0,0,0,7.2728236210439,0,4.90026697475059,0,2.98122992004889,4.50347069833033,0,2.85190413872591,3.37924085220353,1.75367118680076,1.42716767001159,6.40993322089714,0.384323114686103,2.97185970518187,1.64429229601664,1.74720704084174,0,1.3206712438642,0,0.541491730009258,0,4.6999368887647,2.56977075515434,0.329635920919594,0.147459333291106,0.289763871176594,1.21786689815562,1.45386139097086,0.841363936718389,0.692647373586563,2.0622451749834,0.33063814276371,0.655879039670513,2.71653327772405,3.22138505139436,1.71275642678872,0.0971975358639833,0.0917341741301836,NA
"1521","31003",0,0,0,0,0,0,0,0,0,0,0,0,0,0,0,0,0,0,0,0,0,0,0,0,41.9273077936325,0,0,0,0,0,7.2728236210439,0,0,4.70434220762983,NA,NA,NA,NA,NA,NA,NA,NA,NA,NA
"1522","31013",0,0,0,0,0,0,0,0,0,0,0,0,0,0,0,0,0,0,0,0,0,0,0,NA,NA,NA,NA,NA,NA,NA,NA,NA,NA,NA,NA,NA,NA,NA,NA,NA,NA,NA,NA,NA
"1523","31019",0,0,0,0,5.8621602337794,0,2.24682962759566,1.90102952657821,0,1.56750548762893,1.48673558367302,1.40629458500592,5.8610534362222,2.53366220713835,0.641862207930955,2.59883135966916,2.11857302546575,1.07298920146738,0,0.654006033695815,0.690946315527965,0.381201739291667,0.864071890715742,0,2.23312176307286,1.15170020313644,1.66597570546309,2.48088212389252,1.27625182524472,0,2.17146505273526,2.91925803184521,1.38738660444687,2.34067673971947,0.202203573420904,0.940362758712249,0,1.38753613470173,0.843580177178489,2.16902042990554,0.424121977520258,0.211438747258553,0.440821391491283,NA
"1524","31021",0,0,0,0,0,0,0,0,0,0,0,0,0,0,0,0,41.9215156064661,0,0,0,5.25744051750692,0,3.70150115804974,2.89003479134362,0,NA,NA,NA,NA,NA,NA,NA,NA,NA,NA,NA,NA,NA,NA,NA,NA,NA,NA,NA
"1525","31023",0,0,0,0,0,0,0,14.0040270250776,0,5.91449253153931,0,5.73346484789324,2.01246629319572,1.53663178717361,0,1.22957030295962,NA,NA,NA,NA,NA,NA,NA,NA,NA,NA,NA,NA,NA,NA,NA,NA,NA,NA,NA,NA,NA,NA,NA,NA,NA,NA,NA,NA
"1526","31025",0,6.38923392032348,0,0,0,0,0,0,0,0,0,0,0,0,0,0,41.8132376389754,0,0,0,0,0,0,0,0,0,0,37.6298754659824,0,0,0,2.80407213337772,0,0,0,0,0,6.14915260019693,0,0,4.67229597391011,0,0,NA
"1527","31027",0,0,5.35623193094833,0,0,0,0,NA,NA,NA,NA,NA,NA,NA,NA,NA,NA,NA,NA,NA,NA,NA,NA,NA,NA,NA,NA,NA,NA,NA,NA,NA,NA,NA,NA,NA,NA,NA,NA,NA,NA,NA,NA,NA
"1528","31031",0,0,0,0,0,0,0,0,0,0,0,0,0,0,0,0,0,0,0,0,0,0,0,0,0,0,0,0,0,0,NA,NA,NA,NA,NA,NA,NA,NA,NA,NA,NA,NA,NA,NA
"1529","31033",0,0,0,0,5.8621602337794,4.56895436484149,0,0,0,2.86119495157357,0,2.85536547197723,0,0,0,3.10675080208849,0,0,0,0,4.95095375155144,0,0,0,0,5.452907625536,0,0,NA,NA,NA,NA,NA,NA,NA,NA,NA,NA,NA,NA,NA,NA,NA,NA
"1530","31035",0,0,0,0,0,0,5.56338728423038,4.99162557678126,0,2.90286928144061,0,0,0,2.61607937715939,0,2.91019748630647,0,8.69582994389734,0,1.17660185578315,1.01245769703424,0.937288592787449,0.915503414830647,NA,NA,NA,NA,NA,NA,NA,NA,NA,NA,NA,NA,NA,NA,NA,NA,NA,NA,NA,NA,NA
"1531","31037",0,6.38923392032348,0,3.09723040497987,0,0,0,2.84566894721925,0,0,0,0,0,0,0,0,19.795703660107,0,0,5.29595117944368,9.37468070418571,0,11.7408078885678,1.19357637981277,0.427489010379091,6.52455700389686,4.97535139293421,5.6370818155431,2.77697649871103,0.43659381650721,3.44861246360595,NA,NA,NA,NA,NA,NA,NA,NA,NA,NA,NA,NA,NA
"1532","31039",0,0,0,5.25744058045737,0,0,0,0,0,0,0,0,0,0,0,0,0,0,0,0,0,41.9261848087451,0,0,0,5.25744057289603,0,3.70150115841078,2.89003479136457,0,2.03265737251135,0,3.46710441949818,NA,NA,NA,NA,NA,NA,NA,NA,NA,NA,NA
"1533","31041",0,11.0886817491692,0,0,14.065923522739,0,3.25883792083601,0,0,0,0,0,1.64367924608821,0,0,0,0,0,3.7586132636204,3.7578473017875,0,0,0,2.87473980101049,2.70397549552999,2.32052215192411,1.89866480033646,0,NA,NA,NA,NA,NA,NA,NA,NA,NA,NA,NA,NA,NA,NA,NA,NA
"1534","31043",0,0,2.86085361663031,10.7683826986119,10.6173224283945,2.90349625548737,5.34206297908782,3.33307867053959,1.38783045439309,10.5040878365979,0,2.49953019287933,1.61469954763988,1.07667487360445,2.49874795099531,0,0.701066785825616,3.92498429475502,0,0.438483918246351,0,NA,NA,NA,NA,NA,NA,NA,NA,NA,NA,NA,NA,NA,NA,NA,NA,NA,NA,NA,NA,NA,NA,NA
"1535","31047",0,0,0,0,0,0,0,0,0,0,0,38.5206446780483,9.43840829785659,0,17.6391350813224,0.921317738178602,2.92794812073007,0,1.15986399193044,1.09394219968716,2.09792284048842,18.0629798799654,4.11330774275878,0.1575493656632,0.894194581322213,2.0559956535235,1.57658321714811,1.26468253978682,0.39798997469558,1.09640550119522,0.026702930681963,0.406665704260285,1.04498019208666,1.6845791365791,0.5625412427993,0.959153624393097,0.352074227853154,NA,NA,NA,NA,NA,NA,NA
"1536","31051",0,0,0,0,5.8621602337794,0,4.26509821608114,0,5.367815272403,3.75525163010375,0,5.33580241617853,0.799333266820089,0.667218905933341,NA,NA,NA,NA,NA,NA,NA,NA,NA,NA,NA,NA,NA,NA,NA,NA,NA,NA,NA,NA,NA,NA,NA,NA,NA,NA,NA,NA,NA,NA
"1537","31053",0,3.45810439938785,0,2.04404960564744,0,1.81764032314791,1.75223632837686,1.63131814619404,0,0,0,0,0,0,9.73813791377788,3.63706493491728,4.55502076762265,0,0,0,0,6.07239895249788,2.58524811054927,0,0,14.24247131204,0.695976311424947,0.496993078992971,0,1.02366950420672,0,0.735821655387191,0.576939525971452,1.66217444872433,4.25165012788006,8.52282137759691,1.11308317906746,NA,NA,NA,NA,NA,NA,NA
"1538","31055",0,1.07996528892689,0.662353276793126,0.149953318053837,0,1.23964051139864,1.21830621493944,3.76202983499629,1.81495964661169,2.34769981954161,1.75940708935258,0.790642419636626,0.63211883832907,1.13920272826508,1.30257009436497,0,2.00387423211809,1.51782047136063,1.34743973771358,1.09668248424317,0.813495662347517,0.219265924262778,0.687950837216239,0,0.781885368153142,0.801849781980628,0,2.14989686751524,1.72992479300329,0.75133187555975,1.94777510412996,2.09249680430971,3.54693048719346,1.59939335135693,2.36694714981604,2.87347240263864,0.330102583321953,3.34106333243204,2.14828073915085,2.02024737440953,1.53968222502941,0.874874343339274,1.00165862464405,NA
"1539","31059",0,0,0,0,0,0,0,0,0,27.462168420246,0,0,NA,NA,NA,NA,NA,NA,NA,NA,NA,NA,NA,NA,NA,NA,NA,NA,NA,NA,NA,NA,NA,NA,NA,NA,NA,NA,NA,NA,NA,NA,NA,NA
"1540","31061",0,3.45810439938785,0,0,0,0,0,0,0,0,0,0,0,0,0,0,0,0,41.9242182654236,0,0,0,0,NA,NA,NA,NA,NA,NA,NA,NA,NA,NA,NA,NA,NA,NA,NA,NA,NA,NA,NA,NA,NA
"1541","31063",0,0,0,0,NA,NA,NA,NA,NA,NA,NA,NA,NA,NA,NA,NA,NA,NA,NA,NA,NA,NA,NA,NA,NA,NA,NA,NA,NA,NA,NA,NA,NA,NA,NA,NA,NA,NA,NA,NA,NA,NA,NA,NA
"1542","31065",0,0,0,0,0,0,0,0,0,20.4178900876691,0,0,5.31472810164834,0,0,NA,NA,NA,NA,NA,NA,NA,NA,NA,NA,NA,NA,NA,NA,NA,NA,NA,NA,NA,NA,NA,NA,NA,NA,NA,NA,NA,NA,NA
"1543","31067",0,0,0,0,0,0,9.82330751988082,0,21.5060854335407,0,9.76050440474304,0,0.316456434497237,0,0.300422515082423,0,0.442595544348504,0,0,0,0,2.81028013910835,3.22469119481231,0,0,0,0,3.44212433842012,0,0,12.0510981360676,0,2.6913818991024,1.04254682063806,1.75345239146151,0,0,0.881987573632882,NA,NA,NA,NA,NA,NA
"1544","31073",0,0,0,0,0,0,0,0,0,0,0,0,0,0,0,0,0,0,0,41.9272930258168,9.50379855598879,2.21279899203574,0,1.22711411432419,1.11825567778146,0,0,0,0,0,3.60570344263418,0,4.14824341184401,3.2204091784077,0,0,NA,NA,NA,NA,NA,NA,NA,NA
"1545","31077",0,0,0,5.25744058045737,0,0,0,0,0,0,0,NA,NA,NA,NA,NA,NA,NA,NA,NA,NA,NA,NA,NA,NA,NA,NA,NA,NA,NA,NA,NA,NA,NA,NA,NA,NA,NA,NA,NA,NA,NA,NA,NA
"1546","31079",0,6.38923392032348,2.56293519530834,5.7061290564187,1.10413927627187,3.64115972402361,4.02499907294967,0.851821630864381,1.89349921126215,0.447787812179228,1.52170306064553,1.93069123001878,3.57105958136887,1.18832417303571,2.26214075508007,0.129654061895307,3.04709966261868,0,0.838919105938556,0.791343011452189,6.81065281258971,1.74609580168089,1.81629672779187,0.46300573889506,0.622416861558548,1.05531136967255,1.55611922246928,1.11607514397007,1.3625846508563,0.534743045077819,0,0.634831103194644,1.61835692905927,1.76108891220695,0.984390306264981,1.8128867964765,0.437854722212612,NA,NA,NA,NA,NA,NA,NA
"1547","31081",5.3593048205652,2.69871990544466,3.40466336562829,0,1.09667311177524,0,1.10435872720898,1.17890054416679,1.23642777003988,1.24701341240239,0,2.47456858663697,0,1.19916171380098,0,2.54672680067305,3.49980083580632,0.981115143052303,1.6643984771414,3.41159217142503,0.558774964599971,1.92729525289199,5.34274673965194,0,0,0,0,0.340879989197131,0.889969659421836,0,0.789353657937416,0,NA,NA,NA,NA,NA,NA,NA,NA,NA,NA,NA,NA
"1548","31087",0,0,0,0,NA,NA,NA,NA,NA,NA,NA,NA,NA,NA,NA,NA,NA,NA,NA,NA,NA,NA,NA,NA,NA,NA,NA,NA,NA,NA,NA,NA,NA,NA,NA,NA,NA,NA,NA,NA,NA,NA,NA,NA
"1549","31089",0,NA,NA,NA,NA,NA,NA,NA,NA,NA,NA,NA,NA,NA,NA,NA,NA,NA,NA,NA,NA,NA,NA,NA,NA,NA,NA,NA,NA,NA,NA,NA,NA,NA,NA,NA,NA,NA,NA,NA,NA,NA,NA,NA
"1550","31093",0,3.45810439938785,0,2.04404960564744,1.78082260793466,5.68920005351586,0,1.79160612331364,0.780784818362367,0,0,1.75417514839719,0,3.18427833390074,1.01466415421623,0.937166565028275,0,NA,NA,NA,NA,NA,NA,NA,NA,NA,NA,NA,NA,NA,NA,NA,NA,NA,NA,NA,NA,NA,NA,NA,NA,NA,NA,NA
"1551","31095",9.50379865884122,4.20373720110854,0,2.05881324952678,0,0,0,0,NA,NA,NA,NA,NA,NA,NA,NA,NA,NA,NA,NA,NA,NA,NA,NA,NA,NA,NA,NA,NA,NA,NA,NA,NA,NA,NA,NA,NA,NA,NA,NA,NA,NA,NA,NA
"1552","31097",0,0,0,0,0,0,0,0,0,0,34.1314925026599,0,0,0,0,0,0,0,20.9954035854052,0,0,0,0,0,0,0,0,NA,NA,NA,NA,NA,NA,NA,NA,NA,NA,NA,NA,NA,NA,NA,NA,NA
"1553","31099",0,0,0,0,0,0,0,0,20.1118374377734,0,0,5.2963937607928,0,0,0,0,0,0,0,0,0,0,33.8716601544023,0,0,0,0,0,0,0,0,0,0,0,0,0,0,0,NA,NA,NA,NA,NA,NA
"1554","31101",0,0,NA,NA,NA,NA,NA,NA,NA,NA,NA,NA,NA,NA,NA,NA,NA,NA,NA,NA,NA,NA,NA,NA,NA,NA,NA,NA,NA,NA,NA,NA,NA,NA,NA,NA,NA,NA,NA,NA,NA,NA,NA,NA
"1555","31105",15.495240879053,5.82912529023472,0,0,4.44175550456434,0,0,0.904168107822542,0,0,0,0,0,0,0,0,0,0,0,0,0,0,0,0,0,0,0,0,0,0,0,0,0,NA,NA,NA,NA,NA,NA,NA,NA,NA,NA,NA
"1556","31107",0,0,0,0,0,0,0,0,0,0,0,0,0,0,0,0,0,0,0,0,0,0,0,0,0,0,0,0,0,0,0,0,0,0,0,0,0,0,0,0,0,0,0,NA
"1557","31109",0,0,2.86085361663031,0,0,2.41549883563406,0,8.51217902724459,0,1.21369488781195,2.97176692929728,1.62122464730279,2.67042888922552,0,6.43395883646438,0.682969054867497,1.37884788951146,1.18501503401675,1.07627390828661,0.208289987380488,0.433743489467105,0.477402395253465,0.8138226902234,0,0.744917527340537,1.29059612904927,0.47561973442925,7.69414738978519,1.23568087751999,1.63866567858835,0.956892282518923,1.50996269463596,1.2249844984283,0.870276579515884,2.71465091164271,2.0230616597315,0.105344306693224,4.2004239670327,2.59124015469332,2.23170654820044,0.814896496800116,1.26275443243662,2.11359238911373,NA
"1558","31111",0,0,0,0,0,0,0,10.5056754612917,0,10.0397332276874,2.79633886479591,2.71743453028026,0.675523433230688,0,0.581129122141915,0,0.738600447207594,0,0,0,0,0,0,0,0,0,25.6563234590813,0,0,0,0,0,0,15.9168606222454,0,0,0,7.32222200762557,3.40488528629471,5.50657299146535,2.16077278701267,0,0,NA
"1559","31113",0,NA,NA,NA,NA,NA,NA,NA,NA,NA,NA,NA,NA,NA,NA,NA,NA,NA,NA,NA,NA,NA,NA,NA,NA,NA,NA,NA,NA,NA,NA,NA,NA,NA,NA,NA,NA,NA,NA,NA,NA,NA,NA,NA
"1560","31119",0,0,0,0,0,7.2728236210439,0,4.90026697475059,3.40205657396044,2.39921895447159,0,0,0,0,0,3.62869247347491,0,0,0,0,0,0,9.72597000201541,0,0,8.96333567364676,5.2321822547796,4.62632565896353,2.00559738377591,14.2484209213219,0.79415749214927,1.44904434691969,1.42534129773461,3.04717277102271,0.39768618239798,1.2650867235203,0.516490237903724,1.44383711374038,1.33382706955237,0.0830749589198723,0.691050004636008,NA,NA,NA
"1561","31121",0,0,0,0,0,0,0,0,0,0,0,39.5929762844798,0,2.36805351616023,1.6838207192601,2.62870099030179,0,0,0,1.31645410916172,0,0,2.31285768853459,0,2.66533112428735,0,2.41117294892518,5.82207719256248,3.96849302980366,0,NA,NA,NA,NA,NA,NA,NA,NA,NA,NA,NA,NA,NA,NA
"1562","31123",0,0,0,0,0,0,0,0,0,0,0,0,0,0,0,0,0,41.9267465342921,NA,NA,NA,NA,NA,NA,NA,NA,NA,NA,NA,NA,NA,NA,NA,NA,NA,NA,NA,NA,NA,NA,NA,NA,NA,NA
"1563","31125",0,0,0,0,0,0,0,0,0,0,0,0,40.6838341098687,0,6.38671325301259,0,3.09719879303177,NA,NA,NA,NA,NA,NA,NA,NA,NA,NA,NA,NA,NA,NA,NA,NA,NA,NA,NA,NA,NA,NA,NA,NA,NA,NA,NA
"1564","31127",0,0,0,0,0,0,0,0,0,0,0,0,0,0,0,0,0,0,0,0,0,0,0,0,0,0,0,0,0,0,0,0,0,0,0,0,0,0,0,0,0,0,0,NA
"1565","31131",0,0,0,0,0,0,0,0,0,0,0,0,0,0,0,0,0,0,0,0,0,0,0,0,0,0,0,0,41.9273077940323,0,0,5.35623193094833,NA,NA,NA,NA,NA,NA,NA,NA,NA,NA,NA,NA
"1566","31137",0,0,0,0,0,0,0,0,0,0,0,0,0,0,0,0,0,0,0,0,0,41.9273073131734,0,0,12.7986336786996,2.3024632694068,0,0,0,NA,NA,NA,NA,NA,NA,NA,NA,NA,NA,NA,NA,NA,NA,NA
"1567","31139",0,0,0,0,0,0,0,0,0,0,0,0,0,0,0,0,0,0,0,0,0,0,41.9273077429001,NA,NA,NA,NA,NA,NA,NA,NA,NA,NA,NA,NA,NA,NA,NA,NA,NA,NA,NA,NA,NA
"1568","31141",0,6.38923392032348,3.73038711983005,0,2.14548227446624,1.82457818199498,0,0,0,0,0,3.90641073886029,0,0,0,0,0,0,0,13.9472922825138,0,5.91384385264596,9.33933816743134,0,1.36584080565886,4.23036770840134,7.61607057769242,4.48548707087324,0.274670798903397,5.31278998752558,2.35100880578629,2.74367359587546,2.16203837650351,1.18287964107118,1.49472437504448,NA,NA,NA,NA,NA,NA,NA,NA,NA
"1569","31143",0,0,0,5.25744058045737,0,0,3.77862808533394,3.13347873203109,2.43611590818885,0,1.75712256110975,0,0,0,0,0,0,0,0,24.4278265923931,0,6.25996960124177,1.94288825758435,0,0,NA,NA,NA,NA,NA,NA,NA,NA,NA,NA,NA,NA,NA,NA,NA,NA,NA,NA,NA
"1570","31145",0,0,0,0,0,0,0,0,20.1118374377734,0,0,5.2963937607928,0,0,0,3.72898281873788,NA,NA,NA,NA,NA,NA,NA,NA,NA,NA,NA,NA,NA,NA,NA,NA,NA,NA,NA,NA,NA,NA,NA,NA,NA,NA,NA,NA
"1571","31151",0,11.0886817491692,2.86173001875628,5.13168350516457,1.14540436427512,2.58594661989644,3.28440999073916,2.0163893411469,2.37867219386067,3.64554495968162,4.70815025983285,3.8478429077045,0,1.72731252629056,1.65273556291127,4.08415400456496,0.103186470177786,0.73828870288597,2.2072479270959,NA,NA,NA,NA,NA,NA,NA,NA,NA,NA,NA,NA,NA,NA,NA,NA,NA,NA,NA,NA,NA,NA,NA,NA,NA
"1572","31153",0,4.08238344928055,0,0,1.57490445019302,0.797514508771973,0,1.84367894587588,2.74460941165401,0.834307880659805,2.21322732351825,2.48260706627013,1.04188100559511,0.921556631027331,0,0.457182104880624,3.73710454126157,0.439366867111537,0.420125647504708,0.828027482138258,0,0,2.70024363896104,0,0,0.705612672426018,0.784633256525016,4.01012432837539,1.4226518625269,0,1.18081663811125,2.20867663793239,4.22906937581361,2.52649522430141,2.71199623598209,0.85141513626749,0,3.72764037816329,1.31734831520565,1.40890475994058,0.465066907899019,0.562233984775538,1.7888848277496,NA
"1573","31155",0,6.38923392032348,0,0,0,0,0,0,7.832702021354,0,5.32390377948546,0,0,0,0,0,0,7.83173513428004,0,5.32388520382979,0,0,0,0,0,0,0,0,0,32.0646689323336,0,3.43041612211605,0,0,0,0,0,0,0,0,23.6775861977566,NA,NA,NA
"1574","31157",0,11.0886817491692,0,0,0,0,6.77246971950422,0,5.92454242413619,0,0,1.7144843143804,1.62809195859027,0,0,0,2.217473583111,1.20887683376364,1.23407592376682,4.39502335716008,0,0,0,0.892122018601859,0,3.58006839722983,1.18802835499844,0,0,2.26618998233932,0,0,2.66669579929614,3.74452546166259,0,NA,NA,NA,NA,NA,NA,NA,NA,NA
"1575","31159",0,0,0,0,0,0,0,0,0,0,0,0,0,41.5359066678638,0,11.0877520585194,0,2.19523438453761,1.73114852366899,0,0,1.59259455061815,0,0,2.29629743362917,0,0,0,8.94490529099422,NA,NA,NA,NA,NA,NA,NA,NA,NA,NA,NA,NA,NA,NA,NA
"1576","31163",0,0,0,0,0,0,9.82330751988082,0,0,0,NA,NA,NA,NA,NA,NA,NA,NA,NA,NA,NA,NA,NA,NA,NA,NA,NA,NA,NA,NA,NA,NA,NA,NA,NA,NA,NA,NA,NA,NA,NA,NA,NA,NA
"1577","31167",0,0,0,0,0,0,0,0,0,0,0,0,40.6838341098687,0,0,0,0,0,0,0,0,0,33.1870148129045,5.20727517873311,0,0,0,3.94019768147286,NA,NA,NA,NA,NA,NA,NA,NA,NA,NA,NA,NA,NA,NA,NA,NA
"1578","31173",0,0,0,0,10.2861407168863,3.33068278606392,0,1.88762681405203,1.59578334984484,0,0,NA,NA,NA,NA,NA,NA,NA,NA,NA,NA,NA,NA,NA,NA,NA,NA,NA,NA,NA,NA,NA,NA,NA,NA,NA,NA,NA,NA,NA,NA,NA,NA,NA
"1579","31175",0,0,0,0,0,0,0,NA,NA,NA,NA,NA,NA,NA,NA,NA,NA,NA,NA,NA,NA,NA,NA,NA,NA,NA,NA,NA,NA,NA,NA,NA,NA,NA,NA,NA,NA,NA,NA,NA,NA,NA,NA,NA
"1580","31177",0,2.3705768629988,1.68417106865375,0,0,5.22501007143503,9.00152023134899,0,0,0,0,0.50237370467519,0,0.881482533842105,0,0,0,0,0,0,0,18.4331629012447,0,0,0,0,3.14355397080813,0,0,0,4.13304538923671,0,0,0,0,0,0,0,0,0,27.2935438611985,NA,NA,NA
"1581","31179",0,0,0,0,0,0,0,0,0,0,0,0,0,0,0,0,0,0,0,0,0,0,0,NA,NA,NA,NA,NA,NA,NA,NA,NA,NA,NA,NA,NA,NA,NA,NA,NA,NA,NA,NA,NA
"1582","31181",0,0,0,0,0,0,0,0,20.1118374377734,0,0,0,0,5.85444684979173,0,0,0,0,0,6.99565622677282,5.39728640708602,0,0,0,NA,NA,NA,NA,NA,NA,NA,NA,NA,NA,NA,NA,NA,NA,NA,NA,NA,NA,NA,NA
"1583","31185",0,0,0,0,0,0,0,0,20.1118374377734,0,6.17432829160413,0,0,2.99708139056968,0,0,2.87433705983342,2.66384939258741,0,2.15365420383045,0,0,0,0,6.14195837428591,0,2.46122039015595,2.01323799394203,0,0,1.70429269084041,0,0,0,0,NA,NA,NA,NA,NA,NA,NA,NA,NA
"1584","32001",0,11.0886817491692,0,0,0,0,0,0,0,0,0,0,0,0,0,0,0,0,NA,NA,NA,NA,NA,NA,NA,NA,NA,NA,NA,NA,NA,NA,NA,NA,NA,NA,NA,NA,NA,NA,NA,NA,NA,NA
"1585","32003",0,4.58259928415011,1.30285715402837,2.67270448521148,1.94404044056852,0,1.43077580198434,3.43906595165259,1.5102031380548,1.03363849005807,1.62891867993465,1.3704556352279,1.13359706268323,0.780134921727467,0.677978948383757,0.975760857123565,1.14139811003393,1.05395189059112,1.08872509216266,0,1.5312309393663,1.0413519444024,0.575496179904151,0.461118826906436,0,1.97202398137508,1.64327642178075,0.654193351100971,0.645678356302913,1.1182972334042,1.30491528347253,1.03643965944527,1.36098154481525,1.28726101415821,0.921480704494727,0.494386482061075,0.735179988437684,0.986465525928083,0.926687108465015,1.50384755211826,1.14638375130833,0.516186831978155,1.42579995083919,NA
"1586","32005",5.3593048205652,0,0,3.68147273666069,0,0,1.61527611531286,0,0,2.1505830885316,0,0,0,0,4.35945629945977,4.01525415721598,0,2.68226062810636,0,0,0,6.94965897841219,0,1.64165309721647,0,1.38664758145073,0,0,1.74313694631534,1.88575423103082,0,1.92864980660477,1.80293155009964,0,0,0,0,2.77746317173253,2.97573801494848,0,0,NA,NA,NA
"1587","32007",9.50379865884122,0,0,0,0,0,4.64153255959367,0,7.8804542930443,0,0,3.79011442720201,1.5728497069322,0,0,0,0,2.19744371163139,4.69647866530383,0,0,0,0,0,0,4.37657787089827,0,0,0,0,0,0,0,0,0,35.6622494424775,0,0,0,0,0,0,0,NA
"1588","32013",0,0,0,9.34328727054725,5.5994655684742,0,2.7906858880848,2.18243820570338,1.77333345273023,0,0,2.35008720714499,1.54694099771121,0,1.51980611103933,0,1.58277307492768,0,0,0,6.80270534270681,0,0,0.81568835125533,5.09778715402851,0,0,0,0.615336173112308,0.712845332983639,0,1.05778717571814,1.24087394593733,3.76545006453453,3.10464694488823,0,3.42473990876954,0.568999617462287,NA,NA,NA,NA,NA,NA
"1589","32015",0,0,0,0,0,23.3688359348783,0,0,0,0,0,7.2542761563046,NA,NA,NA,NA,NA,NA,NA,NA,NA,NA,NA,NA,NA,NA,NA,NA,NA,NA,NA,NA,NA,NA,NA,NA,NA,NA,NA,NA,NA,NA,NA,NA
"1590","32017",0,0,0,0,0,0,0,NA,NA,NA,NA,NA,NA,NA,NA,NA,NA,NA,NA,NA,NA,NA,NA,NA,NA,NA,NA,NA,NA,NA,NA,NA,NA,NA,NA,NA,NA,NA,NA,NA,NA,NA,NA,NA
"1591","32019",0,0,0,0,0,0,0,0,20.1118374377734,8.49011672233275,0,0,0,2.96589682123227,0,5.37671278206185,0,1.89049994493958,4.51952290001334,0,0,1.04554421174467,1.0709573466267,3.16655850995501,0.961881943364034,1.71686011824864,0,0.765641984440453,0.785096964760127,0,2.75574394539195,2.64630148007774,0,0.747833356088059,0,0.794182838743328,0.878639165201643,3.6539331065619,0.841758448814481,0.765038064065699,NA,NA,NA,NA
"1592","32021",0,0,0,0,0,7.2728236210439,0,0,0,0,0,0,NA,NA,NA,NA,NA,NA,NA,NA,NA,NA,NA,NA,NA,NA,NA,NA,NA,NA,NA,NA,NA,NA,NA,NA,NA,NA,NA,NA,NA,NA,NA,NA
"1593","32023",0,0,0,0,0,0,0,25.1868783954183,0,4.36441101525944,1.4693310019789,0,0,0,0,5.09971002833437,0,0,0,0,8.54549624398669,0,4.01480692611887,1.50227258888745,0,3.77332531134503,0,0.44087609994038,0,0.993062790385385,0,0,0,4.32326756081247,0,0,1.11411382992644,1.11881864738051,0,0,2.85403375750559,NA,NA,NA
"1594","32031",0,5.04015231755122,1.041606924371,0.954372817016445,1.19523595437732,0.897648227833901,3.32794648022417,0.370983238335246,0.861152551850004,1.78004073823744,1.49951593770811,1.44782923478593,3.63871794017629,0.934064575933201,0,1.84182115696105,0.668459200659253,0,1.56998285927058,1.14635067046707,1.16052510946556,1.9821430178814,2.71530706497189,0.559679904111605,0,0.7018957305577,0.519284102987449,1.72461246775204,0.924372423171695,0,1.92598588626657,1.03344431417726,0,2.21058195759083,0.513731338944905,0,1.27759892480988,0.632197261029394,1.19665444956238,2.30601117764972,1.25591533252425,1.1492417167369,0.423279210956414,NA
"1595","32033",0,0,0,0,0,0,0,0,0,0,0,0,0,41.7306894922619,0,0,0,0,0,0,0,0,0,0,0,0,0,0,0,0,0,0,0,0,NA,NA,NA,NA,NA,NA,NA,NA,NA,NA
"1596","32510",5.3593048205652,0,0,0,0,6.73276844451901,0,0,0,0,0,0,14.0187572368778,0,1.30697601337036,0,1.94456467027879,0.917898287048371,0.903075974384666,0.908490092245193,0,5.42598826746573,0.754325767303329,1.28140082067676,0,1.12739793178771,0.575113817613819,0,0,0,0,4.65018566361741,0,4.3722862512342,3.25745061662285,1.60490494252035,3.05951708748722,0,0.456683615546318,0.908654931169577,0.476813065967402,0,0,NA
"1597","33001",7.55603682961148,0,0.931767862713085,0,0.804816126069948,0,0,3.72574811268231,0,1.29134548030242,0,1.27521750216937,3.63487170875009,1.0612029385368,0,2.67414229558682,0,0,0,0,1.39237699619863,3.27581759580965,0,0,1.64991583350074,0,1.71986259407803,0,3.62010316645937,0,0,3.18117071207422,1.44191480524734,0,4.74575298764461,0,0,0,2.90139328119917,0.961861657856121,0.942013168402483,0.91681038242416,NA,NA
"1598","33003",0,1.21977147106955,0,0,0,1.14666950287948,0,3.45211587143954,3.29780159290131,0,2.36962997856929,0,2.85489153239784,0,1.68270563935142,0,0,3.64898584822752,0,4.0183270463284,0,0,0.639948341436095,0,0,2.98187176065797,0,0,0,0,0,0,0,0,0,16.0393304234782,0,0,0,5.23877683027653,0,0,3.77848669300045,NA
"1599","33005",0,0,0,0,5.8621602337794,0,0,4.2688406547888,3.36193152547769,0,7.84300910710811,0,1.09184903031036,0.958690434331232,2.59688903796281,0,0,0.850022434721252,0,3.16750438608879,1.05223104032611,1.00041609848441,1.84019370412108,3.8794680880419,0,0.576740969509637,0.561920663512498,0.583959043636764,0.636529225053772,0,2.4578832413202,1.67293970140214,0,0.805903195642263,0,1.77060678222652,1.81270789309594,0,0,0,0,0,0,NA
"1600","33007",0,0,0,0,0,0,9.82330751988082,0,0,0,0,0,0,0,0,0,0,0,0,0,0,0,0,0,0,0,0,0,0,0,NA,NA,NA,NA,NA,NA,NA,NA,NA,NA,NA,NA,NA,NA
"1601","33009",0,2.3705768629988,0.348017788771733,0.306384683303031,0.307395010177675,1.00505122732908,0.752850261346759,0.426965010401846,2.31584737401919,0,1.86506075447135,0,0,1.55712217743884,0,0,0,1.9630875063647,0,0,0,3.64352986903203,0,0,0,0,2.69314236468693,0,0,0,0,5.09780497870123,4.3499512232411,0,2.71456839257887,0,0,0,4.90474257376737,2.17598717924368,0,3.21283540704191,0,NA
"1602","33011",0.803596893987897,1.39999817769955,0.351699273435276,2.96204090416518,0.2613602614101,2.85200571431631,2.05528045516502,2.71524491723664,3.8884965960446,0.985697023093755,4.08347447871323,1.77219823881239,1.68521106548193,1.55914922197387,0,0.540533783815831,0.535745873045707,0,1.9041065724954,1.16531801833563,0.939877654142023,0,8.42740025678552,0,1.72239617945965,0.59064994041017,0.5919516021943,0.473976592937367,0.488336410405717,1.34909291483129,1.05737213754881,0.881903052491464,0.759581945064907,1.2459415610264,0.984647812778097,1.03326271169315,0.9719375846786,0.915941382098299,1.32721933588656,1.24578984608603,1.32996928821262,1.19038498242763,NA,NA
"1603","33013",0,0,0,1.45080171925128,2.79325321553473,4.73151179975985,2.63852772354618,2.57658258897767,4.14279329201567,0,1.76392902362156,0,0.804655408120997,0.843353249941539,3.64974926720551,0,0.979084350556169,0.94019866569739,0,1.49127573934551,1.28983901449066,0.52953523028181,0.549314634477952,1.69238901089351,0,2.05257729621965,1.14668979131564,0.55893998699216,0.560063773941784,1.42326847239266,1.14288664257634,2.20764299479295,0.515936958147387,3.25419613335673,0,0.386541001416927,2.95452414648095,0.172793506013305,4.87239424447354,0.978113519307447,0,0.989610388271554,0.493887887829494,NA
"1604","33015",0,2.52968742875964,0.731416659396738,2.10717068990303,1.43430071513269,0.947841542056843,1.22661251266371,1.47903918476785,3.48189624659574,0,2.37032975436533,0,1.25403644276725,1.40951062408881,1.93436945312996,0,0.50692522028212,0.76601179696389,0,2.60868608853306,0.650293825581564,2.17426133507718,2.06845584756315,1.14275708962694,0,2.36617609472624,0.759607450372344,0.567950037203016,0.445903923443891,0.191505078815033,1.37645878232291,1.8028126705831,0.961315227243974,1.3664148580466,1.33362435563272,1.14787386114029,0.95078109566246,0.267807163435326,1.01206241292814,3.8829592631444,1.87850664365334,1.09858268419472,0.457844252675196,NA
"1605","33017",0,2.3705768629988,1.68417106865375,2.62880549713235,0,3.8802036445628,0.818356427585782,3.4082240730214,5.45650764338624,0,2.03521323545545,0,0.2491618905529,1.80779874177901,0.801470654691015,0,0,0.72597500930924,0,2.56213980337192,2.62991488678239,0.48385344597545,4.09030441657641,0,0,4.18768858849556,1.88539562813008,0.40600117938726,3.00045702041949,0,1.0185070459127,0.71652957494699,0.444289651931878,0.480844619336685,0.53839983667579,0,0.251036216332612,1.81434931105127,0.684024409286208,1.45090147289004,1.42630369665733,1.97469612081988,0.889501837673135,NA
"1606","33019",0,0,0,0,5.8621602337794,0,0,4.2688406547888,3.36193152547769,0,2.28073097466467,0,0,0,2.53532599817867,0,0,0,0,0,0,0,13.549310434927,0,0,9.25657760389861,2.81632740373148,0,0,0,0,0,3.26842728097737,0,0,0,0,0,7.08814826443608,0,0,0,0,NA
"1607","34001",2.32178982821869,0,5.50456013537758,0,2.23288074894138,1.43603138342803,2.86505018513811,1.70394526485143,0.588936173816483,2.35415781451712,2.25487651692955,3.97043441756743,3.43477278568386,2.21228606053451,0.830758748000768,0.786610296378763,1.45598934664197,1.32213812707869,1.10254661457278,1.01406016290127,1.19296918941448,0.711694380639462,0.86522368058087,1.91780801027378,1.06688077533848,1.20144710094015,0.534609894736703,0.712029336348205,0.553025793984825,2.76529697368105,1.58178524804564,1.53890649851643,0.78002152586634,0.99011673053791,1.32287199870418,3.20311657194888,2.84985214230147,0.782427865014395,0.950589259289996,0.752556459053146,0.586227090599433,0.403226292748597,1.05133984683907,NA
"1608","34003",3.7244367359132,1.2235781734642,1.12502545944495,2.93594748411158,1.85022785280879,1.73100583891466,1.47962583592354,1.23716098240934,1.52525663503284,1.88331644373913,1.72801139922001,1.91338204996596,1.91572012302881,0.799573335627966,1.15511290464399,1.08313373629415,0.538904346947981,0.756411425526267,0.983247384178023,0.764904321299226,0.783045544029771,0.604555793449328,0.699823572894632,0.944970321719268,1.31653487352816,1.08110749583359,0.714835352646393,1.13318207897505,0.88328592546,0.825394004888921,0.806435031742169,0.914938652314078,0.819744396109849,1.01303547254505,0.634043855267494,0.408727932077225,0.468546443871543,0.690051007134898,0.651587876254382,0.975808882486304,0.697967181324866,1.08992022246865,0.52337506207378,NA
"1609","34005",4.24784415724684,1.36176944699295,0.968993944265717,2.09986519668817,2.62982957859195,2.42874376284498,1.97482560218678,2.14466874477788,1.19292524606394,2.24960494059559,1.42204939971986,2.29237378881519,2.66116632797314,1.66331247015372,1.75786981079361,1.32278139072513,0.926386971377899,1.04791303869295,0.88135264409712,0.953426838103913,0.804254657174592,0.77663204503658,0.702329036505979,0.769460378361104,0.978121982298647,0.6340922707562,1.48347537861732,2.11493480857718,1.13671728141898,1.39444613444524,1.40671944703305,1.04431054719066,0.924649348368373,1.04743007152743,1.84317644572673,0.724010607341337,1.28184103494632,0.578556936579414,0.775151473729599,0.75147820896431,1.09167448094238,1.65872517352379,0.572122715614691,NA
"1610","34007",5.3593048205652,4.24231922482441,1.4825559966908,1.34243372485885,2.03381271585113,2.18970270318994,2.60164208785439,1.9631309076764,1.23908984535307,2.29305586926018,1.72033920161984,1.71980140609065,1.76687428353339,1.53754165523017,1.60530157892573,1.45836854295581,1.46818774862499,1.95552637782316,0.945462428187091,1.14871709713546,0.907696334124754,1.27911855978523,0.728978325587763,1.05529756537188,1.40252295344273,0.688268551094761,1.04335585798723,1.95248564167927,1.07279214611283,1.01386626174799,1.16157252282546,1.16014879307514,0.492063261753648,0.893735745602089,0.868131543884276,1.12048586450368,1.2988948826354,0.804537453625842,1.07116942267026,1.00528800096706,0.997752426782334,1.54471515987784,0.751572870093943,NA
"1611","34009",0,3.45810439938785,2.3206362711029,3.36447716593153,1.28937259270726,0,2.05118589938821,0,2.88450351303702,7.50201838594275,5.49330220872933,2.82541454047159,1.19465659046442,4.01090295767412,0.915504731352678,0.875343531339158,0.539859115335801,0.802938821534431,0.648952556484905,1.27607364345612,1.61252950884256,1.84513719842139,0.453903099004078,0.784854747364079,0.693484605233779,0.271084799048775,0.981368257038879,0.753067474634678,0.707080563415155,0.641404837637342,1.36605487531615,1.25288014015649,1.49532676516633,1.77578792797605,2.24781681665453,0,1.68640263458317,0.537616962035877,1.5813416641676,0.944768923228119,0.258187917271349,0.628645799281704,1.05072358465053,NA
"1612","34011",0,6.38923392032348,3.73038711983005,2.47378173269665,7.77763230167512,1.94162260958951,0,0.633830444173447,3.43612971816469,4.17896687634333,1.42597991132824,1.43378474042012,0.979984945291129,2.97229284078221,1.78847588927604,1.0766654916013,1.23632598724759,3.6778922667434,2.55462242080019,1.2138335509824,0.715261552072965,1.30413256116977,0.789647500155522,0.507985884415277,0.766080747931713,2.41457803577924,0.529910663403189,2.01713463095664,1.52949631115917,1.01680079976504,0.946427098301733,1.70370566369004,1.58345924486081,1.31847385619916,0.520945255319902,2.30211765458351,1.77616392206391,0.703093601979999,0.849739512101464,0.533266320404831,1.47484211020372,1.66682580218049,1.30651951635664,NA
"1613","34013",6.15680238718982,2.11125061926294,0.813289057136783,3.62907398431421,2.64058727125198,2.44584396656442,1.06871414985708,2.14804095107738,1.8152354436953,1.67791486469941,1.43571346959703,1.61171131346735,1.64622301704929,1.41645390120326,1.06369914905562,1.40424941135128,1.16919721716078,1.00796940117773,1.05819494186061,0.869117084943201,0.821798355179375,0.469683737826986,1.26666555641839,0.833999705006868,1.17766008993151,1.36844785736812,0.525518025253472,0.926038200084359,0.986246326910285,0.940370868759092,0.626690350406296,1.06265534101157,0.774671074439014,1.09445942510232,0.933185812948,0.512675801097037,0.418927607993444,0.805810171131014,0.814935024919611,1.15527986693052,0.984327437968235,1.07711630962347,0.399216960953601,NA
"1614","34015",6.49168323635007,3.72380284498135,1.56880083022062,2.85302746681835,1.55761461985371,2.01799544372001,3.13868248780007,2.01995262621416,2.36839504493954,2.6188543764663,1.20887086586493,0.733772745924242,1.53523885610713,1.47094004905787,1.29064905273191,1.24909232774021,1.06866189908163,2.48301324818967,1.03486693440835,1.10933056294557,1.16164110694574,0.838517427525437,0.514831468515414,0.383908986766053,0.613861856771853,1.23077017529031,0.634901641063161,1.88624306050015,1.12986512268332,1.23669050588381,1.45880074645565,1.21347817822961,0.642774206519858,0.68843077913432,0.732790177460269,3.590232839312,1.59511963727765,0.597260928342051,0.813978040066088,0.568943392346134,0.970397639447408,0.969643372668288,0.9903768656572,NA
"1615","34017",5.4333491677097,1.91532470236888,0.782905892170524,4.14634995624284,2.63216446230324,2.33055903972837,2.09508423423891,2.76577351883758,1.88284763721792,1.60848691894719,1.61774020235328,2.17737009916722,2.13701988123339,1.20235286128444,1.15743049620507,1.24542045522026,1.03166628254184,0.904021822637555,1.07430573715187,0.887066972061918,1.24655430405336,0.82420121050002,0.735336763986181,0.560876101786675,1.41431986184231,1.03669464141605,0.712715752901304,1.19099235017255,1.47215238909006,0.155465336986725,1.89251325015983,1.25098037778456,0.672576379138684,0.718100551769425,0.699922466273152,0.468156746928831,0.893907168453092,0.725576856601887,0.875645392036126,0.680071630883535,0.789292960808548,1.2025842441154,0.380002960576612,NA
"1616","34019",1.4818919181257,2.85446791657784,0,3.29416655567662,2.46695903301556,1.40491886399952,0.679562963265376,1.61106078153426,2.02527777241528,1.98767663622219,1.13468991005797,1.40597878842931,1.61960667146739,1.1537490967933,1.30603127811291,1.2768516786382,1.10130199295046,1.53850531517123,0.333454226652639,0.385331988130438,0.663578542118031,0.614684653312776,1.46937635775992,0.458061371640724,1.16975223291797,0.845959146480321,0.43439002774727,1.20160552059045,0.92821755091339,0.322210303754804,0.940274378429642,2.60418939213568,2.07645366650104,1.05473965106045,1.90978980059848,1.50503585248149,0.438807688509473,0.474241416321938,0.971518382957347,0.258451407874864,0.798516170977539,2.37565438142925,0.245059874248295,NA
"1617","34021",2.86260695800588,1.26762623558952,2.64786368163043,2.41897101618038,1.34622262204688,2.10113510370135,1.64902327838586,1.95915440468058,0.697057954426743,2.14759859521875,1.55707480985212,2.50139072635991,2.17366261803577,1.21533877949456,1.33754193091584,1.35359434561131,1.9539039887777,1.88777434779957,1.19430459654715,1.34927907860025,1.08396909040328,0.613744946182251,0.66000199741206,1.00099214557002,1.48826900159685,0.713417941783519,0.772338458602838,1.51396689257304,1.59449677503293,0,1.97487000888517,1.09188931946746,0.68945043269994,1.13769222298775,0.783845794077869,0.566973252070966,1.29196841844538,0.922494672320029,1.63105812785389,1.04343430956988,1.37883539090538,1.54809445129094,0.562252932950541,NA
"1618","34023",4.67913331299816,2.554744311999,1.00831667251845,3.6854078558717,2.02295995125936,2.01167529853854,1.2948764604845,1.5956230704713,1.18483524588291,1.51754869864272,1.74802007706179,2.04593958316913,2.21573003872038,1.53850081429799,1.12293405450089,1.45884396561377,1.28924274134522,1.28820456096144,1.11066664717109,0.854797130045186,0.701147266135646,0.732115972831746,0.845743049887096,0.720160751307384,1.20539802105726,0.934727056418973,0.9571918324569,1.19293556483783,0.988189911681816,0,2.18379338431455,1.46569923899478,0.751521826930394,0.804571094526013,1.55222905628706,0.33596418898155,0.914685739250309,0.93957439646183,0.814296982525011,0.707656344522612,0.852218941544303,1.27710748481071,0.582695667838473,NA
"1619","34025",5.41837706942007,1.74441921746212,0.609641530787311,3.58345330072435,2.00237056909769,1.80694211526533,0.934414534324759,1.50102671092994,0.950482830042906,1.31722042780601,1.2266878574434,2.08670690200876,2.10010190004018,1.6268479057018,0.941986258930183,1.01387373616667,1.14238136373146,0.870751469376723,1.02306337554237,0.647282312354369,0.58095291343048,0.41726217931729,0.652715529209679,0.677158992016387,1.11597568241455,0.781960508729791,0.818534555464355,1.0478574844842,0.893631171389703,0,2.43732493482258,1.20991729745395,0.989057132089925,1.10957240986679,1.04299783395258,0.600397358585325,0.467552099874569,0.602466388055886,1.0187158906343,0.864872576247082,0.617825279078273,0.915228116627097,0.916628947459942,NA
"1620","34027",5.24108541535911,1.2765786389864,0.639225881904297,2.5161567567135,1.75413187195238,1.03604108985467,2.24793814144334,2.39701375440703,1.58344075787223,1.1382849459525,1.40580267584826,1.94675208878953,2.50760535364719,1.21874393089188,0.924306593395265,1.53063091548076,1.14876810190369,0.845979554377241,0.595219989540295,0.745579584220402,0.882026533290858,0.676557930256089,1.13125895908961,0.601761705700095,1.09296279456746,0.774389177629058,1.06287087811592,1.01174710273899,0.67552544501957,0,2.38013685262421,0.920113029362342,0.266913972890853,0.797449284241847,1.21268787376427,0.437710407345203,0.838845360842771,0.772780041213855,0.717004320545486,0.694151778900151,0.579797274465446,1.32296530995183,0.401710210919826,NA
"1621","34029",4.5153995957588,2.02159127451931,1.60837308442652,4.64090276143134,1.92921241511909,2.19410887943362,1.70017788083048,1.22429855278944,1.39465167727992,1.5941196850651,1.26297701477087,2.21499369497705,1.95627256283512,0.93521799265934,0.962728626345629,1.22648573983045,0.950932504420136,1.03098500341892,0.765710312347662,0.596837092961915,0.705335932968124,0.196773661700341,1.33222910915159,1.08919371583184,1.56145233175418,0.908260587645601,0.722459908581257,0.581273226951499,1.30022673810192,0,2.34386687389903,1.31757797783692,1.00314932369048,1.12501980985528,0.818047203478764,0.334842230754641,0.717360554858962,0.622251561798493,0.818266679995462,0.952853316027916,1.44591273813121,1.38058648619417,0.768986117182368,NA
"1622","34031",5.21109841667588,4.13569968559154,1.36335275683196,3.61332999135193,1.61216238469707,1.89743407348718,2.77844138939422,2.57568647226598,1.61151260950791,1.3284473005659,1.4821831331748,2.35975113368067,2.7178877607108,1.30287393799249,1.58058561129554,0.918369790460756,0.661745460963251,0.775890898557702,0.81892588402753,0.731998127498013,0.826368005279262,1.06563684162271,1.4784782784201,0.934627931551621,1.63744239931677,0.7867666345634,0.88038918702986,0.92237674539757,0.508466366156626,0,2.77261077238956,1.43670324706263,1.16524086438886,1.15478859181543,0.96342536349076,0.496587897498652,0.962082726800547,1.04830872423586,0.667677290127267,0.962700943753381,0.735236059458041,0.806707165115563,0.398588741632004,NA
"1623","34033",0,0,0,5.25744058045737,3.96894916870393,0,0,0,16.2566679616277,5.97150791954873,0.503918460297034,1.8365441951735,0,0.296404025079126,0.937043572242781,0.687846940219597,1.87501675799522,2.58597365864343,0.997439228150611,2.8467634065159,1.18650124417378,1.03354354733698,1.3155531018896,1.89745774367495,1.71256477703771,0.985336056527118,0.397744773037829,1.42550867593614,0.516612766845456,0,2.03431640004348,4.13869669068084,0.586466330030321,0.821451377307372,0.381744463715607,2.79893064737202,0.586677430282546,0.64655109538552,0.326265859802504,0.519424487400092,2.20323250438059,0.835154318238721,3.62040956001076,NA
"1624","34035",3.53084189031341,3.93148467307959,1.1002270423873,3.36367891155327,1.79876338080735,1.2417404812619,1.11993594624432,1.48997307416773,1.62207808986801,1.37091524308691,1.63217069304121,1.7511921536136,2.06848955162303,0.99320645604735,0.917635922256935,1.62503788166428,1.46588824234904,1.85082577820788,1.77309036960546,1.00038542453421,0.700324510843545,0.584310523081087,0.791076739833626,0.735888998527445,0.892514062895555,0.858785123309778,0.866558413894558,1.0321419923914,1.08127313506733,0,2.19913408128811,1.18574373980935,1.2690557760428,1.06508883387925,1.06123939722086,0.545298883399096,0.683103317711434,0.905630801809422,0.93312200485895,0.778995308946691,0.762593705495586,1.14378133857298,0.601688470394983,NA
"1625","34037",2.86260695800588,1.57264598719145,3.20179091921347,5.31420185739511,2.61688096313075,1.91141072131406,1.14208434665982,1.62502085094679,1.36909938122087,1.69316686892852,1.24407872809429,1.67536951406451,1.27804908582806,1.3951173832054,1.04292033373578,1.52408703433637,0.957407277611919,1.23138897787324,0.716990813540374,1.44193020465896,0.88709088950416,0.815366163485092,0.886932423667547,0.539596959216951,0.953137753777621,0.486392321097686,1.38960299288186,1.34118765472983,0.848651353041291,0.324277207465846,2.22212112831341,1.56616536854896,0.395775235000188,0.599943276312494,1.51735503509429,0.320924281645537,0.671778683660948,0.718245793271297,0.902451667683719,0.69221157337177,0.644500967238246,1.05794350943227,0.558951756028887,NA
"1626","34039",5.5840883283963,2.46767006976977,0.472870758731135,3.85212041736418,1.54471356695693,3.15558102103964,1.72795831452017,2.83255594293278,1.47051088850359,1.4639447217129,1.81655221402043,2.14205853746322,1.6519484418475,1.01355941989701,1.43372779028834,1.89199219891847,1.16019435465343,0.865003529646361,0.831337904471622,0.646410503573532,0.725585214450304,1.10260382669017,1.56279450343485,0.432123215730522,1.17176992318317,1.30681546092158,1.28174376015017,1.49730621300374,0.792438252166999,0,1.14714245769115,1.05775790799861,0.6723002265428,0.817556469393324,0.897721237117516,0.451395277632579,0.541588860230685,0.641529779376882,0.730805872861871,0.818513912135025,0.959185411614941,1.06724492824174,0.635266679579134,NA
"1627","34041",3.73187737416727,1.98724770320809,1.37660196429972,4.42492348720455,1.78072644745398,2.5717591741678,0.805870739117886,1.67522020370455,1.00377395923571,2.28087979666832,2.0049962182567,2.77488601401539,2.23095567448913,0.727307841810816,0.993263460281982,1.82372869534428,1.42559896776529,1.1658835067578,0.663984542066322,0.904799721238057,1.19058383617131,0.761830440819732,0.959495568149959,0.977164840897651,1.25059884552556,0.757468531455488,0.839423324473902,1.8556039050407,0.770002254791704,0,2.77874179320105,1.03546803071179,0.330228001954653,0.691137044861496,0.944760452349564,1.11704851779264,1.35253675744709,1.13044751182171,0.797652304852793,0.587378187040763,0.742682518024536,0.595102051245023,0.799989640586672,NA
"1628","35001",2.1842376862296,1.03035951279006,0.765321296248773,0,0.953918410425731,4.9744312465424,0.893536814478089,0,2.51053100640504,0,1.52159966171044,3.93466144573812,0,2.43401948914639,0.777923240400513,1.96556391311306,0,0.725924507507585,3.23122389672616,0,1.17242285331201,0.523594682102886,0,0.872917259714548,0,0.752828368422494,2.2206008775092,0.964871750943035,1.5015965744982,0,1.97819419752635,1.69749357619104,1.01903825287104,0.914972714670922,0.839415616156402,0.282024207844228,2.11182270104395,1.26995857651934,2.02930944157497,0.76467948435131,1.9423102007786,1.22279433455307,0.735360312908089,NA
"1629","35003",0,0,0,0,0,0,0,0,0,0,0,0,0,0,0,0,0,0,0,0,0,0,0,0,0,0,0,0,0,0,NA,NA,NA,NA,NA,NA,NA,NA,NA,NA,NA,NA,NA,NA
"1630","35005",0,0,0,0,4.55586736964466,1.38398507844449,0,2.32792061391861,0,0,3.3086466651579,0,0,1.15505707800804,1.2136049590203,0,1.38153209541716,2.77183496370309,0,1.25841924064391,0,0,0,0,0,6.89469342400047,0,0,0,0,3.08195668925802,0,0,0,0,0,0,0,13.7238004848112,0,0,5.20355498879701,NA,NA
"1631","35006",0,0,0,5.25744058045737,0,0,0,0,12.2871082105715,11.6862028777434,0,4.66312306916256,1.39932055524654,0.748621584361724,0,0,3.01454074991417,0,0.40680581874428,0,0,2.34241294184511,0,0.723282059349753,2.27073106934328,0,0,0,1.93250630904323,3.03122828194222,0,0.925573698911609,1.75283944941972,0,3.96511249302613,0.694952821180743,2.97681768064557,4.95470048773703,0,1.41041767075614,0.255730086456703,NA,NA,NA
"1632","35007",0,0,5.35623193094833,0,0,0,3.72919312407338,3.33875227267659,0,2.43978771914222,0,0,0,0,0,0,0,0,0,0,0,0,0,0,NA,NA,NA,NA,NA,NA,NA,NA,NA,NA,NA,NA,NA,NA,NA,NA,NA,NA,NA,NA
"1633","35009",0,0,0,0,10.2861407168863,0,0,0,4.92266013387053,2.02994641101757,0,0,0,3.57465827820749,0,0,1.89814451302976,0,1.99429846276734,0,0,0,0,0,0,0,0,0,0,0,0,40.5797438053526,15.4664708076147,0,0,0,6.9583335947907,0,1.16313774121218,0,1.06053292802347,NA,NA,NA
"1634","35013",3.38885323507765,0,0,1.34913112309414,2.1461253285592,0.82331003847977,0,2.8513214310993,0.385727371164804,1.82492938046194,0,1.3873493844554,1.70219396130258,0,1.68969991946654,0.339158098035541,0,1.54397296244578,0,1.82658170008769,3.94316451262437,0.748503246391876,1.2923707304494,0,2.52141025576107,1.55062827301999,1.41520543235489,3.26943595256048,1.02023293695742,1.46110158435751,0.396403463059387,0.130137215977016,1.8795671625826,0.415877170347422,0.873538048154014,0.914016177455212,1.70311937471668,NA,NA,NA,NA,NA,NA,NA
"1635","35015",0,0,9.4989667055933,2.83328513797813,0,0,0,0,0,0,0,0,0,0,34.8252264313894,0,0,2.8580006300649,0,0,0,0,0,9.38564751253529,0,2.87663577028381,0,1.98710049338284,0,0,0,4.72756693245362,0,0,0,0,0,3.75562452363936,0,0,NA,NA,NA,NA
"1636","35017",0,0,0,9.34328727054725,3.00006474094972,0,0,4.88067657587097,0,2.40303308886054,0,1.037974424553,1.02970794604052,0,1.14916883192191,1.22839209659635,0,1.40109907157581,0,0,0,0,0,0,0,0,0,0,0,38.0943725223112,9.43149619851238,0,NA,NA,NA,NA,NA,NA,NA,NA,NA,NA,NA,NA
"1637","35019",0,0,0,5.25744058045737,3.96894916870393,9.45440175790744,6.11102658317064,0.747321159392019,0,0,0.554797480252361,0,0,0,1.59363150027835,0,NA,NA,NA,NA,NA,NA,NA,NA,NA,NA,NA,NA,NA,NA,NA,NA,NA,NA,NA,NA,NA,NA,NA,NA,NA,NA,NA,NA
"1638","35021",0,0,0,0,0,0,0,0,0,0,0,NA,NA,NA,NA,NA,NA,NA,NA,NA,NA,NA,NA,NA,NA,NA,NA,NA,NA,NA,NA,NA,NA,NA,NA,NA,NA,NA,NA,NA,NA,NA,NA,NA
"1639","35025",0,0,0,0,0,7.2728236210439,0,0,0,0,0,0,0,0,0,0,0,0,0,0,0,0,0,0,0,0,0,0,0,0,41.927307793899,9.50379865884072,2.89939156114277,0,0,0,0,0,0,0,7.74838472975772,0,0,NA
"1640","35027",0,0,0,0,0,0,0,0,0,0,0,0,0,0,0,0,41.9215156064661,0,0,0,0,0,0,0,0,0,0,0,0,NA,NA,NA,NA,NA,NA,NA,NA,NA,NA,NA,NA,NA,NA,NA
"1641","35028",0,0,0,0,5.8621602337794,0,2.24682962759566,0,0,1.97904658058579,0,0,0,0,0,0,0,0,0,0,0,0,0,0,0,0,0,0,0,NA,NA,NA,NA,NA,NA,NA,NA,NA,NA,NA,NA,NA,NA,NA
"1642","35029",0,0,0,0,0,3.98175475735187,0,0,0,0,0,0,0,0,0,0,0,38.5187497118342,9.43838871031489,0,3.13064816223296,2.30181577693735,0,NA,NA,NA,NA,NA,NA,NA,NA,NA,NA,NA,NA,NA,NA,NA,NA,NA,NA,NA,NA,NA
"1643","35031",9.50379865884122,4.20373720110854,0,0,0,4.21549995485486,6.70607796191687,0,5.9590846022867,4.8534721251567,1.44972306144196,4.35987526100294,0,1.48622155097291,0.899765887053418,2.36110800406675,1.13862147539855,0,4.69805311751997,0,2.50528360397813,0,3.05945807217462,2.79939742930015,0,0.984124031639313,3.50539854973026,0.236295099742067,1.62955653494655,0,2.87429812466499,1.37496679302949,1.51389221166075,1.41873671380534,0.22874054027607,1.0818958616772,0.789816965849062,2.48204820783969,1.29257567623373,0.602684174827223,0.813323473006516,0.43785516912036,1.43189703510203,NA
"1644","35035",0,0,5.35623193094833,3.68219830428101,0,0,0,0,0,0,6.45979871896082,0,0,0,0,0,0,0,0,0,0,37.6293453352078,0,0,0,0,0,3.98170251143296,0,0,4.19391410843565,0,5.91726185357451,NA,NA,NA,NA,NA,NA,NA,NA,NA,NA,NA
"1645","35037",0,0,0,0,0,7.2728236210439,0,4.90026697475059,0,0,2.95088976442171,0,0,0,0,0,0,0,0,0,0,0,NA,NA,NA,NA,NA,NA,NA,NA,NA,NA,NA,NA,NA,NA,NA,NA,NA,NA,NA,NA,NA,NA
"1646","35039",0,0,2.86085361663031,0,0,4.56783730464189,0,0,1.94198999964323,0,1.96681833131505,0,0,0,2.79462975897875,0,0,0,0,0,15.0002849373734,0,0,0,0,2.12961754478675,0,0,0,3.73298726185599,0,6.44417682057169,0,0,0,0,8.46894782128922,5.73184562278196,1.8410603037494,0,NA,NA,NA,NA
"1647","35041",0,0,0,0,0,0,0,0,0,0,0,0,0,0,0,0,0,0,0,0,0,0,0,0,41.927307793899,0,0,3.7296424389009,1.4584513226256,0,1.21484448471464,0,1.31750511694334,0,0,1.91263650731583,0,NA,NA,NA,NA,NA,NA,NA
"1648","35043",0,0,0.859265932240255,0,1.65630438682775,4.03104286588746,2.06083599870031,0,5.23300815242202,0,0.975112978507389,8.39229507921306,0,4.61000447394873,1.01300686966897,1.05713166666308,0,1.02934480002127,2.34289195294564,0,3.75001858926995,0,0.485648624934939,0.957940582577608,0,1.84646412934575,1.11763702258335,0.256031877534701,0.135540963139064,0,2.05552445536684,0.376047074524424,1.21371609969692,0.837571959597717,0.954475342397093,0.431045910492409,0.564214481131436,0.245758482484111,0.557908943755749,1.11938096754362,2.4080558056152,1.0065965583433,0.79329426596957,NA
"1649","35045",11.7815445878662,1.33811598600127,0,4.20690929407897,2.15971048805997,1.73078034246144,0,3.34807158296942,4.03825302909259,1.04396986051712,3.27656002783329,0,1.43032500666773,4.47750746586819,2.22694475705337,1.08224484159976,0,1.38013315167733,0,0.522628441566961,0,1.73307370723493,2.30562520940762,0,2.36443043463039,2.23275881001198,0.937021037955805,1.01301787130356,0,2.46448822761423,2.53059167830038,1.30736166956771,0.584466711485569,0.259640925323305,0.79137313279219,1.75290634691453,2.57771094707868,1.53424596252548,0.488832960083578,2.02775080253461,0.662284643559447,1.09297303970156,NA,NA
"1650","35047",0,0,0,0,0,0,0,0,0,0,0,0,0,0,0,0,0,0,0,0,0,0,0,41.9273077892229,0,0,0,0,0,0,0,0,0,0,0,0,0,0,0,0,0,0,0,NA
"1651","35049",5.3593048205652,1.39423093262332,1.4508707779734,0,1.86411486189412,2.42115710775145,1.55141315966902,0,2.15061436312312,0,1.53068605604002,0,1.09988733543387,2.78379045206194,0.527670214998667,0.507615713405116,0,0.554053784124759,0.626279648547794,0.726068617089433,1.24498305287499,0,0.513282746757526,1.12977954887714,0,0.698831314457683,2.28646839908602,0.772744560673987,2.21582182618972,0,4.29054072672165,1.50497165094729,0,0.411456670287486,0,0,1.78194735628152,0,1.65357272778946,0,5.91891043555393,0,0.593857346858579,NA
"1652","35051",0,0,0,0,0,NA,NA,NA,NA,NA,NA,NA,NA,NA,NA,NA,NA,NA,NA,NA,NA,NA,NA,NA,NA,NA,NA,NA,NA,NA,NA,NA,NA,NA,NA,NA,NA,NA,NA,NA,NA,NA,NA,NA
"1653","35053",0,0,0,0,0,0,0,0,13.2287174018193,0,0,17.4629643495424,0,2.33046372114648,0.897182583142346,0,0,0,2.19821373790999,1.24400589729895,2.51444193230559,0,2.13824077006038,1.89113127531236,0,3.17402521672717,0,0,6.95766650741734,0,1.24812601482711,1.45626583519027,0.336554034302859,0.337091585225497,0,0,0.547106454939334,0.714109579057822,0,1.19095995089877,0,3.11740843022523,1.47305905083746,NA
"1654","35055",0,0,0,0,0,10.8649324268521,1.50478692259568,0,1.86529648383401,0,0.829498000625113,0.86789293554448,0,0,0,1.71948831718328,0,0,2.91473854918312,0,0,0,0,0,0,0,0,0,26.920304693399,0,0,5.33496828776276,0,0,0,0,0,0,8.74419003658205,6.3200752168682,0,3.00613727969145,0,NA
"1655","35057",0,0,0,0,5.8621602337794,0,1.52512965334633,0,0,1.50468366218012,1.59017405639222,1.60053789663613,0,0,3.28368872369618,0,0,0,0,2.47386354024056,0,0,0,0,0,6.72516469622118,0,4.86505455939654,0,0,0,3.26829528534589,0,0,NA,NA,NA,NA,NA,NA,NA,NA,NA,NA
"1656","35059",15.495240879053,0,0,0,0,0,0,0,0,NA,NA,NA,NA,NA,NA,NA,NA,NA,NA,NA,NA,NA,NA,NA,NA,NA,NA,NA,NA,NA,NA,NA,NA,NA,NA,NA,NA,NA,NA,NA,NA,NA,NA,NA
"1657","35061",9.50379865884122,0,8.17299498612728,0,0,0,0,3.26045635141262,0,0,0,2.26381166655763,6.16118513309188,4.32952179594859,3.76343305920517,0,1.13306001157512,0.521861822688816,0,1.7207548791875,1.21520884761735,1.83240202261078,2.24906888476674,0,0.958528856723915,1.39600232350333,1.35739747213692,0,0.472801372145925,0,0,1.53098113555558,0.91245651825801,2.00067568192926,1.92470205492394,0.865515362541883,0,NA,NA,NA,NA,NA,NA,NA
"1658","36001",0.395884868006134,1.11136251538429,0.269662364301916,0.773139352678287,0.652221900352783,0.352163355435407,0.50164409548266,0.700583719457309,0.607884845341993,1.06507841942346,1.06283907983507,1.17515365867817,2.11187872911973,0.901890313314696,0.98337972426566,0.939843129453633,0.597142525761392,2.41748774370077,2.77578282064506,1.01461103589544,1.41604761680746,0.836668550863777,1.34071708400713,0.468808317728478,1.19458737351067,1.3769497475338,1.03676842799142,1.18727246622772,0.172941133669908,0.608980671191504,1.24858037548576,0.835614223425463,1.90885507313394,3.48039070289987,1.50199389427167,0.803248019036562,0.700941651356897,1.28768336825052,2.06913430264883,0.774196832058939,0.651388851394403,0.384991089534789,0.587367765752185,NA
"1659","36003",0,0,0,0,0,0,15.9172924009947,2.24999020181863,2.81110446259387,1.00424783225401,1.62131967062621,1.40221638201609,1.27056035528555,0,0.628965431539504,0,3.00586118750499,0.75614710430276,2.82293226854558,0,0,0,1.42496131065715,0,0,1.21968928252779,1.41442349478385,0,0,0,0,0,4.13917770531209,12.7612289359076,0,0,0,0,0,0,0,0,0,NA
"1660","36007",0,11.0886817491692,1.95223635818979,3.17050281256584,0.935817887571494,1.91565066174682,1.95027879530813,1.68060697771043,0.748322228281516,0.933491517099949,0.906724189791208,2.19438182900901,1.81966357043177,1.09384849918979,0.837977528532283,1.56897893419393,1.03531983600366,1.67763467371,0.921512994705238,0.635696297734266,1.13303650945102,0.882702354990962,1.63291258297523,0.859749842458975,1.65789691819834,1.22595272764848,0.84309646354372,0.616211973669142,0.727546248142983,0.651869582098495,1.59545315336924,0.585967431464439,0.961889874401514,2.24979027895952,0.670290050895876,0.432253514004667,0.5467596174147,0.804874029182259,1.3411329454199,1.86106567181137,0.724223684674967,2.47633411600857,0.708966374843261,NA
"1661","36009",19.617755579559,4.71170345068653,0,1.05923853899571,0.928747836946006,0.889326122201933,0,1.005619001809,2.15181314525906,1.07378783828186,2.01927751773081,1.78909072072103,0.791427997421577,0.734033510286734,5.67769611478244,0,1.70450312555811,0,0,0.838916368046026,0,0,0,1.08079389230237,2.71962113070089,0,2.84852559374772,6.50980521195368,0,0,0,1.29261157084757,0,1.64531113339213,0.90433230590538,2.72459698101663,0,NA,NA,NA,NA,NA,NA,NA
"1662","36011",0,0,0,0,0,3.98175475735187,3.82970248236139,0,0,4.97474217297812,1.95856745446109,1.57443916279449,3.72979552629512,2.80415866096695,0,1.32180581869024,5.95558820126466,0.413601092075873,1.03479047752292,0,0.6333018974185,1.00902739054595,0,0,0,0,0,0,0,4.07761471652873,8.28240217790441,14.8721757346194,0,0.630825041432715,0,0,0,2.22124719613309,0,0,0,NA,NA,NA
"1663","36013",0,0,0,7.42089248873837,3.41715617561226,0,0,1.05962743705715,0,1.22541388726909,1.35116428446816,9.1535160142568,0,0,0,2.28383166404623,0,0,0.725512748264698,0,0,1.33407768951502,0,1.95572048789912,0,0,0,0,21.8884783445816,0,0.629202102740584,0,0.979511163170825,0.505495223636763,0,0.671723570388813,1.58453568494659,1.71570636678533,0,0.879831655205941,0.893500371906184,NA,NA,NA
"1664","36015",5.3593048205652,0,7.22333390279,4.36469860241071,0.746376033364503,1.75542014103619,0,2.374717280789,0.888778367296342,0,5.26538788214912,0.337677148996853,0.595455328433946,2.41251338433094,0.486781559776331,1.38004815576031,0.885308354904375,0,0.240183585667718,0,0,1.77877142904443,2.60404927373682,0.528342067310906,0.509918345060987,0.498323250289165,0.509831238975111,0,1.27979347845527,0,0.878292505425197,2.87028577110878,14.7073200006848,0.974520326837374,0.448146611559289,0.919022793855841,1.00543771403926,0.495950048712338,0.175797348280539,0.20009114537593,0.24064778627096,0.301878112043978,NA,NA
"1665","36017",0,3.45810439938785,0,0,2.08260457966999,7.01232692600836,7.54530026487631,1.31617658657242,0.958535657422691,2.67196424732417,0.643054271737678,1.16902651565603,1.89925162796109,1.00733097137603,0.71944039625609,1.16919812045611,0.466520582731054,0.485150241556203,1.28699121940922,0.2743468753825,0.598022541188571,0.658924900517321,1.0827783875059,1.15148273298359,0.79313823278986,1.20429553971759,0.404429184696318,0.420444194319251,0,0.531797849338848,0,2.34950281770014,1.70004129065754,5.22259022021629,1.12939170522544,0.905541539505412,0,0.401925273662663,0.8650279817818,0.486431024392992,0,0,0.876778118160142,NA
"1666","36019",0,3.45810439938785,4.39785546073277,0.781201081786619,0,0.626878735738267,0.649876831680792,2.70223792841063,2.53630219505898,2.16036049424432,0,2.07322230356816,0.382265279244809,0.750662714028652,1.1434966277506,0.395492551099904,0.841020016462368,0.452999739701114,1.45948919865162,0,0,0.659700025422169,0.772462179988622,0,1.09421599363605,1.24591754110372,1.31851989109158,1.30365989346285,2.40544495889125,4.82412451486646,0,0,0.634731196299268,0.665221644937506,2.12256931127231,1.42464481917564,0,0,0,1.83646039932404,1.02145420956119,4.04459225427749,1.70544090603458,NA
"1667","36021",0,0.438767185307648,0.347991860136911,1.58160997726561,0.917878879808855,0.925873215120819,0,2.04759345009639,0,1.81040534279466,1.42032104435419,1.98879814174923,1.76839996220763,2.97771368256181,0.208917947501041,0.384426820769565,0.761943166123912,1.36883071850736,0.204834350895805,0.665322617525184,0,1.66868402707677,0,2.30470036342745,0,0.348695406633649,1.4633707342264,0.757972964387475,1.54693581412903,3.25424444779085,0,0.890894879296628,1.68493339244009,2.80554561656414,0.675512069203455,0.623305274280323,1.57876428697429,2.02454943275842,0.847938527271645,4.65507137391359,0.352016707170297,0.411683973838284,0.394263370535695,NA
"1668","36023",0,0,2.86085361663031,0,2.22230697874396,5.52420009367112,1.38336360336185,2.14648429869965,0,0,0.886362898620037,2.77431275139023,0,0,0,2.32995655960387,0,0,1.54708090899658,0,6.51895319685662,0,1.11687690332472,0.994477460363785,0.933605875327353,0.91618593868604,0,0,0,0,0,0,0,18.0755168308953,0,0,0,0,0,0,0,0,0,NA
"1669","36025",0,11.0886817491692,5.35776793515118,3.11466830727014,1.08184559745704,0,0,2.64216341045061,4.05761179485166,2.60104274628003,1.02728174281326,0.867138204693946,0.788895303550492,0.386998929441628,0.809382375235022,2.90116404315993,0.398974460292928,0,0.812652603379048,0,0,1.82538186426235,2.03650939036512,0.688516683512348,0.6735214889918,0.662113185215,0.670519260205877,0,0,10.0813816315972,0,0,0.406435626667906,2.69469858249479,0,0,0.422802168132095,0.48937275216807,0.58201136380345,0,0,0,1.52964652196584,NA
"1670","36027",2.53461243559069,1.85824560479602,1.57728803973901,1.60879698607129,1.31442122136906,1.26217907691723,1.82126887264644,2.02898759084237,2.2347265209147,1.30221615205259,2.12273429274285,2.11956935525685,1.62529845103503,1.50684839089049,1.07755542031349,0.53937087840497,1.28091936767839,0.85461940750137,0.925762067180358,1.29862858120009,0.834903668539196,0.387306527366951,0.501098277531224,1.1530891556002,0.402642700006606,0.67794484895957,0.768474349155409,0.55547678146731,0.686654753289175,0.800669799114631,1.09780529551866,1.30936094602004,1.08110084143017,2.55955894229693,1.10329515356786,0.926947782042027,0.330390413732591,0.885940921034464,1.04450046908163,0.719037913754797,0.744261617760482,0.622932035509796,0.808854315986556,NA
"1671","36029",5.85335205643262,2.54823972909621,0.512170218982037,4.07756730059203,1.46629507011852,2.22794522259403,2.38428871623028,0.606257323207764,1.05522429514242,1.46015954987638,0.591462415931577,1.9229500826007,1.15628414299336,3.50049047534461,1.04103714029453,0.875554412653003,0.942349453500389,0.869498164558097,0.594701772640131,0.0765509883282763,0.695498732917599,1.08887471672353,0.92328374841338,1.1672430504234,1.96841066139183,0.958585666126696,0,2.12725692746738,0,1.17325275790858,0,2.35260641680655,2.10154084181577,2.08056365876123,1.87689000251049,0.599221197614183,0.562490906614645,0.871184598884945,1.02205479713534,1.37843157346512,1.00101318270599,0.952573078601329,0.778119807578325,NA
"1672","36031",0,0,1.95162457285785,1.65483862258168,0,0,0,0,0,3.95046339189225,4.0474495871427,0,0,5.0557412852666,0,0,0,0,4.82303363566328,4.20000887216416,0,0,0,0,0,6.5354000441029,1.92142047156844,2.96573299736212,2.20109189439361,0.869653760461133,0.758770289617552,0,0,1.78753055205286,0,0,2.69992025477495,1.36341323684778,1.28574095328052,0,0,1.33118604637787,0,NA
"1673","36033",0,6.38923392032348,9.50057681065498,1.76373081997694,0,0,3.13103328821143,0,0.986841251044097,0,0,0,0,0,3.4160452252443,0,0,4.36036971552573,0,3.2163821539598,0,0,0,0,0,0,0,0,0,0,33.2861090069034,0,0,0,5.25564223319591,0,0,0,0,5.09017878711671,NA,NA,NA,NA
"1674","36035",0,0,0,0,0,0,0,0,0,27.462168420246,21.951348993091,0,3.91757968658563,0,1.58994030139638,1.42899339568758,0.674070444197493,0.668540778242448,1.99862185268955,1.89006642107425,0,0,0.637060975442643,1.40224985116697,0.763322492320022,1.60780881366125,0,0,0,0,1.51929244092454,0,2.3407276572886,27.5890080623589,0.332860362039324,0,0.697606488106213,0.164861177569541,0.697797942065402,0.785429968470764,0.899270172887084,0.756906443828268,0.550855791501961,NA
"1675","36037",0,0,5.35623193094833,6.76984580054302,4.08297064510316,1.37285072580767,2.07383734165689,0,1.610858610354,1.52233841650791,2.11975218195119,0.647211710624805,1.79135671880577,1.09577480420744,0.519093287266358,4.66491874506632,4.86076598821596,2.18152631363981,1.62556641428575,0.299028483704873,0.417731276764557,0.143425045540563,0.798292171551082,0,0.460128331765301,1.40458927078004,1.27449383020508,8.21704056846788,0.384148291385391,0.303602522944186,0.136886721958162,0.552362229471541,0.152421355734021,2.42280330511927,0.557900171074522,0.774740553752903,0.199831094404762,0.633145815842766,0.230878864868443,0.265937934619542,0.321154745614552,0,2.03243553503684,NA
"1676","36039",0,6.38923392032348,0,1.60800813701712,1.38047974881032,1.25330567694705,0,3.50537920481653,0,7.04366626681642,1.86101314864164,0.94309518459444,0.40139789778681,0,0,0,0.651792307202158,4.78625581098577,2.25736018106778,1.83790210723093,3.27817832554379,0.369037675727743,5.95179351997773,1.4399948404845,0.166449449531212,0.455764543740626,0.755695136246684,0.480333544968426,0.179827605950637,0.213139483728574,0,0.68220741766319,0.439750601180108,7.81616048307765,1.06368815252577,0.281188565311656,0.24839589019426,0.487724118822153,4.05214440184577,1.68676816622136,0.556274232344549,1.50532848042585,0.466930950510426,NA
"1677","36041",0,0,0,0,0,0,0,0,0,0,0,0,0,0,0,0,0,41.9250628452275,0,0,0,0,0,0,0,0,0,0,0,0,0,0,0,0,0,0,0,0,0,0,0,0,0,NA
"1678","36043",0,2.3705768629988,1.68417106865375,2.62880549713235,2.11381501641148,0,0.860729428921995,1.67992044287463,0,0,1.97489019359712,0,4.27853519168771,3.51827256510032,1.99615024761656,1.05018796469436,0.899759469888128,1.23508698500172,1.55048306720984,0.374649796366766,0,0.422527959580452,0.485990441525892,0.576608687356489,2.00156002482701,2.06849614941005,0.651944857591413,1.21247074432024,0,0.597622977458693,1.88181870619671,0.646532005206183,1.31641862007563,0,0.70175412580881,0.752312600987697,0,0,0,3.0291654056256,1.63128675648082,1.54926799875134,1.37577147297186,NA
"1679","36045",0,6.38923392032348,0,5.76834489338417,0,3.3725120120005,1.35690869884472,4.27343718441875,0,0.747677595373814,2.06703660535116,1.87785762448567,1.13183069557031,2.9793778860827,2.8252868450355,1.91511541785417,0.267517916374268,0.495133975315384,0.250224890962446,0.27480479414192,0.641735585368947,0,0.492585168171949,0,0.809016287195044,1.948420973272,0,4.21276588148647,0,0,0,1.88928514090579,1.96322260410389,0.966443319853791,0.930248274911089,0,0,0,1.34476960626919,0,2.00794903515664,0,2.31174866940813,NA
"1680","36049",0,0,0,0,3.15138939200099,7.89022194927775,0,0,0,0,0,0,0,5.18556156563779,0,5.00801372884203,0,0,0,3.28310131574634,0,0,0,0,0,0,0,0,0,0,0,0,0,0,NA,NA,NA,NA,NA,NA,NA,NA,NA,NA
"1681","36051",0,3.45810439938785,0,0,0,12.4864835525883,0,2.48148887960265,1.28087228225717,1.60474644676205,0,0,0,3.72198430082669,0,0,3.24440794689947,0,0,0.634333017303019,2.66769637495511,0,0,0,0,0,4.46900839507429,2.94225716459987,0,0,0,2.3673397217797,3.41706232373766,10.7062878286108,0.904936564612906,0.653175955130391,0.819332662187906,0.510100530972529,0.521486940924008,1.12213919421957,0.910276369065067,2.19250613462149,0.606841369132185,NA
"1682","36053",19.617755579559,6.69156321348423,2.34563519696733,5.68814833784348,4.75574679017483,0.297721999746834,2.99173482975825,1.29739798303011,2.0310641046242,0.819119786277828,1.12975151918861,0.121941770568697,1.36840865383887,0.388011175729469,0,0,1.92602566240352,0,0,0.895450700529,1.67155801150451,0,0,0,3.57615926239889,0,0,0,0,3.08412468605412,0,0,11.0706148307153,0.943783811847225,0.350542190677167,0.600566447745501,0,1.52601392925722,2.50551962494999,2.87403636216647,0.495637152184647,11.0092419867785,NA,NA
"1683","36055",2.22479327927015,2.3418912926054,0.793718179462701,1.62709711841754,0.870652345768769,1.6325191498558,0.737506025580654,1.14531681659152,0.464850357601938,3.71057371128082,2.42474246617273,1.23703366813915,1.15240196772878,0.779665697045453,0.542478385524308,0.471724968312945,1.25596315318293,1.13240756927716,1.09030512924143,0.626563328241916,0.789469983835734,0.655825870345083,0.744303388350793,0.993698060093625,1.45822468789486,1.30223679640752,0.969515801470628,0.68671432586368,0.630010440967238,0.476388526108946,1.32772645124361,1.31416457457901,1.53736156806044,2.59372650103336,0.821266300343963,0.364169032821664,0.942269270729939,0.784783595093031,0.913911922060823,0.956963731444232,1.4865805365243,0.845905151836707,0.761606154435631,NA
"1684","36057",0,0,1.95162457285785,1.65483862258168,0,1.51445619897736,0,0,0,2.38384321027843,2.53933465625435,4.39427129507037,4.62697339625112,2.09955480847352,0,2.09210774089083,0,5.66697757932689,0.456487913161807,0,0,0,1.46895525190036,0,0,0.90046725445554,1.07622414869733,1.1953354888049,0,2.59515230302145,1.2273034104526,1.1390546637186,0,6.66103480067343,0.727871781335235,0,1.1228807481612,1.08413089333815,1.07825711570051,0.548996538721979,0,1.27744907517248,0,NA
"1685","36059",3.23522854194335,1.39385013995468,0.976570371400576,1.23372395006948,1.32068344758316,1.46879562329046,1.42807845952482,1.32229558466396,1.6283835957409,1.25249709707006,1.18184891966009,1.52636898812179,1.30247279440449,0.972695499629417,1.07722723538437,0.857081296047498,1.63461969889165,1.28740593657407,1.056624263501,0.795373945532582,0.711313755558236,0.604355698359679,0.706642921620698,1.23413840294227,0.930926850378502,0.698955883988347,0.606645797062221,0.82648126126216,0.696463760546282,0.453411083470124,0.589738462925458,0.781750798853506,0.967473009311751,1.64337635581031,1.14565570882683,0.53091036565024,0.342726853465352,0.686232925116741,0.61777110477915,0.6037916733925,0.789347443522967,0.640475730474759,0.502195413525779,NA
"1686","36061",3.12331681512747,1.66770996367956,1.33834578968189,1.47764681593332,1.19835737065204,1.26085560248046,1.13782244365046,1.01365025301325,1.50376203723316,1.09499252217572,1.06184934936288,1.25037833736928,1.37408468311955,0.908104824122507,0.962406960104649,0.962139905970434,1.00642897412218,1.06808164694954,1.09232669521297,1.19455245524341,0.97010469244273,0.697800772588124,0.73653368971027,1.5823613975629,0.972899327859111,0.838968891197134,1.61009075924479,0.595733184999471,0.483658624945403,0.586833569001788,0.663224448603099,0,1.26121911448193,1.40224556553646,0.994358856203772,0.713434657401769,0.59743724657805,0.830283454650461,0.909568131307113,0.799802727641849,1.0092395358411,0.77845744406266,0.542492085873893,NA
"1687","36063",0,0.82114403326048,1.25415409743316,1.08677520107746,4.23293692091099,3.63498507650813,1.37604885678015,0.675903911795411,0,1.02891989984871,8.01204457996273,0.392378593040483,0.736847676358144,1.36805013090234,0.338620618052322,0.511877752921592,2.52663581962586,0,0.0904997046393925,1.06959858553964,2.69800370558615,0,2.07367413827406,1.14135601073125,0,0,0.677237733778953,1.32191485183379,1.10075082319717,0.654373742174453,1.08428994891896,3.4581595953548,3.8195782719555,0.956262402151628,1.56516073114179,0.570091512108091,0.434787826524179,0.83217279024135,1.10912832583323,1.22082623453847,1.05770600472943,1.05305548622482,1.15247570237258,NA
"1688","36065",2.86260695800588,6.83738027242493,0,1.91921917437306,0,4.83185427705612,1.18440802471043,2.58312560348632,0,3.76482562189537,2.10283536921868,1.56664264073873,1.2004184811639,1.75681172024394,0.532745567682128,1.80378709668018,0.666594069175535,2.92857138619212,1.10161616053089,0.643386738218563,0.948517374644918,0.733563825876348,1.53689863882932,1.12438877482161,0.198896512079083,0.823349759275814,0.508257522513338,0.553357958671901,0.354073510966832,0.508720757972987,1.94642177042135,1.87701697347191,0.673340082128088,4.04299583535468,1.5859299659462,0.859379745638522,0.826503585086349,0.620491498678599,0.965965691137752,0.708314302780588,1.41686645791736,0.941940329146459,3.60035683838831,NA
"1689","36067",2.0765903381051,1.03127266742835,2.21989635742049,2.47081759483542,0.822646082578638,1.40439259598191,2.6042820648366,1.59225198815197,0.865766823883249,1.05890788432459,0.864517496607656,0.749112150054452,0.980920529740108,0.56560687359209,0.521749270155223,0.867671142299011,1.16098939213792,0,1.79978024008651,0,2.16894376860044,1.43682295593576,0.887400178725669,1.28258256432981,0.754599339978696,0.881628543829249,0,1.96316747699817,0.468174003526347,0,1.25626631360784,0,2.7284201786958,1.6933213797575,1.71460774989693,1.80889494606765,0.747396883219354,1.69300541707623,1.90774186683256,0.966365770702241,1.36942834616198,1.44538193173543,0.529580765804444,NA
"1690","36069",0,3.45810439938785,3.38721485986034,1.63591062496862,1.94185473328594,1.09111856417933,0.981135972431643,0.928182106449563,0,1.93625465009466,0.981305320208984,0.982944573369028,1.44677147592473,0.470165643118103,0,0.520543803499394,3.30522717143895,2.06253469891787,3.42655869659588,1.66930412115209,0.27703703889747,0,1.05216810855673,0.283833612763202,0.958550457808467,0.720105622725443,0.797949111586771,0.434413587507051,0.474081881084904,0.524311496220585,0.589261797913514,0,0,7.69462323576704,1.34787045237062,1.05893215225207,1.74054164996327,0,0,0.421520984954992,0.496422548967767,1.77262500979835,0.664418431135574,NA
"1691","36071",6.04634221364273,2.32300657740797,1.96436349894939,1.21817861972886,1.45636041077833,1.56144072148139,1.09614531346925,1.32264716131122,0.810785261625457,1.29741738614122,1.47761122072879,2.32697546942587,1.74087499893532,1.9361025249418,1.29071515111492,0.983692247535232,0.765241330690175,0.716419358215113,0.700667846738959,1.0384086120198,0.626354965465564,2.04626985588764,0.814496705983618,0,1.55086756331569,0.891597065886247,0,0,0,2.97082042302133,0.76262815668607,0,2.18653933720437,4.58107676287967,0.594814435238533,0.507544695392308,0.489708066757846,0.416480996324824,0.640781310691828,0.451982086628499,0.821997265945529,0.339689461065767,0.330740279404555,NA
"1692","36073",5.3593048205652,0,0,1.92526119191058,1.7697660057397,1.63421899981778,0,0,5.96444335287228,1.20909203228144,1.95788568300263,1.60860430224087,0.696800619356379,3.62327592317364,1.01391757848048,0,0.448457441075928,0.473241508025449,2.51483257246426,1.00761916757842,0.496899389980519,0,3.50503881529284,2.22381242229268,0,2.47150688970437,0.944996948996815,0.875514141179283,0.285257687618702,4.07020488507147,1.17789129212878,0,0,1.09034494160581,0.941453933959904,0.769100096255935,0.281172049638172,1.22802688518147,0,NA,NA,NA,NA,NA
"1693","36075",0,0,5.35623193094833,0,7.37410337758331,1.01657818203572,3.69673699811574,0,2.43163437726061,1.26385330229078,1.86606312779803,0,1.33797509689024,0.667075933998087,0,0,0.926804808068584,0,0.700339567118452,3.9560910304301,0,0,0,1.62117458633861,0.869756070655325,0,2.05988570755179,4.74914106574017,0,0,0,1.47339054039184,4.37951806955637,2.46112694501861,0,0.91431804059385,0,0,0.553688120903296,1.34113744197559,0,0.951337467520917,NA,NA
"1694","36077",0,6.38923392032348,3.73038711983005,4.6719127493297,3.06425574780038,3.18312945911305,5.02467421792446,0,0.866352395117831,0.797360661948814,0,2.10978173378704,1.28656949347381,0,2.17232716323274,1.6389165868142,0.383634792104658,0.747466752513362,0.754327690323266,0,0,0.549477153961657,0,0,0,5.0367009831577,1.64624138822543,1.40544919081091,0,0,1.21159808639507,0,11.4751456223709,0,1.14641572494631,1.41452465487246,0.422773547286767,0.41691798674791,0,0,0,0,NA,NA
"1695","36079",0,9.57040521622617,0.21631298933502,0.811420549722453,1.1856193421505,1.28867257358359,0.809778410225345,1.41491799827199,0,2.49203568275009,0.541933958304319,2.06154034302589,1.61621769551344,1.44678647868814,1.30015425480509,2.13430414885266,0.836412131812802,0.901898077401792,0.929039697885244,0.211547507643987,0.420238286491832,0,4.98003364888228,0,0,3.14640563718712,0,1.29451903586939,0,0.860936249022856,0.77069710713809,0,0.166472854556831,10.2322561492117,0.509807660593303,0.434635615237565,0.126995734197717,0.251511233766188,0.471304985679124,0.461305220598447,0.369003851320007,0.356644842354605,0.577903917857328,NA
"1696","36083",0,4.38698601890002,0,2.06996970751047,0,1.15476945655512,0,0.191903124834741,0.453120847063936,0.277518131810454,1.68996263484116,2.5709908023838,0,2.34402795200759,0,3.89735409828823,0,2.99769365949616,0,0,0,2.37356045308677,5.49266676641723,0,0,1.36543763039562,1.81880008627685,2.61605965555505,0,0,1.71300491417765,0,0.844564270414466,2.88896924121623,2.42295632867429,0.404066756882027,0.37239050443955,1.08713248612164,2.20522998665303,0.922878640759085,1.04322534995581,0.853150016808957,1.13878815530139,NA
"1697","36087",3.40025990487728,1.07639148272077,2.80765140259073,1.6580846670998,1.56010180092269,2.24751828563927,1.37881263516604,1.17866398491414,1.25251119704135,1.50669839432484,1.3123637958898,1.52192064253413,1.51410953436091,1.08432777882387,0.847820791842872,0.630910184407122,0.94093362127972,0.581712405030325,1.11135865421083,0.902303176958058,0.646029372837809,0.677256905472372,1.07689629838204,0.424930008507685,0.903985896931273,0.812007045815807,0.675942666214995,0.755702480333181,0.391676280260926,0.513629432256328,0.676580469640047,0.746367233784228,1.65473261852978,5.71357148074916,0.733269255686169,0.405705328396495,0.294135623418103,0.453303060442773,0.453070984009158,0.446510204696902,0.681056785096969,0.488682842357296,0.503051083037337,NA
"1698","36089",0,14.6904074042041,0,6.06293496783761,3.78729800053801,0.669928469390122,4.95032126177937,3.77483172981424,1.24505812540471,0.807569015205241,1.59164995575749,1.44124398191185,0,0,2.85396183987772,0.670447600550246,0,0,1.19969004802312,0.225156320938259,0.77790984409228,0,0.36023385562729,1.27919689542289,0.962387530609307,3.40202845291005,2.10822664206863,3.32986899919191,0.784158477177777,3.35552516506518,0.851562765332414,1.75327126887845,1.41357576539012,0.237878902726925,0.119570076985847,0,0.46547285578365,0.578348935527765,0,0.324074148155454,0.423522490741798,NA,NA,NA
"1699","36091",0,3.54854512713056,1.48114431967486,0.965653989092085,0.859332012353843,1.27000339205838,0.538541818241171,0.556809908725261,0,1.56730125623642,1.2032195782467,1.1153344126395,0,1.17907309499125,0.41078071347589,0.296804353712507,1.15173534933546,1.76229214378044,1.74706692809271,0.82253327456609,1.38067686282485,0.72230630795076,3.06572331218933,0.358483731598938,0.452853572166736,0.567646077120283,0.948312622948283,0.881032544353955,0.406454140832515,2.54517788721645,0.68790685871344,0,1.77126282679905,5.09042182025017,0.96419535331296,0.487480437302079,0.521489060971731,0.223369453451062,0.642790293687182,0.365958337055147,0.326271336018286,0.266095469740378,0.656578762968837,NA
"1700","36093",0,2.64818288401957,1.70544600513634,0.87748277174576,0.455894144532836,0.680153907890415,0.479658162082482,0.531037645314979,0.750929982374779,1.3354631477741,1.40094369935492,1.54561318546008,1.12856218208853,1.63476598779139,1.35494596437712,0.878654693997027,0.485326337354068,2.13897176059279,2.61758542551214,0.292193348231333,0.459152066913811,0.459920660723844,2.85625908003795,0.178240162643959,0.71025909602251,4.14348303682256,0,0,0,2.99443257607014,1.15376310608932,0,0.653138294208763,8.29723239289059,0.793635469598539,0.279668598040207,0.375514049905577,0.311230068791926,0.738916210245267,0.495724547222809,0.314066803217478,0.323685472135445,0.521551448184138,NA
"1701","36095",0,0,5.35623193094833,0,3.29763030713821,4.93136925205942,0,1.54723224869781,0,3.87510720564633,0,2.11580212051129,0,0,0,1.28803005897948,0,0,0,0,0,0,28.3782934744904,0,0,0,0,0,0,0,0,4.33209457422304,0,25.9485279846454,1.6613129433662,0,1.22971913008851,0.369813158274528,1.10192515093586,0.385506707446495,0,0.992746301790996,0,NA
"1702","36097",0,6.38923392032348,0,0,2.99910157542646,0,2.62332262856855,0,0,0,0,0,5.22924922952197,0,0,11.2799467151342,0,0,0,0,0,0,0,0,0,0,0,0,0,0,0,0,0,0,0,0,0,NA,NA,NA,NA,NA,NA,NA
"1703","36099",9.50379865884122,4.20373720110854,0,3.01421435407446,0,0.784120504253585,1.54526687045331,2.23159838947931,0,0.700862185759952,0,0,1.90443264032328,0,0,0,0,0,0,0,0,0,0,40.8638458082889,1.31868858561553,0,0,0,0.333575870101151,0.810306847792151,0.512922539010761,1.88321389258714,0,NA,NA,NA,NA,NA,NA,NA,NA,NA,NA,NA
"1704","36101",9.50379865884122,7.64133496367432,0,2.37980178234319,0.647025867776996,0.591927496189914,2.26230465387477,1.06760044704046,0,8.29328380321602,1.51969241718756,0.694721965461469,2.63450864886572,2.00531298071137,0.267541943446637,0,1.57915346036236,0.682773627000746,3.37378897048866,0,3.3350414727921,0,0,0.382466680911847,0.321913011961909,0,4.09775224621761,0,2.05984614495558,0,2.4078595991191,0,0,4.02858786848796,0.338628553235599,0.21565325154912,0.109498268912549,0.475405841184073,0.2735897335299,0,0.217961432637566,0.2950729211281,0.405329058869994,NA
"1705","36103",4.49869231959352,2.32201065831982,1.41772591089564,1.39997115280762,1.64329827578897,1.68956747743258,1.77040749932861,1.36889266482364,1.47440094635989,1.29167149898745,1.50978052002844,1.6943786151749,1.32538842948559,1.73208751945079,0.944661231798526,1.14776383344021,1.14669606451775,1.36189790230806,1.1027020480042,0.000718921834786054,0.462914090453525,0.588186490119889,0.976128210747862,0.862972713718161,1.43452019299478,0.256811650736001,1.30763464990237,0.884943915681746,1.46315437892727,0.667938739840162,0.181008401711882,0.890959741130483,1.3726444493892,1.03994341336328,0.955641990782432,0.574157395371692,0.367156096696399,0.833304091329136,0.665894168509753,0.682896630791397,0.884227019274543,0.815235151886313,0.513321757319847,NA
"1706","36105",0,5.93213006080752,4.95224602866559,2.7497387159257,1.55448831461172,0.915080686472401,1.6027440023042,1.1858983010199,0.435810063542879,1.29849546944415,1.86228623443987,1.96682779863007,1.74482399660326,0,3.43130415670574,0.846746839937206,1.16506703205231,0,0.95136203974501,0.993436690694317,0.857356530898409,1.09809746293401,1.75892550447616,0.441247267347157,0.63420603707593,3.1882998021722,0.805517415823753,0.512435362333382,0.879234030186018,1.21400827194905,0,0,2.2835907494252,2.91068471788926,1.49192130831846,0.894026196450862,0.70962967216751,1.34072890323454,0.836806797748484,1.28923192254046,1.53029989870166,0.582208654809002,0.722201889727246,NA
"1707","36107",0,0,0,5.25744058045737,0,11.705727159264,0,1.30138218418191,1.07617436346596,0,0,0,0,0,0,0,26.6253951984002,3.01027897626719,0.880113463920421,0.658349341205692,2.21888086561075,0,0.50684105033274,0.542678505082909,1.19306468646048,1.89327722617874,1.24523772538808,1.74464679302173,1.05646965178685,0,1.00597290476776,0.526149447181586,0,14.0671200030568,0,0,1.86311268207322,0.308748659315749,0.616553703184323,0.329397180370791,0,0,0,NA
"1708","36109",0,0.496576590114914,0.777669675586074,1.71821642646402,2.76863202678087,4.02615040058531,1.55351985105208,2.14547677689113,0.384527428199296,0.356372468547155,0.481276119813989,0.904925120538942,0.852216029226553,0.315317366065254,1.21865875543602,0.188774301203395,0.415555138140409,0.466765106483403,0,0.329666725724636,1.99226720619353,0,0,2.79595847087603,0,0.573882843597188,0,0,0,4.08871142737117,0,0,2.1790453684418,4.70943862823999,0,0,0,0.744835375742014,0.85417849988173,0,0,1.53600814838634,0,NA
"1709","36111",0,6.08579897815733,5.96412478328994,1.62483025685914,1.83077429815052,2.5096935320651,0.773049509175428,2.27271642457333,0.778212988703069,0.64369857143104,0.76207821435668,0.992178180763147,1.19436326503444,2.91176172746547,0.926186205360332,0.565759851099058,2.096463840834,0,2.04169198615667,1.66993051452396,1.70635739602955,1.41266018189091,0,0.620140057756241,2.16206699647032,0.747638248272765,0,1.78891830123115,0.833076542358261,0.480667124246247,0,0,1.10069070526743,6.30745161827632,0.658448949276256,0.66625246220201,0.227756948262156,0.450014364021679,0.588926739749995,0.468004476182241,0.831026729858675,0.465778971488212,0.497441527238947,NA
"1710","36113",0,6.38923392032348,0,0,13.2541849916434,5.633936813452,3.23255729191246,0,0,0,0,0.553060271453648,0.738161294566212,4.47077861052022,0.855049792631532,3.52550549553754,1.10052292419677,3.05651247343038,1.0608670004224,0.312530271107156,0.603916365823221,0.622584179579039,8.00916667470021,0,0.677799773144413,1.48706664851666,0.41544855261721,0.279923492758273,0.754059720818627,0.169813675422376,1.17458564492518,2.33494964733774,0.632555209082326,1.99068310364035,0.549610304560164,2.03352303258857,0.472869135264202,0.310650843109088,3.60794251680301,0.812589088242755,0.376358176488514,0.369406746049594,0.51343776432639,NA
"1711","36115",0,11.0886817491692,2.86173001875628,0,3.06375325721827,3.55661110768993,0,0,0,1.94957637302541,1.0429294450887,3.09855929031709,0.926385069893189,1.6300933790537,0.727807120366878,0,0.725044877108711,3.66353689018774,0.679053067693415,2.98822729288664,1.49250116288497,1.26759968124572,1.12218764903909,0.697594631460169,1.35296822690491,0.669495076773593,1.34322063283485,3.45318291988321,0.54837931197122,0.745215676712624,1.16805905109406,1.55809887896406,0.644218587790675,5.65311636871302,2.00507170999744,0.342660002461283,0.102138597304378,0.305836854144625,1.51707994381357,2.45561649633835,1.48585379140328,0.198149266056782,0.194198669284757,NA
"1712","36117",0,6.38923392032348,1.32186925243369,0.997729189526504,2.47049339949139,0.712513943383762,0,2.01414991722892,0,5.65624878031313,1.50032540952085,1.21279293074919,0,0.684331596735497,0.707714513474938,0.386227148846841,1.70866478197584,0,1.00272267586829,0.53613215411333,0,0,4.45275426377122,0,0.689938930782117,0,0,0.838732649950678,0,1.25361891735424,1.47552756645982,1.55945021643662,0,13.0343774061163,0,1.8420515162879,0.374368222291302,0,0.366856617697782,0,1.04511581292079,1.27742523100648,0.733937701650861,NA
"1713","36119",5.77625233670202,2.80580188655643,1.47964896710495,1.77705887872972,1.4713958202209,0.729902788085953,0.656005019939574,0.829275151622778,0.685773102383433,0.813516197551406,1.06546010146189,0.98473765807986,0.938937133151217,0.838118198906496,0.759435278742486,0,2.34939620635895,1.62316561847967,1.45723328845208,0.815838450924837,0.692495317749809,0.556204828991934,0.496906999822954,1.00106961787058,1.2515722851865,0.959886633025976,1.05667230592294,0.93400797861137,0.751087798263524,0.533289814952133,0.986427532511308,1.13375270570017,1.14683264329627,1.02152773408064,0.738022098249856,0.592465772452615,0.430016450302124,0.743647937937269,0.737058128404132,0.620357050854114,1.02260309053164,0.718335344074854,0.630355212065537,NA
"1714","36121",0,6.38923392032348,0,4.48036028501387,0,0,1.03976153500898,0,0,2.97737944412409,5.54799705326979,1.07134308898547,2.47344763076043,2.53713188815377,0.516918353654945,0,1.85992559069414,0.922354027478568,0.468669691448867,0.491630521600848,0,0,0.766164816648355,7.874020888214,0,1.0288370650531,0,0,0,0,0,0,4.20158521521625,19.3591212039676,1.28153809882072,1.60766422271075,0,0.566086910834495,0.575007288830888,0.316618790984933,0.370779965867305,0,0,NA
"1715","36123",0,0,0,0,0,0,0,14.0040270250776,0,0,9.25939352626127,5.27833608835667,0,1.37222566257615,1.18815983443097,1.09692771468125,0,1.1344674898095,0,1.36571472206963,0,0,8.39787988400274,1.24627923332939,0,0,0,1.01306803009184,0,0,1.96583562319325,0,NA,NA,NA,NA,NA,NA,NA,NA,NA,NA,NA,NA
"1716","37001",0,3.45810439938785,0,2.04404960564744,1.78082260793466,0,1.60773907441004,1.55475939310449,0,0,8.56323252238552,1.03364543134654,1.58007470580002,1.90279354391297,0.543881044235358,1.97193836633689,2.61727275238481,0,1.10135761431198,0.36235254379953,0.752740015524582,9.99977827557334,1.03896178897453,0,0.279073923061289,0.277456573790378,0.153158375903905,0.369396719858593,0,2.46702884990307,0.71031155980717,1.10896408775777,3.38785735669209,1.13883508374278,3.043031854516,0.195675590752201,0.538974986725464,0.357870672820063,2.37629705061101,0,2.22417335691037,0.537648964286737,0.704182333408627,NA
"1717","37003",0,0,5.35623193094833,0,0,0,0,0,0,0,0,0,0,0,0,0,41.5302221110215,0,0,0,0,0,0,9.82330729984825,0,0,0,0,0,0,0,0,0,0,0,0,0,NA,NA,NA,NA,NA,NA,NA
"1718","37005",9.50379865884122,0,0,0,0,0,0,0,0,0,0,0,0,0,0,0,0,0,0,0,0,0,0,0,0,0,0,0,0,0,0,0,41.9273077940323,9.50379865884122,7.64133496367432,0,0,NA,NA,NA,NA,NA,NA,NA
"1719","37007",0,0,9.4989667055933,0,4.35008294125231,0,0,1.44807325230099,4.06063761313821,0,1.09583911327502,0,0,1.24469064622774,3.9084140731587,0,1.14738442746904,1.07546983072041,0,2.12423150996584,1.04784880494813,0,0,1.2467096757972,0,0,3.80517129015169,1.83004229343174,1.600322535792,1.3674989085518,2.326387084531,1.95446457643649,0.844119331713426,0,NA,NA,NA,NA,NA,NA,NA,NA,NA,NA
"1720","37009",0,0,0,5.25744058045737,0,3.70150115844827,0,2.6995921199457,0,0,0,0,0,0,0,0,0,0,0,0,0,0,0,0,0,41.9261552738774,0,0,0,0,0,NA,NA,NA,NA,NA,NA,NA,NA,NA,NA,NA,NA,NA
"1721","37013",5.3593048205652,0,0,0,0,2.51331852540272,2.66834406620139,4.59985062086236,0,1.49392821901758,1.30299080956551,0,0,1.4143619554531,0,1.81641166571825,1.88879323305834,1.77799306330696,0,1.55528094449664,0,0,0,0,0,0,6.82929109259967,0,5.24293382832572,0,0,22.3962148494409,0,0,0,0.755608373997383,0,0,0,0,0,NA,NA,NA
"1722","37015",15.495240879053,0,0,0,0,4.39735818532689,2.03320625896912,0,0,0,1.9445807157591,0,0,5.19083734542302,2.20868545791939,1.75927334410023,1.42710776726286,0,0,0,4.49709416335058,1.41453554580908,1.25591162764033,1.106608334536,1.95932126016096,0.879643754180626,2.38716474692168,0.716517279428312,1.32730953488304,2.41402117995468,1.58925544802566,2.70017297085107,0,0.365448607273199,0,0,2.98730937254916,0,1.69849667374748,0,0.581955201148614,NA,NA,NA
"1723","37017",0,0,0,0,0,0,0,0,0,0,34.1314925026599,0,0,0,0,0,0,0,20.9954035854052,0,3.31412578606791,2.2916650023722,1.74610117579159,4.03968958313028,0,2.72371793735011,4.92445589716564,0.531752730824626,1.74031307329646,0.755269969125559,0,0.744360604600708,NA,NA,NA,NA,NA,NA,NA,NA,NA,NA,NA,NA
"1724","37019",3.73187737416727,1.98724770320809,0,0.619960542274104,0,0.682790204204069,0,1.96995071835204,2.15921686037901,0,6.40900886748629,0,0.58755227121145,0,1.13530428105874,0,0,2.56660201400293,0.922473756162066,3.50069001866888,0,0.695294451335555,0,0,0.869584910111752,0,0,0,0,6.57573551484323,0,2.56717160157573,0,0,2.02539027744184,0,5.89355417277086,0,0,0,1.4851176502027,0,5.00316446407613,NA
"1725","37021",9.50379865884122,4.20373720110854,0,1.563301159462,0,0.929091323985104,0.974513924764689,0.524220619298843,1.13263011057294,0,0,6.20422759089685,0,0,1.00713328061708,0,2.17290259777153,0,0,0.708372654870324,0,0,1.27229752966674,1.52848844673571,5.89864869823304,4.22631058199173,0,0,0,0.674119461398109,0.782085423165866,0,3.30284484256917,0,0,2.29483396285705,1.10078938057877,4.79248982775092,5.4263850367468,0.474579838788209,1.13238324951983,0.333950200878591,1.28525822332409,NA
"1726","37023",0,3.45810439938785,2.3206362711029,0,1.63177271318158,1.51121489763009,0,4.1519094663796,1.18976422895216,2.95673785698165,3.76144606209903,5.15594169218273,3.69195569780347,0,1.61961672417971,0.365779442390863,2.90009983821952,0,0,0,0,0.776775148082162,1.00339870468404,0,1.03800293188327,1.16469011647674,2.88832482659794,3.8585191377047,0,0,1.01652348004521,0.700296351053031,0,0.445191785415842,3.91446316760822,2.24770360234831,1.51138940527848,1.27059925081245,0,0.564512688949371,NA,NA,NA,NA
"1727","37025",0,4.48743349954009,1.48118701926555,3.27041382676574,1.68014355255282,2.99091163701346,0.273878279168211,1.46292751897358,1.9818047875576,0,0.614359912695031,1.67363085586673,1.4566821175332,0.812538898634591,1.37679368745303,0.94461065148815,1.27469560623944,0,1.12046226073871,2.44350912842462,1.75452037587729,6.57754742605377,2.33518943589163,0.966844136399831,0,0.169537970816856,0,0.0741704446964926,0.391775595245698,1.46597449259276,1.50588294548633,0.734198503215524,2.30634193711152,0,1.8318414177386,0.437471633833258,1.57600616789614,0,3.90351461225624,0.621248064069064,0.22969687819278,0.340532012908267,0.479341842372918,NA
"1728","37027",15.495240879053,0,0,0,0,0,0,0,0,0,25.5509055961694,18.8176265338329,0,0,0,0.760112971824595,1.61706477911797,2.49015819641527,0,1.56884154695498,0,0,0,3.11599938656617,0,1.16606928828426,0,0,0,4.90203385246624,1.51026752099598,3.69339491764417,0,0.855065231846139,1.57912549752197,0,0.801692954300906,0,0,2.42668995204284,2.53603821417145,NA,NA,NA
"1729","37029",0,0,0,0,5.8621602337794,0,0,NA,NA,NA,NA,NA,NA,NA,NA,NA,NA,NA,NA,NA,NA,NA,NA,NA,NA,NA,NA,NA,NA,NA,NA,NA,NA,NA,NA,NA,NA,NA,NA,NA,NA,NA,NA,NA
"1730","37031",0,0,0,0,0,3.24707753161905,0,6.68321522349405,1.24318898905178,1.89528892128277,0,1.45018046347422,0,0,6.86335432690058,0,0,0.528476103621929,0,0.620462474209607,0,0.947505435369378,0,0,0,0,6.3017854371022,0,0,0,6.87366843070443,0,0,0,0,1.93784187037938,0,0,0,3.71362439238352,0,0,0,NA
"1731","37033",0,0,0,0,0,0,0,14.0040270250776,0,0,0,0,5.83721536925973,0,0,0,0,0,6.99565166871205,12.8766465682219,0,0,1.44639484793344,0,5.10184561733564,1.07319261394193,0.92263466053615,0.830141849469569,0.787405706641697,1.5396879285385,0,0.817339959357396,2.52417458373121,1.59649773258599,4.06026763580837,1.06954782157672,0,NA,NA,NA,NA,NA,NA,NA
"1732","37035",19.617755579559,0,0,6.45867442757955,0.928932547247554,0,2.73748772144979,0,0,1.32957498928175,0,3.12048120969803,1.49539715339304,1.35437780733978,0.614423305155962,1.15440827892709,0.562888683771095,0.577056468041392,0,2.7174675503279,0,1.43034358230878,0.713269100396821,1.41111170000115,0,3.45940351045954,0,0,0,2.21022270137122,0.78141960068702,0,1.75925122920042,0.891262807294168,1.74668429054274,0.832709521078097,0,2.45610597940149,0,0,0,0,5.23573997627372,NA
"1733","37037",0,0,5.35623193094833,3.68219830428101,1.76990488977072,0.707181689143905,0.628140691551324,0.607709805544131,1.23758276602765,0,2.09355589215485,0,1.50451233810699,0,0,0,3.36590010601512,2.23887108563602,0,8.70340542784527,10.4921798859137,1.31556181901018,0.917673726127198,0.753237339865359,0,0.493449305825584,2.14336163089045,2.42793939179882,1.00027907860814,0.462030082908337,0.446477164271606,2.29810754659442,2.33078339222398,2.77378575417735,2.03482923474746,1.26625214742201,0.603495892416263,0.617719094094585,1.36636805703298,1.26916590587702,1.47587775288281,0.135833321939943,0.233199749048438,NA
"1734","37039",0,0,0,0,0,0,5.56338728423038,2.65378502540074,0,6.62237816319722,0,0,0,0,1.27534859025381,0,0,0,0,4.45623621274714,0,0,7.65947808876138,2.63338728816586,0,3.19889607278188,0,0,0,3.0184980303888,0,0,0,0,0,0,0,0,0,0,0,39.5767294051573,0,NA
"1735","37041",0,0,0,0,0,0,0,0,0,27.462168420246,0,6.30427237131573,0,0,2.99854606626855,2.59578850566027,0,2.08087904162389,0,0,0,0,0,0,0,21.8404048659173,0,0,0,0,0,0,0,0,0,NA,NA,NA,NA,NA,NA,NA,NA,NA
"1736","37043",15.495240879053,0,0,0,0,0,0,0,6.90434097472055,0,5.34511279964611,0,0,0,0,0,5.40280774604053,0,0,0,4.88093249706876,0,0,0,0,0,0,0,0,0,0,0,0,0,NA,NA,NA,NA,NA,NA,NA,NA,NA,NA
"1737","37045",0,0,2.86085361663031,4.33103373409582,3.14181754994194,0,0,1.08212590863184,3.17630539559854,4.46482229450007,0.697748893091308,1.15715095685827,2.45630842401758,1.26317252832197,0.382534544646427,1.81303468439677,1.03352215701052,0.996763739940746,0.329867765883512,0,0.390363864837793,0.461022315090479,0.561640702838514,0,1.70855658386086,0,0,1.28192859886661,0,1.6218745938943,0,0,2.22647482903671,0,0,0,0,0,0,0,NA,NA,NA,NA
"1738","37047",5.3593048205652,0,2.07379171298768,0,0,1.78339607117151,1.84801865227945,3.43919458827371,5.2178396926839,0.932135651624916,0.743122984164804,3.66488484917284,0,4.71313648805394,0,1.81429464985538,0,0.823934883526775,2.71820075331229,1.27228272418139,0,0.722230410066616,0.251585144339758,0.554853564116376,4.32828154901223,0,2.6387925296662,0,0.606852631625309,0.815509091748488,1.87314922040026,0,8.94904735217051,0,1.09476677882176,0.174425228147271,0.0861127510740457,NA,NA,NA,NA,NA,NA,NA
"1739","37049",0,3.45810439938785,0,0,2.08260457966999,0,2.17796658369212,0,2.20965508342535,2.05133865201653,4.98045318002292,3.51849387012923,0.859651021212098,0.708606831521064,1.88140821934473,0,0.59793097481947,1.86455457847536,0.633970377695607,0.650642257547397,0.67461422743546,1.39412518793742,1.39771595210531,1.35590996445162,0.651918134153315,0.642720971410787,0,0.729991468241527,1.61271846576287,0,0,1.12547670974809,2.42408840340156,0,0,0,0,0,2.77175808019961,5.7827820845922,0,0,3.50359882965889,NA
"1740","37051",0,4.48743349954009,4.15032017528508,0,0,0,4.36439284746851,1.58137298654592,2.03796485882904,3.27256254474394,1.28977184167551,2.76349231460923,1.94199759581438,0.702971825957038,0.642514840423178,2.78337010188899,0.723830953641764,1.01709128198678,0.492954151513231,1.15285896669115,0.338637587531514,0,0.421791593655004,0.99450812942907,1.14848545693939,3.27225279389009,2.10049356036923,0,0,2.89313952966424,1.16177773132658,3.587417670955,4.53643108771322,0.953005287678154,0.0787698376282358,0,1.82054262314183,0,1.22380941700908,4.15866031755726,0.229318157933082,0,0,NA
"1741","37053",0,0,0,5.25744058045737,0,0,0,0,5.09017922955181,0,0,0,0,0,0,0,0,0,0,0,0,0,0,0,0,0,0,0,0,0,41.9273076337454,0,0,0,0,0,NA,NA,NA,NA,NA,NA,NA,NA
"1742","37055",0,6.38923392032348,0,0,0,3.29105432191909,0,3.14744632433818,0,4.91593674481486,1.89576134586621,0,0,5.3015163894187,3.12022633121584,0,0,0,0,2.00838067133771,0,0,0,0,0,0,0,0,0,0,0,0,0,0,0,0,0,0,0,0,NA,NA,NA,NA
"1743","37057",9.50379865884122,4.20373720110854,0,2.05881324952678,10.693544363635,1.58974386461828,1.12808268193138,0.462918917053449,2.06560180320756,6.28181637213741,0,2.0195028655528,0.34892880531818,0.659363574516052,0.991677209459112,1.18754010029028,0.527524350086972,0.920615328671642,0.579651120705869,0.817529980589561,0,0,0.30505767629852,1.50406912646981,0.447764721857587,1.51260998751728,0,0,0,1.52976888031694,5.48643883427383,2.53586337688764,2.82440817792956,2.42727758930825,8.0936443104795,0,1.14778925848103,0,0,0,1.9656604019089,0,0,NA
"1744","37059",0,0,0,0,5.8621602337794,13.7731148243641,0,0,5.19280129793357,0.796544164743076,0,0,1.42612042100915,1.50738996600581,2.95301084295315,0,0,0,0.76812882896583,0.895966856601976,0,0,0,2.09650878935765,0,0,0,0,0,6.41878565064,0,0,16.1849314525071,0,0,0,0,0,1.61806869656142,1.97029323404829,0,0,0,NA
"1745","37061",0,0,0,0,0,0,0,14.0040270250776,0,10.3666144303858,2.81780132269309,0,0,3.04352403827317,1.38040247121668,3.57206842900541,0.978725466609754,2.43487658323564,0,0,2.69498815654962,2.51480268655598,0,0,0,0.670149793843586,1.56163508386105,4.77883402670872,1.98549851696337,3.03524152988972,3.65282884097784,2.6213634501299,1.00972872686456,1.02737307068737,0.317202549445855,0.638387448233205,2.28240859436358,1.73035903730632,1.44734143530495,0.267686706662878,0.651306917041472,NA,NA,NA
"1746","37063",0,4.87433484764727,0.326462644685672,1.65249880406913,0,1.52249143550334,0,0,1.47888571001797,0.445532813805457,2.5077169033431,1.38155465111306,2.36159795218359,0.359589637708243,0.420630267204034,2.26661702111376,1.29546051624433,0.509259307118931,1.13954310141867,1.12120415682353,0.211632955800379,0.884992394682248,2.54862179380804,1.75408900586151,1.68395634736247,0.665941334553109,0.572179564052165,0.518441185897747,1.39332215002375,0.225366379762642,0,4.00007379897461,2.4094028867756,0.252231750441327,0.414612724500894,0,6.64735703984586,0.408042296576507,0.263242035060303,0.220423725105516,0.396835828319406,0.377561129213024,0,NA
"1747","37065",0,0,9.4989667055933,0,2.29404865780024,0,1.76313103217287,0,0,9.65956567519506,1.12027523438707,2.44412748582638,1.86049877633873,1.98666636989406,0.426070904359373,1.18455631548923,1.86348179566137,1.72229550665861,1.85469067764831,1.09886229344842,0.755583002463409,2.10548648797267,0,0,0.49629953779189,0.572761447257584,1.65538647140734,3.40512222202996,0.310285534029022,0,0,0.949809765261885,4.23847803819817,0.597756858730196,0.549605929176792,1.78013014182626,1.8437152588258,NA,NA,NA,NA,NA,NA,NA
"1748","37067",0,1.21977147106955,0.467123242544721,0.836586735605103,2.74631374753887,3.09395102332095,0.583164009900208,1.28425161043657,0.473544963230833,3.27156028238403,1.15104702244475,2.79860672532809,1.107289341504,0.123966389490061,1.19091888584047,0.830222702682551,0.246961070936568,0.671818954868727,0,0.710351689361528,0,0.524397825839627,1.27587286505983,1.44543284975413,0,0.410255176365377,0,0,0,4.12675471821394,7.28684457935874,1.01676196562449,1.14459249312123,1.8532241779397,0.270943241895224,0.783255810588908,6.24135910578698,4.43496001984064,3.48575250346384,0.237479967868673,1.37726882123705,0.0599980892062383,0.245174862164327,NA
"1749","37069",0,0,1.48095220197864,0,0,0,0,0,16.655709658069,0,1.12463986441156,0.89556374414243,0.799042861176373,0,0.854732015292394,1.86308733769229,5.21364143170956,0,5.43159569262675,0,9.96497671523256,0.504656641507973,0,0,0,0,0.380436530622674,0,0.817502853289578,1.7449383675994,0.698801790038703,1.43557486868647,5.95524196443432,2.13355966073363,0.977086909073559,1.35642015954919,0.488724041173067,0,0.525358485627752,0,0,0.505030886683282,0,NA
"1750","37071",3.73187737416727,0,2.98995263637046,6.19988145067021,3.37983808262709,0,1.6556264012227,1.45595036215911,0.673744160970627,1.30072925044424,0.641999749291807,1.90285684708942,1.21321836089802,1.14782221009605,2.86110324992843,0,0.878108652638097,1.28502007129947,1.0564718063275,1.45480900574191,0.205690241006186,1.04667131681916,0,1.18790517425316,1.02310119668892,3.7764464393586,0,0.21223167719132,0.214033476743878,1.79754378222318,0.933863622050751,0.487058652799658,0.259206438849632,1.38831472065518,1.15557954942819,0.882451156318601,0,0.328355027348047,0,4.14298485905044,0,0,0.828360667997152,NA
"1751","37073",0,0,0,0,5.8621602337794,4.56895436484149,3.16624559721627,0,0,0,0,0,0,0,0,0,0,0,0,0,41.6638404267209,0,3.45787651859993,0,0,0,0,0,0,11.2744767151334,0,0,NA,NA,NA,NA,NA,NA,NA,NA,NA,NA,NA,NA
"1752","37075",0,6.38923392032348,0,0,0,0,NA,NA,NA,NA,NA,NA,NA,NA,NA,NA,NA,NA,NA,NA,NA,NA,NA,NA,NA,NA,NA,NA,NA,NA,NA,NA,NA,NA,NA,NA,NA,NA,NA,NA,NA,NA,NA,NA
"1753","37077",0,0,0,0,10.2861407168863,0,7.23196040720764,0,3.62265179782321,5.80603638576035,2.228669921914,0.837320245129127,0.710005807181768,3.96338778365708,8.15834160813196,0,0.755221841969529,0,0.3914486730387,0.218000831405304,0,0.688080069346967,0.899104010773316,0.561606806167821,1.60625876598144,0.666883162972332,0.999291740178274,0.334445764062669,0.696681578551822,0.745717236058249,1.5884112339539,1.98735679940922,0,1.13615895732853,2.52789145386914,19.429333920103,0,0.17678409682275,0,0.149849474492993,0.995118511365409,0.130303872575067,0.0813543680058788,NA
"1754","37079",0,0,0,1.91234480540149,1.83343126425043,0,0,2.01724376201548,7.0487368858057,0,0,0,0,0,0,4.82331279111718,2.46585042312671,5.60484850662159,0,0,0,0,0,0,0,0,8.0047920706333,6.55408605617489,0,0,0,0,3.51568014368106,3.36851972661704,5.16461906256333,0,4.25824715326684,NA,NA,NA,NA,NA,NA,NA
"1755","37081",0,3.16748121047903,2.56270082995659,0.660251296701734,1.96961632826063,0.756533577403379,1.18851424893724,1.14455427823459,1.32861579856041,1.06787464048392,3.67628296185151,2.21914592550113,0.784695215333014,0.233861590540727,0.906344874236363,1.69360472330279,0.341206231194867,0.357612241611222,0.260413866212813,1.02210234299772,0.165462252698871,0.574605634760875,0,3.31062486900189,2.20299862351855,2.30036231114132,0.871417041764584,0,0,3.95677866550876,4.31502773491458,0.740630136536202,2.93253808074506,1.91341641596227,0.55302808156887,0,1.59999872678136,0.685660416318156,1.25333142169235,1.84498312922615,1.13405890929952,0.0990839145508253,0.202430638902663,NA
"1756","37083",0,6.38923392032348,6.85120391027542,3.92572168082935,0,1.11747553553997,0,3.02541140396656,0,0,3.03287919516676,0.959503702084722,4.16733073387318,0.676241309074466,0.586143081095304,0,0.58009669771834,1.87069977114335,3.09558512468376,0,1.07462709382262,0,0,0.636081913423121,2.19741189018357,2.28712313958655,0.720396997298281,0,7.4124052626375,0,1.04905350101956,0,1.86029470400288,0,0,1.5336422628872,0,0.97889339784465,NA,NA,NA,NA,NA,NA
"1757","37085",1.6850824659663,0.96725038861213,0.725785880461812,0.638887054949937,0,0,2.48596815091302,0,3.77224666949227,0,0.79640600930837,0,3.818613391458,0.696013014792694,3.61370112780306,0.500414458196461,0.88405908513367,0,0.440655132443299,1.44325325746443,1.54077753276824,2.04017498537307,1.85520493168385,1.60943356636694,0,0.35295411939448,0.373633893498526,1.2433483764598,1.36129998886471,0.482021210353043,1.9620836524121,3.53283990734388,1.09842497126086,10.2066786602789,1.3182236568939,0.950748511651979,0.701471483387662,0.488861613872415,0.415548653735092,0.724541277132743,0.912013660998318,0.114541589392834,1.03926659633783,NA
"1758","37087",0,0,2.86085361663031,0,0,0,0,0,0,0,0,0,26.4049425165897,0,6.29936610480087,0,0,0,0,0,0,0,0,0,25.9584965240945,0,6.295352544368,9.47684479803953,0,2.64782647324304,0,4.5112815258692,NA,NA,NA,NA,NA,NA,NA,NA,NA,NA,NA,NA
"1759","37089",9.50379865884122,0,0,9.42048385677274,1.50961052128253,2.173667398327,3.24203763068547,0,2.77419833792152,0,1.85094522756836,0,1.36466180512559,9.22704009048793,0.252119907930152,0,0,0.751013060759478,0.620333007535335,2.28872631882152,1.85152919536358,4.19779128540754,0.318780267577239,0,0.938455055910623,0,0.315140923530649,2.18082080628589,1.54986737038,0.194854746064513,3.29843637681288,0,1.65922382571542,0,0.298608243119388,0.166008999749184,0,0.755894282908027,7.98086853887762,0.628015971831554,0.998244147189597,0,0.281071658541487,NA
"1760","37091",0,6.38923392032348,3.73038711983005,0,0,0,2.41028150402834,2.42036712911094,0,0,0,0,0,0,6.5678860691211,0,0,0,0,5.76608774351477,0,0,0,0,12.9952237087498,0,3.80411553972733,0,1.22798962688089,1.13154770937613,3.10976956769645,2.63019647930798,8.82477616561804,0,0.294581570650532,1.04754407882338,0.507705564473619,0.791533911523468,0.571520550198614,0.319326641104227,0.726493325668686,0.820026667674624,NA,NA
"1761","37093",0,0,5.35623193094833,0,0,0,3.72919312407338,0,3.37801526152756,0,7.08256113265525,3.17775423647075,1.13911574952144,0,0.873628252971155,0.872944791308716,0.909918722753683,1.87998826032011,0.929921493453118,1.77432245603444,0,0,1.81422232668875,1.85103279512095,0,0,1.04387707867124,0,0,3.17686081916445,7.00156769032786,3.75006367016628,3.63650808573862,2.47581874429846,0.938906831909227,3.02926604144236,1.24525096958444,0.907115467168518,1.33050650046215,0.31894955384828,2.3341243579641,0,0,NA
"1762","37095",0,0,0,0,0,0,0,0,0,0,0,0,0,0,0,0,0,NA,NA,NA,NA,NA,NA,NA,NA,NA,NA,NA,NA,NA,NA,NA,NA,NA,NA,NA,NA,NA,NA,NA,NA,NA,NA,NA
"1763","37097",3.73187737416727,1.01774306745241,1.45827598289825,1.19980700247868,1.0800681370256,1.52514757225872,1.44153701973872,1.78232115380646,0,0,4.55484849270642,0,2.03380189355353,0.615189436088616,2.25142730160141,0.515769781702034,0.743808115883361,0.744547044971943,0.769311700075948,2.09475519096836,0,0,0,0.365273542275621,2.20240587477453,1.9265902165278,0,0,0.519598939959415,3.21961692324926,2.92663180177892,0,1.52845759929183,0,0.367783588689237,1.94402153406487,0,1.73934471639295,1.72912905763339,0,2.80331358502495,0,0.369048637886022,NA
"1764","37099",0,0,0,0,0,0,0,0,0,0,34.1314925026599,0,0,0,0,0,0,9.82324590033365,0,0,0,0,10.1757512544055,3.32261543234757,0,0,0,0,0,0,0,0,0,33.6483469314406,0,1.79189426713922,5.86033647938166,0,0,0.685374711644264,0,0,NA,NA
"1765","37101",0,2.3705768629988,6.01217776230009,1.01930372223977,0,0,0.811227283043434,0,4.06111430425346,2.80225565270336,2.26747099782789,2.89115906748365,3.0131302676899,0.33939843521791,1.18488095255388,2.63680498622161,0.934569513586922,1.27815295144937,4.20773983705411,1.74152608179714,0.601374651958983,0.435248211632955,0.322723401545965,0.346068332262134,0.785881633555773,0.153867507522754,1.27566375760444,0.416815334489642,0,0,0,0.858182612164951,1.62284207045707,1.24750962136576,3.07967963162191,2.08302970207874,2.48843322063759,1.33359425809985,2.47417447961794,0.236448853434607,1.09822675348641,2.06928622737798,0,NA
"1766","37103",5.3593048205652,0,0,5.28996360881638,1.37402836886233,0,0,2.26582931458433,0,0,0,0,0,0,11.686685060086,0,0,0,3.58374589965297,0,0,0,3.8225610512321,1.79306330342352,3.03312017159318,1.22370696769533,0,NA,NA,NA,NA,NA,NA,NA,NA,NA,NA,NA,NA,NA,NA,NA,NA,NA
"1767","37105",0,0,0,5.25744058045737,0,0,0,0,5.09017922955181,0,0,0,0,0,0,9.62249681028625,6.5142085381611,0,0,9.30082379258178,8.66722862382181,0,0,0.511568024839836,1.0235701550542,5.70943813975432,0,1.36853884415956,1.21443025956648,1.91320764449576,4.74192975264615,0,3.91517732067833,1.03704895552971,0.299532217248688,1.93031371272623,0.175314298295839,1.31526317232474,2.30790606155565,0,2.19656648996366,0.0748051968992049,0.302721877198067,NA
"1768","37107",9.50379865884122,4.20373720110854,0,0,0,0,0,0,10.0463188010611,6.74687623860392,0,0,1.44813450773361,2.63742255227209,1.18901306299571,3.11013786186095,0,0,0,0.989200308742234,0,0,1.87156546589205,2.12194257166876,2.04937714375498,4.9164126858005,0,5.59619346749068,4.3780649725104,0,1.12685045845474,3.21010304152037,0,0.532102096681998,2.81067010639024,0.944168413569213,1.52397673265891,0.204822958572057,2.71109837878106,0,0.360944736644228,NA,NA,NA
"1769","37109",0,0,0,0,0,0,15.9172924009947,0,3.17413031513945,0,7.06432979158964,1.2379939556347,0,0,0,2.14891586074619,0,1.33088122532817,1.39689239707099,2.65818354165357,0,0,0,0,4.9180010080293,2.98412356607243,0,0,0,3.41840701111372,2.12747527362163,0.95154732511098,0,0,0,0,0,4.28886880012661,0,0,2.39776584045834,0,7.49910534455859,NA
"1770","37111",0,0,0,7.42089248873837,0,0,2.88958781135864,1.2807815583046,0,0,1.30864521134637,0,1.64038160295671,0,5.35619056521731,0,3.73722987782207,0,0,0,2.10743779463355,2.18302665442284,0,0,0,0,0,2.3494233955489,0,0,0,0,0,15.7161392872828,0,2.12780054793918,0,0,0,3.58995307903746,0,NA,NA,NA
"1771","37113",0,0,0,0,0,0,9.82330751988082,0,0,0,0,0,0,0,0,0,0,0,0,0,0,0,0,0,0,0,0,41.9273037904935,0,0,0,0,NA,NA,NA,NA,NA,NA,NA,NA,NA,NA,NA,NA
"1772","37115",0,0,0,0,0,0,0,0,0,NA,NA,NA,NA,NA,NA,NA,NA,NA,NA,NA,NA,NA,NA,NA,NA,NA,NA,NA,NA,NA,NA,NA,NA,NA,NA,NA,NA,NA,NA,NA,NA,NA,NA,NA
"1773","37117",0,0,0,0,0,0,3.88056382342643,0,0,4.45658234586337,0,3.23022491371374,0,2.49071425988512,0,0,2.35874700453666,0,2.4439316072271,0,4.38393277946211,0,1.66322414077193,1.49142596904885,3.8180546642466,0,0,0.987225938326094,0,0,0,3.75223096736742,3.68499689178297,1.50895381921008,NA,NA,NA,NA,NA,NA,NA,NA,NA,NA
"1774","37119",2.9662466353849,3.484130919776,1.43427922643356,1.35320922404138,1.84894025795902,1.18795849373993,1.01351786512785,1.19571757426139,0.953735361210831,0.597187743465537,2.18674856299468,1.56940432517531,1.04251210109922,0.282556947217208,1.52315205713693,1.33048424474217,0.717510039379608,0.248480225429491,0.902792070071183,0.621840292282578,0.445466668795946,0.420504036308819,0.688381764142559,0.747968457695552,2.98763734833248,1.28589381061608,0.527886915018534,0.879421878955011,1.35724253776174,0.667449470809859,2.07688787336384,1.19165832796297,0.737174829838474,1.02066580999528,0.749197939177251,0.240557324315347,0.698922570090009,1.34881521335174,1.75126811667436,0.693435902278973,1.34625231461222,0.676740020185352,0.271192796531881,NA
"1775","37121",0,0,0,0,0,0,0,0,20.1118374377734,0,0,5.2963937607928,0,0,0,3.72898281873788,0,0,0,0,0,6.6317355993319,0,0,0,8.8164608291561,0,0,0,0,0,0,0,0,0,0,0,0,0,NA,NA,NA,NA,NA
"1776","37123",0,0,0,9.34328727054725,0,0,0,0,5.44896300232328,0,2.21966110030089,3.62324838625394,2.74616793463308,0,0,1.0109976736588,2.07151670775195,0,0,0,0,0,5.10823797051109,2.46298828772583,2.01019880990883,0,0,1.51587342018924,0,0,0,2.72040011013836,5.34195907929176,0,0,13.5637985339508,0,2.50087722827569,0.394783648711709,0,0,0,0,NA
"1777","37125",0,0,0,2.80455791705411,0,4.90606312450134,3.77939245821661,1.40176448495428,0,0,3.15980922408113,0,1.02135374318811,2.00947512287606,0,5.2721915315295,9.50088820254559,5.88671826267038,2.9178578631534,1.18645287914079,0,0,0,0.489617584881535,0.159108317395514,0,1.23731173138659,0,0,1.27015031663224,2.7432603113085,3.11662596619659,0,1.87406986073913,0,3.21923716662817,0,3.06127601198112,0,0,0,0,6.14090204334719,NA
"1778","37127",0,14.6904074042041,0,0,0,0,0,0,13.193695310525,3.27983045385433,0,4.03676651324147,1.22767229211915,1.5224225828275,0,1.33645898846833,0.451108717330197,0.946813035895705,0.998276471231998,1.53962762929444,0.514060040821986,1.52898489941193,1.46835681194738,1.37814535852526,1.28121873307626,2.68418531174989,0.339506277340297,2.43924053086604,0,1.59170736662839,1.75811694330607,0,0,1.60396248443663,2.19830920374176,0,0,1.19363392378734,1.26104348040955,1.60924738682922,0.636814353879724,0,0.343508676588448,NA
"1779","37129",0,8.90531749049252,0,2.56937080546552,0.522641706389355,4.34168610908181,0,0.650467751426316,2.13243049039524,0,2.27599687515227,0,0,1.54238964138961,0,1.47369452006932,0.787051977255418,0,0.915262114963175,0,2.23777274480099,1.1533932839951,0.575705129803413,0.577818763604386,1.73235434005748,1.12617159406011,0,0,0,0.833132057857934,0,5.9877011473094,2.0529071552595,0,1.45626502855976,0.665458374683731,0,0,0,0,0,0,21.5205505033335,NA
"1780","37131",0,0,9.4989667055933,0,0,22.8201497986434,0.449507597173832,1.16401735107769,0,0,1.39873891215053,0.512534652385895,1.14435662848498,1.22955427625217,2.13433409733817,0.287145009871245,0.280711632754718,0.57950180426767,1.23423258380073,0,0.381321427662635,1.30669918535434,1.87512826251625,0.473548365162454,0,0,1.17054842667993,0,1.58525290835319,0.882036941897683,0,3.82820107836279,3.22747382541587,0,0,0,0,3.20603340080527,0.853926111427919,1.68536171763971,0,2.26829974752517,NA,NA
"1781","37133",0,0,1.95162457285785,0,0,0,0,0,11.4149492439215,0,2.05872118207549,3.0778048613592,6.30036888300516,0.721203451428396,2.21234512731406,0.910334205378799,0.411819713141634,0.807926872019562,0.831946956777194,2.52915334802203,0,0,0.454170285747387,0.512544790023502,0.598492193661439,0,0,0,0,2.2019923600558,0,3.10020431697532,2.78527143769397,7.67487881492545,0,0.994296486596936,0,0,1.96994436854609,1.05743452376335,4.98320282688898,0,0,NA
"1782","37135",0,0,6.11866033001253,1.83007255681277,3.56512068893396,0,1.51456641899922,0.282084477929808,1.12299762798974,0,0.966047229998908,2.39521334378204,2.58969537064022,0,3.7875265554843,1.24612085294962,1.4115654627517,2.55693057227055,0.776604123486995,4.02606897149782,0.795377784344325,0.0780668037566183,0.304762947734096,0.324029334954244,1.18082263383736,0.310843632069472,0.949866385508862,0.531553765856542,0,0.340365215096331,1.18210911214431,0.891922280794091,0.248330165729128,2.3788554574573,0,0,0.300079812175243,2.62781161141818,0,0.724893138273726,1.49743288797299,1.11837364520367,1.09439983894232,NA
"1783","37137",0,0,5.35623193094833,3.68219830428101,0,0,0,0,0,0,6.45979871896082,5.53223502407279,3.60950062697977,0,0,0,0,0,0,0,0,0,0,0,37.1556012237163,0,0,0,0,0,0,0,14.0040232296839,0,0,NA,NA,NA,NA,NA,NA,NA,NA,NA
"1784","37139",0,0,0,0,0,0,9.82330751988082,0,9.69766332999161,0,5.89760757876545,0,1.15084566770642,0,0,1.23657569616264,1.3885037725332,0,1.65860799826999,5.94210078839423,0,0,0,0,1.24893824050965,5.34283660326058,0,0,9.81307072032692,0,0,0.396856466388483,0.405844348624099,0,0,0,1.07348905583977,1.45937257789778,0,0,0,2.60289862740013,0,NA
"1785","37141",0,0,5.35623193094833,0,0,3.32949567636171,2.86102729495087,2.31387443011828,0,0,0,0,0,0,5.63703691192746,5.20951355577951,3.54618293999002,2.37578524533344,3.33756667713341,0,0,0,1.34674707441617,0,0,0,5.63121652749574,0,6.19628217833608,0,1.23861044635596,NA,NA,NA,NA,NA,NA,NA,NA,NA,NA,NA,NA,NA
"1786","37143",0,0,0,0,0,0,0,14.0040270250776,0,0,0,0,5.83721536925973,4.5642674258344,0,0,8.87939596942479,5.358062626536,0,0,0,0,0,0,0,0,9.88182390308458,0,0,2.7707156784375,2.26371569236883,1.87793442578486,0,1.55839409461939,0,0,0,NA,NA,NA,NA,NA,NA,NA
"1787","37145",0,0,0,0,0,7.2728236210439,0,0,0,8.82533276463374,0,4.66436131423194,1.69215197461412,0,1.24748789637804,0,0,0,0,7.19942119014779,3.87810013463707,0,2.28820877778023,0.954798337757804,0,0,1.98636658622628,0,1.19591489168435,0,0,0,0,0,4.11668799781935,0,4.33999550285664,3.27662636402484,2.37465086528909,0,NA,NA,NA,NA
"1788","37147",9.50379865884122,0,0,1.93178503690933,0,1.82786447684135,4.22841695499757,3.3318730675236,3.3709444621332,0,0.639845782445232,1.20896688780276,0.602216978593304,0.317343672304294,0,3.13675139012899,2.62645391059356,1.92299173716372,0.81093421815435,0.485097013831925,0.236889908939014,0.501956302475341,1.11294649042015,0.925932025751168,2.57007913310915,1.50071709739656,1.0777561904784,0.979970260673866,0,0.732776202123415,0.792104876020363,0.584962849267123,0.975275406918015,10.5304521893964,0,0,0.621989840006806,0.492397191579191,0.398086566225572,0.153789637682362,0.747579451859762,0.229830802494425,1.64897694675366,NA
"1789","37149",9.50379865884122,0,0,2.83242606908575,2.39056201205549,0,3.73966699755488,0,0,2.97524716737832,0,0,0,0,2.32162971396586,0,0,0,0,0,0,9.42109362952166,0,0,0,5.11026052670289,0,6.78560174498581,0,0,8.09624429288932,0,1.83843846119496,0.782600722217366,2.09420765507898,0,1.27653851335592,0,NA,NA,NA,NA,NA,NA
"1790","37151",15.495240879053,0,0,8.17922242775654,1.09872166674121,4.6335465395791,0,0.979548869614712,0,0.956737133805112,0,3.94229579698114,1.5707981025346,1.81498934512321,0.782470105247139,0.71223924184567,1.68291654821498,1.27828603565009,1.51170781696711,0,0.594660290435422,0.63140957485171,1.68566166039557,1.04306930625517,1.38443355035009,0.673590320283381,1.62498080060147,0.930300375448589,0.304950664373026,5.30145984973743,0,1.99731890125785,1.88095768231103,1.4775472773714,3.2395894738902,0,1.34606715123042,3.1698826046658,0.300318164147922,1.30975968952174,0.653816520992869,0.262384548315734,NA,NA
"1791","37153",0,6.38923392032348,0,8.09562093824541,3.32560223289332,3.28845105333082,0,1.3969833189443,1.26926102654208,0.607712255841469,1.21010168998494,0.612804225241724,0.636001591765463,0.673339130669653,0,1.63552817232402,4.77442216430918,1.31857991264586,3.11578653741401,0,0,2.2543146573847,0,1.91740379670105,0.385878691247975,2.63540572774838,0.697104128754704,0.332302518577196,NA,NA,NA,NA,NA,NA,NA,NA,NA,NA,NA,NA,NA,NA,NA,NA
"1792","37155",0,6.38923392032348,0,0,0,0,0,0,7.832702021354,0,0,0,9.0812475450957,0,0,2.33790269546843,2.05949888278083,0,0,0,2.30327040109726,6.44086210490961,0,0,4.83112810651538,4.42308503484216,1.28409648653428,1.51855180351184,0.861672223489678,2.64990894544086,3.15118735392289,2.25086001940633,5.75460269289567,0.886482967369062,0.508716949213708,0.641654321603003,0.182143107227566,4.93378680966254,0,0.925424658730175,1.71088794862864,0,0.193240696639665,NA
"1793","37157",0,0,2.86085361663031,4.33103373409582,1.63205779815599,0,2.41455222929423,0,1.0936242723576,1.10129783541145,4.12310214509175,0,0,1.63268957705043,1.59102267534589,0,0,0,2.20476046283595,1.2042328519896,1.23150112690097,0,2.40326220241102,0,1.15398890024431,1.1593209710104,0,0,1.47171595637974,1.60335777741086,0,0,0,2.36774592312218,NA,NA,NA,NA,NA,NA,NA,NA,NA,NA
"1794","37159",9.50379865884122,2.21279899337513,1.43628372390344,5.90816097277275,0,0,2.78921228101723,0.515402943679268,2.40061754024235,0.44211395837005,2.81871404784224,2.07002311482224,2.01593910125385,0.494870630239095,1.13147483089436,2.29462576476656,0.38600124825553,1.29420073872956,0.720969800771378,4.88285418845272,0.7979085498389,8.58610985183784,0,0.575152936349528,0,0.664197836582344,0.630398412852661,0.224300761015163,0.135925341253985,0.508112456704781,1.34386359395206,2.38695001861498,3.4314778683302,1.60032418670063,0.282406353992516,0.390523246329574,0.0661751182837399,0.946441523461268,1.2269160729534,0.0918160097098885,0.622825628798186,0,0.549303645156649,NA
"1795","37161",12.8044813570177,0,4.8834927940153,2.46247194669916,0,1.6774495263565,2.94403437482937,0,1.62000462154294,2.22204766570132,0,1.94897657434582,0,0.959976580715079,1.63186259786719,0.656442286877125,3.42664391165283,0.27714550907472,1.51145006442709,2.24938371613729,1.76106530570381,0,0,1.46845352754583,2.43252387793492,0.544689488182571,1.72838559973627,0.488236882087051,0,0.684960048476699,2.52876177717877,0.182806289937017,0.377263649268858,0.597443090579023,0.43172523455797,NA,NA,NA,NA,NA,NA,NA,NA,NA
"1796","37163",0,0,0,0,0,0,0,0,0,0,0,38.5206446780483,0,0,12.7952617308496,0,0,6.93053659648286,0,0.851118310352722,0,1.58913059746398,0,3.40412888239615,0,0.796677167419531,0.791280447136661,2.32400121909923,0,0,0.834615724060863,1.80649020398579,5.06018601568345,3.21157908258601,1.43059558128553,0,1.76342043005216,2.23931499014334,3.28171230562954,0.457511161721753,3.4360756334328,0.786192701455229,0,NA
"1797","37165",0,0,0,0,0,0,9.82330751988082,0,0,0,0,0,0,0,0,20.1057221561729,0,6.17430394807891,0,11.9331366737209,0,0,0,0,0,2.95832280522602,0,1.84626472617722,0,1.80383769210966,3.26041917393062,1.38180561243832,1.19085297634081,3.95495950806653,0.797263216196102,0.692065126256234,0.647504717190844,0,0,1.70852763861529,2.78376551476348,0,0.898313491439433,NA
"1798","37167",6.85371719797014,0,0,0,0,2.93206429541553,0,0,1.91470396792378,0,0,4.39495556100763,1.94081093695271,4.53015424181789,2.18294222698854,0.845036582187105,0,0,1.57849352541075,0.857398630432111,0,0,1.25980213690338,0,1.66260606654956,3.37592271190048,0,5.16833421475217,0,0.880474285285887,0,0,0,0,0,0,4.57629743134951,NA,NA,NA,NA,NA,NA,NA
"1799","37169",5.3593048205652,5.07103436978264,0,1.27431551849478,2.18676630386603,0,0,0,0,3.32817467337403,0,0,0,0,0,0,0,0,0,0,0,35.6167558109403,0,0,0,0,0,0,0,0,0,0,0,NA,NA,NA,NA,NA,NA,NA,NA,NA,NA,NA
"1800","37171",0,0,5.35623193094833,0,0,0,0,0,6.12109975382502,0,0,19.5648937886976,0,0,0,0,0,0,0,0,4.82954491724705,17.2834627725621,1.66189422264944,0,0,0,0,0,0,0,0,0,0,24.6463567213325,0,0,15.4559769849254,0,0,NA,NA,NA,NA,NA
"1801","37173",0,0,0,0,0,0,0,0,0,33.1870148289224,0,0,2.85489967962227,0,0,NA,NA,NA,NA,NA,NA,NA,NA,NA,NA,NA,NA,NA,NA,NA,NA,NA,NA,NA,NA,NA,NA,NA,NA,NA,NA,NA,NA,NA
"1802","37175",0,6.38923392032348,0,3.09723040497987,0,0,0,5.32960935429848,0,0,0,0,0,0,5.3767772478377,0,0,0,0,0,0,0,0,0,0,34.1300044396819,0,6.35961173063847,0,0,0,0,0,0,0,0,0,0,0,38.1900127799912,0,0,NA,NA
"1803","37177",5.3593048205652,2.69871990544466,0,0,0,0,0,0,0,0,13.664900320789,0,0,0,0,0,0,0,0,0,NA,NA,NA,NA,NA,NA,NA,NA,NA,NA,NA,NA,NA,NA,NA,NA,NA,NA,NA,NA,NA,NA,NA,NA
"1804","37179",0.999705918606374,2.78928498520337,1.91355389415851,1.20312170655191,1.79617963155178,0,0.932421321788189,0,0.817523417952443,1.8047875867485,2.42803993946157,1.3887087418595,1.70600856451586,0,1.66632070034957,1.58160452018832,0.75545989321653,1.10237885001945,1.25258324940085,0.177586052416127,0,0.629644359547903,1.43172122282592,1.30339857398863,3.54111008506874,2.51895710096595,0,1.23746660495405,1.97736737976504,1.04044326725458,0.983706477102533,0.834861152187959,0.47864336344023,0.62453595288536,0.803372293607324,0.583067972630139,0.955872539893178,2.77801833590186,2.22563517928134,1.39624114842712,0.335817743316123,0.636817359892789,0,NA
"1805","37181",0,6.38923392032348,0,0,0,3.29105432191909,0,3.14744632433818,2.68898341566357,2.15350374406837,1.72775800277346,4.0370971455042,2.03141033989352,0,0,1.57337304953615,2.34788574654418,1.47317347562917,0,0,0,1.74539985733458,0.978956588349452,3.02189348573513,2.65242289732905,1.44359931667026,1.20643401521933,0.537803119593413,0.519810418492958,1.0631434276791,1.10590340938766,1.14030767943883,0.582136008838387,5.31911367090952,9.71207132671843,0,0.612330481892921,0.534147788859347,1.88761685488463,1.20590676587342,0,0,NA,NA
"1806","37183",0,1.93574425430606,0.716170030004203,2.30349073401972,1.69313374771062,0,1.50634371803435,1.27576917888293,1.65210979079351,1.15069197915335,2.01104840853649,1.14502992817866,0.355927871384785,0.917341871264102,0.447254931152886,1.72346801619134,0.667229135849483,0.972770779670704,0.299905194213477,1.69886421483328,2.29636210849284,0.280518144440058,1.12000047006008,1.54342027634533,0.781272494327055,0.729356310774955,0.208099763936391,0.583828814342887,0.649983319789471,0.454695114206898,0,1.55726202542172,0.611656186792143,1.03958520024667,1.1719413315782,7.34073619290995,1.7389203877454,1.38741185373242,0.679375325406732,0.716075653097834,0.482558012667749,0.578240215787511,0.151997561925234,NA
"1807","37185",0,6.38923392032348,3.73038711983005,0,0,0,0,0,0,0,0,0,0,0,0,0,0,0,0,0,0,41.927084515564,0,0,9.49896669192989,7.48785492101344,1.47054198742831,4.81716758244674,0,0.591679197454279,0.56205504263681,NA,NA,NA,NA,NA,NA,NA,NA,NA,NA,NA,NA,NA
"1808","37187",0,6.38923392032348,0,0,2.99910157542646,0,0,7.58332898376295,1.85826451535725,1.40832482477481,2.23402936515754,2.67501117685434,1.4489823877802,0,1.21813023371715,0.607984762229991,0,0,0,1.16497586598053,1.45589329069554,1.63594098762512,1.61129029134343,0,0,1.56452726893518,3.10514002070094,0,0,0,0,0,0,0,0,11.2124346874381,NA,NA,NA,NA,NA,NA,NA,NA
"1809","37189",0,3.45810439938785,0,0,3.96810620678541,0,0,0,0,2.56407997953986,5.08733560587758,0,0,0,0,0,0,0,0,0,0,0,0,0,0,0,0,0,0,0,0,0,0,0,0,0,0,0,41.9273077940321,0,0,0,0,NA
"1810","37191",0,6.38923392032348,3.73038711983005,0,0,0,0,3.01395296431114,3.09897328695698,0,4.73835137624423,6.37053666427464,1.05653849960847,2.34846216393966,4.5814366397996,3.58305739028163,0.590984294590889,3.04853499720603,0.958284991010976,2.74099591590801,0,0.401380690002881,0.819592410103054,1.28866097768205,2.31053327889883,13.5684348202938,6.05399945540843,2.22508976482141,1.95343521710036,0.12875851112863,0.0532845599370841,0.168473872281536,0.0984107785449501,0.313147115479328,0.338035208355703,0.195844884223396,0.32676706342035,0.72747517444606,0.364422352020232,0.327669301009681,1.98133161903323,0.392696536200441,1.08149272398271,NA
"1811","37193",9.50379865884122,0,5.82730717907272,0,0,0,0,0,0,0,0,0,0,0,0,0,0,0,0,0,0,41.9269167885669,0,14.6904070742526,6.26945015552588,7.17647135073856,1.79167649022705,0,0.387748513576625,1.50460180124977,2.54363506517254,2.90082934598964,4.25373258004307,5.49946765926331,2.50046581778127,NA,NA,NA,NA,NA,NA,NA,NA,NA
"1812","37195",3.73187737416727,0,2.98995263637046,1.17854146591016,0,0,3.28011265259348,3.01172100443477,0,1.57811470688288,1.42855032834466,2.54159379894111,3.64602960335003,0,0.382167818852507,2.50142376123007,0.666426272701508,1.27520230632585,1.51823720413947,3.00706660474213,1.39481187879827,1.20371989499705,0.723881349339392,0.862191738826877,0.688553785255265,2.23745763210252,2.09461127150239,0.44096339345628,0.558135582565631,0.280295017442299,1.32232002639091,0.469208845723681,2.59471971041989,0.316787825174693,0.470844556297817,0,0.712356278279367,0.804618246481746,1.35485519004058,0,2.11788521654226,0.530989680913343,1.31010419492498,NA
"1813","37197",0,0,9.4989667055933,0,2.29404865780024,3.51855920138768,0,3.56823515310572,0,0,0,0,1.44224598219111,0,7.54012730409844,0,0,0,0,0,0,0,0,0,0,21.5645775637814,0,0,0,0,13.7395149800756,4.93250952075307,0,0,6.03780442823829,0,0.685079302730874,NA,NA,NA,NA,NA,NA,NA
"1814","37199",0,NA,NA,NA,NA,NA,NA,NA,NA,NA,NA,NA,NA,NA,NA,NA,NA,NA,NA,NA,NA,NA,NA,NA,NA,NA,NA,NA,NA,NA,NA,NA,NA,NA,NA,NA,NA,NA,NA,NA,NA,NA,NA,NA
"1815","38003",0,0,0,0,0,0,0,0,0,0,0,0,0,0,0,0,0,0,0,0,41.9272997869557,0,0,0,0,0,0,9.82330751988081,0,0,0,0,0,0,0,0,0,NA,NA,NA,NA,NA,NA,NA
"1816","38011",0,0,0,0,0,0,0,0,0,0,0,0,0,0,0,0,0,0,0,0,0,0,0,0,0,0,0,NA,NA,NA,NA,NA,NA,NA,NA,NA,NA,NA,NA,NA,NA,NA,NA,NA
"1817","38013",0,0,0,0,0,0,0,0,0,0,0,0,0,0,0,0,0,0,0,0,0,41.9273068323145,0,0,0,0,0,0,0,0,0,0,0,NA,NA,NA,NA,NA,NA,NA,NA,NA,NA,NA
"1818","38015",0.803596893987897,0.943837368830472,0,1.32498020645811,0.970840420450174,0.989945386478171,0,0.385444772614793,0,1.57273450862514,0,0,1.68503554014177,2.66462141486951,0.839531180950556,0.780877764394548,2.15466255883967,2.51216400277864,1.07871899680262,0.486279047806116,0.469999835832903,0.485006943558554,0.528588873094312,0,1.43138822538968,0,5.91487114774597,1.37850125414852,0,0,1.07266322584202,1.12692124664313,0.603271999571677,3.63884890022638,0,0,0,1.21909567213699,0.68597137525722,1.52609445666866,0.806370902160098,0,2.55782832950774,NA
"1819","38017",0,11.0886817491692,7.55400012087862,0,5.05218165576915,4.63972882981371,0.929760808980565,1.47271311040031,2.44197714016079,0.527051626597422,2.13369158038431,0.649209657927919,0.417598877421214,1.25797262872158,2.26199418291693,0.967799912501104,1.26803150290654,1.01984143396825,0.81508083509123,1.12011389818901,1.86636445784678,1.31966411873091,0.96272882617845,1.54795453246986,2.00534766754424,0,4.40581325395659,1.21306906582614,2.27336449829346,0.512046424253547,0.986308566269118,0.798703081638899,1.3850998640539,1.87660280587313,1.78525523077195,1.36406527565005,1.47027880895655,0.655944800590187,0.663395151098412,0.921009517681978,0.979115690898739,1.1090950638476,0.858281567542652,NA
"1820","38023",0,0,0,0,0,0,0,0,0,0,0,0,0,0,0,0,0,0,0,0,0,0,0,0,0,0,0,0,0,0,0,0,0,0,0,0,0,NA,NA,NA,NA,NA,NA,NA
"1821","38025",0,0,0,0,0,0,0,0,0,0,0,0,0,0,0,0,41.9215156064661,0,0,5.3562314489085,0,0,3.32949567603926,0,5.3382289399366,5.59014079352491,1.26557727098669,0,0,0,0,0,0,0,0,0,0,0,34.9506252023258,0,0,NA,NA,NA
"1822","38027",0,0,0,0,0,0,0,0,0,0,0,0,0,0,0,0,0,0,0,0,0,0,0,0,0,0,0,0,0,0,0,NA,NA,NA,NA,NA,NA,NA,NA,NA,NA,NA,NA,NA
"1823","38029",0,0,0,0,0,0,0,0,0,0,0,0,0,0,0,0,0,0,0,0,0,0,0,0,0,0,0,0,0,NA,NA,NA,NA,NA,NA,NA,NA,NA,NA,NA,NA,NA,NA,NA
"1824","38031",0,0,0,0,0,0,0,0,0,0,0,0,0,0,0,0,0,0,0,0,0,0,0,0,0,0,0,0,0,0,0,0,0,0,0,0,0,0,0,0,NA,NA,NA,NA
"1825","38035",0,8.90531749049252,0,1.32529342669599,4.17194298607295,0.827570269587023,0,0,0,0,0,0,0,0,9.28230926087902,25.861173540742,3.44834370414277,0,20.6438428778751,3.79393078530591,0.338870220817328,0.265387029590141,0.53594558084091,0.399769244991519,0.446043759805782,0.198515014294809,1.74427484086737,3.03297120484175,0.237395153614593,1.24451202332547,0.482573686400508,0.276380100451761,0.223629789882182,0.172809774954197,0.213560013179633,NA,NA,NA,NA,NA,NA,NA,NA,NA
"1826","38037",0,0,0,0,0,0,0,0,0,0,0,0,0,0,0,0,0,0,0,0,0,0,0,0,0,0,0,0,0,0,0,0,0,0,NA,NA,NA,NA,NA,NA,NA,NA,NA,NA
"1827","38049",0,0,0,0,0,0,0,0,0,0,0,0,0,0,0,0,0,0,0,0,0,0,0,0,0,0,0,0,0,0,0,0,0,0,0,0,0,0,0,NA,NA,NA,NA,NA
"1828","38051",0,0,0,0,0,0,0,0,0,0,0,0,0,0,0,0,0,0,0,0,0,0,0,0,0,0,0,0,0,0,0,0,0,0,0,0,0,0,NA,NA,NA,NA,NA,NA
"1829","38053",9.50379865884122,0,0,2.83242606908575,0,4.53775850198509,0,1.72106163808367,0,0,0,4.02847039031265,0,1.95520905685034,1.76572161113674,0,0,0,0,0,0,0,0,22.1310638989065,0,0,0,2.79683953425815,0,0,0,0,0,NA,NA,NA,NA,NA,NA,NA,NA,NA,NA,NA
"1830","38055",0,0,0,0,0,0,0,0,0,0,0,0,0,0,0,0,0,41.9250628452275,0,0,0,0,0,0,0,0,0,0,0,0,0,0,0,0,41.9244115001901,0,0,NA,NA,NA,NA,NA,NA,NA
"1831","38057",0,NA,NA,NA,NA,NA,NA,NA,NA,NA,NA,NA,NA,NA,NA,NA,NA,NA,NA,NA,NA,NA,NA,NA,NA,NA,NA,NA,NA,NA,NA,NA,NA,NA,NA,NA,NA,NA,NA,NA,NA,NA,NA,NA
"1832","38059",0,0,0.859265932240255,0,2.43633388042802,1.59975468863105,0.771265756099989,0,0,0,0,2.87269188517282,0,0,2.04467180156146,1.97586471325041,0,1.79026959205467,0,0,0,2.45682277808133,2.57479828559321,0,0,0,0,3.33706623270613,0,3.51598255893437,0,0,0,3.21102724448999,0,0,0,0,0,0,0,0,26.894900564874,NA
"1833","38061",0,6.38923392032348,1.95203238713263,1.42195389761199,2.2704074855314,2.75277482369664,1.49733527335987,3.60354333991911,0,0.444465482572674,0,0,0,0.803161661911384,0,7.70809471735452,0,1.73616186086503,0,0,0,0.917735980082358,0,1.46619275706879,0,3.8510383613663,0,0,0,1.91076977688687,1.98278313736095,0,0,0,0,0,0,NA,NA,NA,NA,NA,NA,NA
"1834","38063",0,0,0,0,0,0,0,0,0,0,0,0,0,0,0,NA,NA,NA,NA,NA,NA,NA,NA,NA,NA,NA,NA,NA,NA,NA,NA,NA,NA,NA,NA,NA,NA,NA,NA,NA,NA,NA,NA,NA
"1835","38065",0,0,0,0,0,0,0,0,0,0,0,0,0,0,0,0,0,0,0,0,0,0,0,0,0,0,0,0,0,0,0,0,0,0,0,NA,NA,NA,NA,NA,NA,NA,NA,NA
"1836","38067",0,0,0,0,10.2861407168863,0,0,0,0,NA,NA,NA,NA,NA,NA,NA,NA,NA,NA,NA,NA,NA,NA,NA,NA,NA,NA,NA,NA,NA,NA,NA,NA,NA,NA,NA,NA,NA,NA,NA,NA,NA,NA,NA
"1837","38069",9.50379865884122,0,0,0,0,0,0,0,0,0,0,0,0,0,0,0,0,0,0,0,0,0,0,0,0,0,0,0,0,0,0,0,0,0,0,0,0,0,0,0,0,0,0,NA
"1838","38071",0,0,9.4989667055933,0,0,0,0,0,0,0,0,0,0,0,0,0,0,0,0,0,0,0,0,0,0,0,0,0,0,0,0,0,0,0,0,41.9273077940323,0,0,0,0,0,0,0,NA
"1839","38073",0,0,0,0,0,0,0,0,NA,NA,NA,NA,NA,NA,NA,NA,NA,NA,NA,NA,NA,NA,NA,NA,NA,NA,NA,NA,NA,NA,NA,NA,NA,NA,NA,NA,NA,NA,NA,NA,NA,NA,NA,NA
"1840","38075",0,0,0,NA,NA,NA,NA,NA,NA,NA,NA,NA,NA,NA,NA,NA,NA,NA,NA,NA,NA,NA,NA,NA,NA,NA,NA,NA,NA,NA,NA,NA,NA,NA,NA,NA,NA,NA,NA,NA,NA,NA,NA,NA
"1841","38077",0,6.38923392032348,0,3.09723040497987,0,0,2.43083608453748,0,2.45659731865894,0,0,0,2.97706068350106,2.90022578373368,0,0,0,0,0,0,0,0,0,0,0,NA,NA,NA,NA,NA,NA,NA,NA,NA,NA,NA,NA,NA,NA,NA,NA,NA,NA,NA
"1842","38079",0,0,0,0,0,0,0,0,0,0,0,0,0,0,0,0,0,0,0,0,0,0,0,0,NA,NA,NA,NA,NA,NA,NA,NA,NA,NA,NA,NA,NA,NA,NA,NA,NA,NA,NA,NA
"1843","38081",0,0,0,0,0,0,0,0,0,0,0,0,0,0,0,0,0,0,0,0,0,0,0,0,NA,NA,NA,NA,NA,NA,NA,NA,NA,NA,NA,NA,NA,NA,NA,NA,NA,NA,NA,NA
"1844","38085",0,0,0,0,0,0,0,0,0,0,0,0,0,0,0,0,0,0,0,0,0,0,0,41.9273077892229,0,0,0,0,0,0,0,0,0,0,0,0,0,NA,NA,NA,NA,NA,NA,NA
"1845","38087",0,0,5.35623193094833,3.68219830428101,0,0,0,0,0,0,0,0,0,0,0,0,0,0,0,0,0,0,0,0,0,0,0,0,0,0,0,NA,NA,NA,NA,NA,NA,NA,NA,NA,NA,NA,NA,NA
"1846","38089",5.3593048205652,9.04775824282969,2.4051746962563,0.824537894809472,0,0.657176472982594,1.99340288181879,2.56467178821446,0.589870394580474,1.6222877558942,1.46661714843858,0,0,1.51901671202466,0.551223634681304,0,0.706480359364339,1.5841699459556,1.65089181252095,0,0,2.67424051484215,0,0.91987484753824,0.94848990984614,0,0,1.28579758106374,0,0,0,2.81392904063703,0,8.26944035270089,3.61766368139092,3.51110178357692,2.40932487465892,1.21819578454382,0.518207318527891,0.967977304523012,NA,NA,NA,NA
"1847","38093",0,0,0,0,0,0,0,0,0,0,0,40.1518466589088,0,0,0,0,3.15135666484306,0,0,3.548453800782,3.09291854346012,0,2.25274150254693,5.31639061331921,1.31108008609294,0,NA,NA,NA,NA,NA,NA,NA,NA,NA,NA,NA,NA,NA,NA,NA,NA,NA,NA
"1848","38099",0,0,0,0,0,0,0,0,0,0,0,0,41.2962124879009,0,0,0,0,0,0,0,0,0,0,0,0,0,0,0,0,0,41.9250628452275,0,0,12.7986334300062,0,0,0,0,0,0,0,NA,NA,NA
"1849","38101",0,0,0,0,2.15491637715522,6.07453680638798,0,2.66237723390449,0,2.94011463161257,0.859216133516459,0.79293457625778,0,0,1.88081841152777,0,0,3.92824795646541,0,1.20281992296713,0,0,0,0,0,0,0,0,0,0,31.730130464195,0,0,0,0,0,0,0,0,0,37.0486508147187,0,0,NA
"1850","38103",0,0,5.35623193094833,0,0,0,0,0,0,0,0,0,NA,NA,NA,NA,NA,NA,NA,NA,NA,NA,NA,NA,NA,NA,NA,NA,NA,NA,NA,NA,NA,NA,NA,NA,NA,NA,NA,NA,NA,NA,NA,NA
"1851","38105",5.3593048205652,2.69871990544466,1.77437481219477,0,0,0,0,0,3.17716888783817,0,7.21368772920339,0,0,0,0,0,0,8.71269732328253,0,0,0,0,0,3.95780513803307,0,0,0,0,0,0,0,0,20.0619895224558,0,NA,NA,NA,NA,NA,NA,NA,NA,NA,NA
"1852","39001",9.50379865884122,0,0,0,2.96787517096382,0,0,0,0,0,0,0,0,0,0,0,0,40.677323745681,0,0,0,0,0,0,9.82330589823424,0,5.48292374927446,0,0,0,NA,NA,NA,NA,NA,NA,NA,NA,NA,NA,NA,NA,NA,NA
"1853","39003",9.50379865884122,0,1.6263574332431,1.3095382671366,4.2752529215466,1.68143934373468,2.03068104322324,1.66993277300041,0.484424190010383,1.34676075128419,0.435195148293223,0,0.504338891433449,1.70952299883984,3.47478593942681,2.01991796486424,3.56904137042669,1.50917165090262,1.45980590703432,1.64916876264376,0.915428970016558,1.52116594696458,0.798162655215314,0.626802796455549,0.952294089988409,0.976452699061987,1.32554460300296,0,0,0,0,4.17146664249515,1.6271831915967,0,0.574758119051827,0.286283048676322,2.60776522911956,NA,NA,NA,NA,NA,NA,NA
"1854","39005",0,0,0,0,10.2861407168863,0,0,0,0,0,3.89721935142118,3.79901405723938,0,0,0,0,0,4.61031992843703,4.32571180842252,0,0,0,0,3.48345322829249,0,0,0,4.37332213871494,0,0,0,0,0,0,9.3227248854836,0,0,0,5.10944269561985,0,3.69149524013129,2.88815349603591,0,NA
"1855","39007",5.3593048205652,0,0,0,3.94067724727346,1.78373660295784,0,0,0,0,4.49247034015214,2.14684045922049,3.50246454727607,1.3415128198428,3.10831803970807,2.38588213156851,1.27463500683866,0,0,2.85158280947561,1.11572121095257,2.58218865962775,0.459824407898951,1.66613383765051,3.24361029069213,2.61349658459667,2.28189399692055,0.376303969569703,0.34353220677422,0.344276794903763,1.80472189975835,3.18077931435042,0.796225035726212,0.581285322455277,0.417733916767837,0,0.481517759723582,0.568022076620615,2.20691852792728,2.27884301415464,1.25722945136588,0.752028481174472,0.526636490875369,NA
"1856","39009",0,6.38923392032348,3.73038711983005,0,0,0,0,0,0,0,0,0,0,0,0,0,0,0,0,0,0,0,0,0,0,0,0,41.927307793603,0,0,0,0,0,0,0,14.0040270250776,0,0,0,NA,NA,NA,NA,NA
"1857","39011",9.50379865884122,0,0,2.83242606908575,0,2.39868300884941,4.13637825960888,0,2.87340905355024,0,0,0,1.44819545183987,7.03172035484379,0,0,0.88426710031655,2.5074971068286,0.78242281577659,1.48292597207002,0.706123720760834,0,0.743595106740715,0,4.40075232288295,0.81609176311111,0,0.734893275614008,0,0.83467483143132,0.944649298319341,0,0,1.5376305663823,1.70233448086646,1.70517389747294,0,NA,NA,NA,NA,NA,NA,NA
"1858","39013",0,0,2.86085361663031,0,6.02791593649466,2.9327456607122,0,0,0.986190223580513,1.98992777920706,0.988027038016167,1.90753659054785,2.5606121014828,2.13994175890394,1.19002865893117,1.54024637495768,2.22784172491808,2.26791008591667,1.89456992306338,1.84944935845617,0.231493471017315,0.660336401701197,0.885377584199412,0.233612312317768,0.260926103066588,1.19681982879342,1.64901717315057,0,1.79493217976919,3.63351718713624,2.4191752710251,0.441033815633354,0.590501418130673,0.570395575322529,0.973284130076166,1.61020229817283,0.81676529277461,2.00118462599781,2.86389291194782,1.35707210550796,0.396003742827511,0.866157913609449,1.3261032812694,NA
"1859","39015",9.50379865884122,0,0,2.83242606908575,0,0,0,3.16744626039686,0,0,0,4.07629521192134,3.5629626921819,0,0,6.65927841928256,0,0,1.40944510012721,0,0,0,2.26181511062381,2.48632747192145,0,0,0,0,0,0,0,0,0,0,31.8236106704859,NA,NA,NA,NA,NA,NA,NA,NA,NA
"1860","39017",0,0.438767185307648,0,0.989359844401996,0.678161219094615,0.738882370101755,0.820964450317232,1.33541013908826,2.64444232720466,1.95357626793194,1.33664232320332,1.16682619016132,2.55038592989122,1.95231929611053,1.30057538601055,2.68858629296846,1.33042479970052,0.703324876796524,0.442985060932478,0.337967182885753,0.246103472530772,0.569381166382326,1.00727098448297,1.15272527881304,2.96079188606665,1.25101144834901,1.40953565923576,0.28328194845282,1.86880526104396,0.512397052012898,1.02007647078452,1.15274880121224,0.900144096481087,1.0328363170066,1.15812703966227,1.14200303714627,2.4042616765051,0.768182327813561,1.99356431859323,1.33710305933237,1.7523844189443,0.722694832391288,0.415454396580743,NA
"1861","39019",9.50379865884122,4.20373720110854,0,0,0,0,2.76105150834771,2.90382315281547,0,0,0,0,8.81781085349891,0,1.82362321813941,0,0,0,1.85628721170955,2.04650218644006,3.853510413991,1.56752250838971,0,0,0,1.46432866586157,0,0,2.50963085364385,0,5.18578236672365,0,1.83789688809073,1.58966788969013,0,0,0,0,4.80198046945561,0,0,0,0,NA
"1862","39021",0,6.38923392032348,0,0,0,3.29105432191909,0,3.14744632433818,0,2.61103930311688,0,0,0,0,0,0,7.5084893646802,0,0,0,0,0,0,0,13.9912566311199,7.62729846111983,0,0,0,2.96146778972107,0,9.53010057898895,0,0,2.26177426890863,0,0,0,0,1.92160352210913,0,NA,NA,NA
"1863","39023",0,6.38923392032348,0,0,0,0,14.5375588870241,0,0,0,1.12746093604135,0,0,1.72779615749238,3.74528612040821,1.67902348844901,2.72564401925615,1.09109937832028,0,3.45796296548768,1.49879400762377,0,0,0.715757930035279,1.56438510459057,1.64461093586587,0.822870701576899,0,0.853853463514426,1.75797459244331,0,0.953098869773338,1.00499265566993,2.03888576082294,0.980591415040464,7.78915752795323,2.5822344360296,1.11386947251356,1.76532358350814,0,1.469469052895,0.9646762334483,0.73205022264024,NA
"1864","39025",0,0,0,1.16872963603358,0,2.67165031729093,0,1.44234016998102,1.41441342663397,1.33858557722816,3.54154262052601,2.82239343179961,2.18181694269878,0.591705115502147,2.99117349367216,0,1.9830980783876,2.14375621204939,0.958216731983116,1.45249726350377,0,0,1.5366641612567,1.63256606055552,3.43459460996956,1.59135621472793,1.11668792962145,0.199747951459043,0,0.429124494065204,0,0.950036988600534,0.400579195726401,0,0,0,2.08437687168366,3.41298332263821,6.37029482522975,3.00093301844843,2.46070715291481,0.624970930262569,0.54300998004934,NA
"1865","39027",0,0,5.35623193094833,0,0,3.32949567636171,0,0,0,3.56230082927865,3.27911063624443,2.63496695939546,2.03264018294782,1.61207997156296,0,1.31681885499156,2.49289194726253,1.1445986931817,3.01932999185735,0,0,0.84786728483219,1.77487472350117,4.19098819046368,0,1.90384083016079,0,0,0,0,0,1.49379602437401,0,0,3.37213785923694,0,0,3.24742314154678,0,5.32746319693759,0,0,0,NA
"1866","39029",0,3.45810439938785,2.3206362711029,1.75255593377406,2.78531541938324,2.22320333548874,1.80570417440334,0,2.83847502465325,2.44343584371661,1.54366171214129,1.74792749420273,3.56832538107582,1.6893391452023,2.47214125201136,1.10589001188501,1.89109616946605,1.37613021564109,1.35696934305016,0.460469397472662,1.01465962650561,1.016396290012,0.116737724980059,1.00066539001897,1.71168861399863,2.31257269370165,0.825859828071632,0.658753852523827,1.56015586498262,0.30241553726836,1.01984985581665,1.34900677293607,0.631417463319854,0.54266438784045,0.459345750903473,0.624301757137235,0.961079822517916,1.75610331069778,0.887259327568987,1.99210106718461,0.920889863888078,0.49794789848317,1.0994590751539,NA
"1867","39031",5.3593048205652,0,2.07379171298768,0,0,0,0,2.90995490873979,0,6.46602581145662,2.37837903463636,3.35407223041871,0,1.1049619731988,1.02971005264451,0,0,2.53199360944128,3.71267580566889,0,0.985164474047934,0,0,0,0,0,0,0,0,0,0,0,0,0,0,0,41.8969899296747,0,0,0,0,0,0,NA
"1868","39033",0,0,0,5.25744058045737,0,9.43805003584471,0,0,1.45985494603144,1.36892758273181,0,2.72546270441431,0,0,0,4.71941115132437,1.42043122545306,0,3.37330155099,0.958137878036648,1.67629508543592,2.86730924798109,1.78187088675306,1.01018040544688,3.40422736325907,1.72741653357028,0,0,0,0.361934851663417,0.457155862365569,0.599526845496153,0,1.9878696893629,0,4.4379588193038,0,2.51857929454453,1.43505461633247,1.25881184280469,2.22325104745599,NA,NA,NA
"1869","39035",2.23386638800522,0.949116217001803,1.50377696232099,1.68103060903295,1.9481136544504,0.979541024991494,1.57040620297965,1.09891791322074,0.670312452985914,1.1955548197865,1.39705029534468,2.09330886075476,0.0168232590452131,0.747376849547714,0.763009788311208,0.712565632759921,0.931861321060674,1.08797303711753,0.797094352996988,1.30454549021358,0.832567434469452,0.958145507368489,0.89608732242016,0.905654702840301,1.09263892849863,1.14199367863829,1.51106812957661,0.274785947074016,2.28529075994459,1.45350200416763,1.05621246330855,0.907176670935009,0.78101803847881,0.796498699868227,0.575774217508786,0.631025209543563,0.872803190657746,0.939913352837839,2.02114205310132,1.81915596690306,1.57919700227099,0.534086118460301,0.91678910888942,NA
"1870","39037",0,0,0,0,0,0,15.9172924009947,21.1787118511695,0.954763816082075,4.92274569929853,0,1.82221500479462,0,1.07692990835635,0,0.63350616897928,1.43010328473955,0.780133529695214,0,0.919110386915754,1.4676758526226,1.96150548347993,0.471584271305496,0.917299978787063,1.34197179879658,0,0,0.547190079199339,0.649912179984138,0.778848167348917,3.41517857066236,0,7.84548445019746,0.455015366127974,0,0,0,0.425246588985811,0,0,0,1.74494878866025,0,NA
"1871","39039",0,0,0,0,8.21868354746747,0,0,0,0,2.04423318616744,0,2.53436858832969,0,0,2.69363526335113,2.49005550242276,2.1326475178443,0,1.69431149571256,0,0,1.85284490797017,0,0,0,3.20229399182004,0,3.28586877965064,2.76513524485995,0,3.85930002077649,0,1.45792630759399,1.34947158042535,0,0,1.51678909043188,0,0,0,0,0,0,NA
"1872","39041",1.9528485272007,4.11206025325294,0.685363351150571,1.62640842758277,2.27875328383302,2.30341012082146,1.61605158165127,1.91901590816491,0.951112846480496,1.07996329331815,0.617341619360223,2.18781001096753,1.48620642700005,0.175593156337376,1.20446542384043,0,0.377724453866401,1.05939373037483,0.947399704264901,0.262592587461398,1.42988197720655,0.599879057183052,0.93241618420864,2.74399630429427,1.64997019907861,1.21354509061265,0,0.884760827845727,0,1.28532347110413,0.287810754117812,1.28794470325537,1.69629501341808,0.339973114203579,1.67226293705272,1.58173235049774,0.888234018310969,0.570264545107794,1.94187020188716,0.799393282454462,1.28831350425447,1.7128401580247,0.917478012535362,NA
"1873","39043",0,0,5.35623193094833,3.68219830428101,0,4.37771758157285,0,0,0,0,0,3.0610691978877,0,6.80934807278809,4.62266549793702,0,0,0,0,0,0,6.42455125134837,5.51338875628818,3.60525423156538,3.48002199573599,3.12845948754571,2.25163542194747,2.56062577523204,1.35963356116822,0,1.96035313504531,0,0.286111747575591,0.942935639323578,0,0.830212966855883,1.42141001581959,1.02017123627435,1.04383996743274,0,1.1021646786163,0,1.29673710054924,NA
"1874","39045",12.8044813570177,1.87516427514444,2.34534074426177,4.7628031754054,0,0,0.505760410869677,3.98726727410278,2.6010115297238,1.43069244458186,1.20363991730125,2.55133528654575,1.71460546716965,0.930715846023518,1.01979238169284,0.490234158742976,0.826724242036004,0.860880592785063,0.548856080042601,0.594741752027956,1.28397349353232,0.454195900944124,0.961451996976143,0,0.568745534185522,0,0.781974778369431,0.934193454822351,2.58672215525851,1.50420916509814,0,0.903620988867215,1.76102273758929,0.855607895301046,2.05388446595928,2.92043952169599,2.39269405451164,0.249556882370217,0.456105608292254,2.17100790724867,0.417603170251695,NA,NA,NA
"1875","39047",0,0,0,0,0,0,0,0,0,27.462168420246,0,0,0,9.33348751919224,2.99950887496254,0,3.42459592537883,2.65407124324466,1.06653815492539,1.80719973021945,0,0,0,1.06642832635574,0,0,0,0,0,0,0,0,19.3951327209039,8.45078051282004,0,0,2.8265299624085,2.38927016211524,5.4942102736974,0,NA,NA,NA,NA
"1876","39049",3.32767897340862,5.11247263570728,1.34076147264977,1.62089674841501,2.66092581215281,3.4047026868473,0.964707811154535,1.11641873815388,1.29352253522506,1.77177853934084,1.23085653179348,1.41067805198333,1.14197566674168,0.802883472453856,0.921604601119181,1.14892492718954,1.1236044457318,0.792650260145693,0.934221576881266,0.867408551120292,0.98300944642694,1.39340618683759,0.8216060408604,0.976377724095266,2.12300380190187,1.90463005101165,1.30048130723267,1.53236748063347,0,0.605582717294601,0.55835485053045,1.11353752562505,1.5080960294918,1.14783559616378,1.61231166251776,0.925180615575817,1.17612701978779,1.63816683425739,2.63473210891316,1.49485354522926,0.964843588625689,1.64502623304853,0.608768477276434,NA
"1877","39051",0,0,0,0,0,3.98175475735187,3.82970248236139,3.0030208446336,0,0,0,0,0,0,5.7028593218574,5.2289593501779,0,0,2.76747367106303,4.49210519340879,4.77438549200484,1.12608663388584,2.56729194461963,0,0,1.36420197680642,0,0,1.02420534465771,0,0,1.9030273650305,2.08932406860634,1.99647014315143,3.34536772143587,0,0,2.40837267011328,NA,NA,NA,NA,NA,NA
"1878","39053",0,0,0,0,0,0,0,0,0,0,37.6298754659942,5.29939835592071,0,0,0,0,0,0,0,0,13.3604431909821,17.0086423086695,0,0,0,0,0,0,0,0,0,0,0,0,0,0,0,0,0,0,0,0,0,NA
"1879","39055",0,8.90531749049252,0,3.73947575528006,2.7330478309122,2.73249483483683,1.59602998051112,2.15732821478586,0.732925934888028,0.338660020753957,2.5797789592889,2.32212382815985,0,0,0.533675372682583,0.298517626306335,1.0446012909828,1.20164127208691,0.878059891661772,1.79432559254384,3.24541887523383,2.30862239639007,0.273593524386781,3.03811418510456,1.94203002072684,0.667614569044519,0.309981419311931,0.312609318947917,0.838637410240488,1.45807164969104,0.774751996733769,0.408548154811725,1.48603207224428,0.432797222413542,1.95672939889368,1.85464186807808,0.384346906425334,0.925033916756922,0.185704748326842,0.19925425264026,0.899463922946877,1.02293315549253,1.67359355515163,NA
"1880","39057",0,11.0886817491692,0,0,0,0,0,0,11.8427578138547,5.00638526796357,0,1.24230739929985,2.0715538777246,1.78497485600698,1.56918601261801,3.33117104641436,0.555597805441146,0,0.502105590190444,1.05854494131348,2.2072185966874,1.08811084213298,0.528473710827251,0,1.11318276672575,0,3.81607724259847,0,0.594185630730388,0,0,0.768708304927692,0,1.19648997634992,2.77530215365501,2.64904196304561,0,1.04712502588036,0,0,2.38486594587043,0,1.39167920030087,NA
"1881","39059",0,0,0,5.25744058045737,0,3.70150115844827,5.40734328467574,1.87558533466086,0,1.29069793109229,0,1.28262261440498,3.77668288417121,0,0,0,1.24257890128771,1.36533136302662,0,4.51240782654053,0,0,0,0,0,0,0,0,0,15.5307452283618,17.6241051904818,0,NA,NA,NA,NA,NA,NA,NA,NA,NA,NA,NA,NA
"1882","39061",4.08641971118071,3.55409307987588,1.90923739379853,0.732536293965725,1.26925990611605,0.943506257845746,1.58610506712723,1.716242715299,2.23212513927967,2.47404369003712,1.63522587883685,1.43639961376339,3.98237732314521,1.1504020132342,2.27461211149383,0.439902622375466,0.624533437358736,0.854910744566483,0.758831924853475,0.649874883874996,0.170793365951666,0.737499925508783,0.653614758366727,0.736861658195529,0.950776222926528,2.03217909683443,1.9309902999942,0.695753253914025,0.651992336192967,1.2245975015602,0.626627345717185,2.97496624991479,2.04297006343462,1.1860697006624,0.736627511071326,0.98615703869693,0.95720000314487,1.30051115847514,1.46964597030063,1.62382602827974,1.07151799798855,0.490643239218628,0.966908499261456,NA
"1883","39063",0,0,0,5.25744058045737,0,3.70150115844827,0,0,5.21981762055593,2.08699652914953,3.20242265724253,1.23722110180605,0,1.94888165422847,2.64256106801564,0.782875379235367,1.42244843280005,0,0.680544971255613,2.08990716274533,0,0,0.84086309525453,2.70554598889596,1.7403911718504,1.56813047801276,2.03476258426028,0,0.578026897778655,0,0.677157367772593,1.54910993395471,1.67499049010942,0,0,0.973064831123106,2.05828524583064,0,0,0,1.50225763390674,0,1.99934129639879,NA
"1884","39065",0,0,0,5.25744058045737,0,0,3.77862808533394,3.13347873203109,0,2.24431024283832,5.30483650337063,3.69875898656213,0,0.780567096310474,0.729617753072735,1.43863537419205,1.42428537245083,0,2.1650198840506,0,0,0.822983455184596,1.80467119698316,0,0,2.32856816704504,0,1.26577516704744,0,1.40645486573353,0,0,NA,NA,NA,NA,NA,NA,NA,NA,NA,NA,NA,NA
"1885","39067",9.50379865884122,0,0,0,0,0,0,0,0,23.2191784986565,0,0,0,0,0,3.98053601001703,3.8294323620455,0,NA,NA,NA,NA,NA,NA,NA,NA,NA,NA,NA,NA,NA,NA,NA,NA,NA,NA,NA,NA,NA,NA,NA,NA,NA,NA
"1886","39069",0,0,0,0,0,0,9.82330751988082,0,5.48292375749834,0,0,0,3.28317756995258,0,0,0,0,0,0,9.26137238960671,0,0,0,0,0,0,NA,NA,NA,NA,NA,NA,NA,NA,NA,NA,NA,NA,NA,NA,NA,NA,NA,NA
"1887","39071",0,0,0,0,0,0,0,0,20.1118374377734,8.49011672233275,0,3.11070826932534,0,4.05121191737519,0,0,0,0,0,0,4.69098772166743,0,0,0,0,0,0,0,0,20.0993449107549,0,0,0,5.23736697842002,3.96541185078164,0,2.51683814207483,0,0,0,0,3.35345391039271,NA,NA
"1888","39073",0,0,5.35623193094833,0,0,0,0,0,0,4.88108547675695,0,0,4.68862307948999,13.2161529398019,3.93626805177523,1.62191787264979,0,0,1.1456806583628,0,0.731885941924604,0,0,NA,NA,NA,NA,NA,NA,NA,NA,NA,NA,NA,NA,NA,NA,NA,NA,NA,NA,NA,NA,NA
"1889","39075",0,0,0,5.25744058045737,0,0,3.77862808533394,0,3.03841265288605,0,0,0,0,0,0,0,0,0,0,0,38.1852037931471,0,0,5.35436537596716,0,0,0,0,0,0,8.74419130238677,0,0,0,0,NA,NA,NA,NA,NA,NA,NA,NA,NA
"1890","39077",0,6.38923392032348,0,3.09723040497987,0,0,0,0,3.64425325680903,0,0,4.01722799284322,3.29353977933368,0,6.16081850435589,1.47609723092652,0,1.07347976190094,0,5.05333694081651,0,0,0,0,2.16044143478289,0,0,1.6548939121341,6.1947291175513,3.37646389682343,1.61201938873006,0,0.592170438248077,1.17143809609315,0.606007214123886,0.650141901194858,0.708512192036605,0,0,0,2.74514916461807,0,1.66666355346055,NA
"1891","39079",0,0,0,0,0,3.98175475735187,0,0,0,4.64398141279714,3.80443439067145,0,0,0,0,0,0,0,0,0,0,0,0,0,41.4294202704421,0,NA,NA,NA,NA,NA,NA,NA,NA,NA,NA,NA,NA,NA,NA,NA,NA,NA,NA
"1892","39081",0,17.5388058105992,0,2.68561870511428,3.78691417481513,0,1.27475107647098,1.74363683750553,0,0,0.639172514307214,0,2.64036910379413,0.939038008396457,0.941046075303628,2.62650999698691,0.775752197367791,0,0,0,0,0,3.93207342711764,4.10998138640153,3.19737916700531,1.17511670927796,0,1.74648321166625,0,1.72781307601849,1.72175183908366,1.63266622779554,2.19179837301774,0.643370541331849,0,0,0,1.72141790027307,0,NA,NA,NA,NA,NA
"1893","39083",0,0,5.35623193094833,0,0,0,3.72919312407338,0,3.37801526152756,0,2.66046614495053,0,2.22316886384522,2.00632484641268,0,0,0,2.24079333976038,2.33727908202172,0,2.17503060683849,0,0,0,2.56673931535542,0,0,0,7.15044736952126,0,0,2.30469942212128,2.0496595882338,0,0,0,0,2.96993528049087,0,0,6.93935210136698,0,2.20084341069765,NA
"1894","39085",3.73187737416727,2.91186408079262,1.92545427776024,2.39787174169695,2.96591966483345,0.895845657776471,1.29093666559784,1.83798576053923,0.212029901682487,0.833832036692787,2.83180997315585,0.564980356981547,1.91975852057809,0.484379651157214,1.23297439881659,0.751865600782206,1.05235688154947,1.05974381800574,0.309812755204847,0.654334266913802,0.355401845810183,0.59681883348367,0.899438627661837,0.753621322595639,0.82522604348431,0.881209114716256,0.311279917094703,0.670169791636023,0.729450479487343,1.56527963641426,2.337310515203,1.08026440468343,1.93343973410188,0.860168513531275,0,0.279797236651355,0.618230908689022,1.73322331232423,1.11417063035772,0.763149354545831,0,0.826718610400504,0.447271866712083,NA
"1895","39087",0,0,0,0,0,0,0,14.0040270250776,7.62821650343069,12.4224024747729,1.53777623952089,2.01809312362548,0,2.75937056704233,1.21667088822037,0,0,0.645629656501083,0.740839428392938,0,0,2.62125193345845,1.39960343742602,0,1.3837603998362,0,2.7742907428827,0,0,0,0,2.23599503657971,2.47635370948087,0,0,0,0,3.37895617319013,0,0,NA,NA,NA,NA
"1896","39089",0,6.38923392032348,3.73038711983005,4.6719127493297,6.9037940664255,3.30460971623543,0.578242565409299,2.71491482125621,1.47580080807371,0,1.87082336493367,1.47766247654062,3.90612053979939,1.06849712056286,0.369905115541731,0.691797166636492,0.519067460903512,2.45613550769866,0.173978995493343,0.179313741746443,0.576928605948214,0.636050987127577,0,0.57570611447149,1.36395799417258,0.770140348166133,0,3.48931587341519,0,0.791417454057835,0.395668168590873,0.41738539451703,0.46298995882119,1.56000218459395,0,1.26470039282177,2.56852120351298,0.604115521356356,1.67931689585239,1.52479656126203,0.470711680368563,1.35583573391918,2.13624769137152,NA
"1897","39091",9.50379865884122,0,0,0,2.96787517096382,0,0,0,0,0,0,0,20.3879583038669,0,0,0,0,5.84959390180758,0,0,2.24883028974455,0,0,0,9.48151617096573,1.68736750282874,0,0,0,1.23878578001699,1.38779498198032,1.49427708782894,2.87773233304592,0,0,0,0,0,0,3.75643475076619,0,0,NA,NA
"1898","39093",3.0024812274089,1.95405152320919,1.5863683673648,1.27098924700068,1.88050504578102,1.25860393457024,1.15785125113964,0.491236669214803,0.494043958341654,0.392367495856914,0.721805703256183,0.809531490944633,1.76343736282804,0.902894032382913,1.24461814305679,0,3.38552144592223,0.615845201167377,1.41685937131346,1.43172492484881,1.77694271660593,0.865584608570299,0.717816099968204,1.20189608244843,1.74972818813123,2.16302882791601,3.49969656761783,0.187740104423344,0.504667553004517,0.916209982359487,0.654882045321209,0.69245415579855,1.35485316235006,0.518495695381756,0.207360447206631,1.33594067576505,0.859332034977277,0.974615159860049,2.71006234763013,1.37164427703171,0.588449107253718,0.619954692086923,0.80177496574143,NA
"1899","39095",4.67913331299816,2.41099290959399,4.94917300685822,3.80839527439554,2.80906017835553,2.93835265288001,3.04770314512729,1.71190025039107,1.32182256645847,2.23236752300338,1.74774936454957,1.174577769501,1.51835923704565,1.06713058577759,0.641668549554943,0.869077785928718,0.81671986187465,1.12204215168381,1.42119403665916,1.62463733759486,0.430184741193709,0.361650087265167,0.883697044084773,1.95577643044929,1.63431011441142,1.21229432852143,1.23865543811185,1.75195662781874,0.840295628702369,0.706532432497601,0.587246476221563,1.39246667839461,1.18901935935012,1.15722343249354,1.65137871202828,0.575484762985863,0.778650286842593,0.910290723969887,0.949761156463116,1.04082490570326,0.78790204065668,1.06572844371832,1.26195393369695,NA
"1900","39097",0,0,5.35623193094833,3.68219830428101,0,2.30942471437372,0,1.93363342797622,3.45917342655796,2.80261725633941,2.18268578162694,1.72860364821642,1.43059497673976,1.24449043581912,0,0.592692240409889,1.25665308700483,0.67094202495371,1.41628933825253,0,0,0.899431117323167,0,0,6.89171835879239,0,2.89791246855429,0,0,0,0,7.7284521912176,6.20543949984021,1.77423692916026,0,0.289346855067197,1.12754096272286,1.15314806944412,0.900539939613168,0.316913745032774,0,1.1616461592786,1.67990547306714,NA
"1901","39099",3.15672694893642,1.71583676639933,3.22927976595615,1.54485319113663,2.33442281362641,1.37073318281233,0.407054594907071,3.04472634741196,2.79902945345794,1.52583095197696,0.811851928420648,1.35799809470254,1.34040508341281,0.469765384223755,0.474622992638992,1.25857461573533,0.237525375113197,1.46928450863856,1.25135165487228,0.886610094732921,2.10931957535838,1.20279382601881,1.10774437160061,0.68435100238018,1.02339495544957,1.36167863153355,0.959783716863258,0.651800922088258,0.588468863460225,0.69993005652765,0.617983010505437,1.46402731673686,1.07395718641882,1.59705768410955,0.744691827701333,1.20972375474103,0.868482594592274,0.859506395722331,1.03703774615004,1.08886850554983,1.30212485627011,2.23246834691223,0.908092104537223,NA
"1902","39101",15.495240879053,3.13230367769245,0,0,1.50117507661761,0,1.64341045430076,1.70890773262647,1.65789942687307,1.51669482260042,1.35652258589708,1.22348524037764,1.12940546410152,6.49239204009793,3.81133109080023,1.34217114119568,1.39455231670825,2.29464918203305,0.49646172935927,1.5946485410905,0.858228129366241,6.79485107408781,2.40553990039959,4.65521074655543,5.98865678004279,4.83665522756148,9.34640862491512,7.0457501659943,1.16326455472073,0.214156330598464,0.0161935488683801,0.0799160181173117,0.0308699809668716,0.0149571229442389,0.0427233444302398,0.111142591163342,0.05591306084264,0.163521386279657,0,6.59852133716975,1.35527758580484,2.05956218878227,0.143181986177231,NA
"1903","39103",5.3593048205652,0,2.84698188685052,0.646184811780421,2.23381871809043,1.23590386419781,1.77901932801539,0.61052859205665,1.34539065303816,0.740831849955592,1.62539796327804,1.8788695765289,0,0.646065962983221,0.835101729669548,0.881317319143141,1.11697948969731,0.776981005397992,1.00211901320024,0.818293848485557,0.629960362140752,0.44123117922301,0.947225417413727,1.50285849434243,1.02152358477468,1.01715036390129,0.506235862976116,0.773124554569826,1.06354060782215,0.826153913902192,0.290213201395408,1.53720164827126,0.321135547690509,1.34032213461277,2.31269094463976,0,0.929438344948694,0.93119355840654,0.635959235538245,1.31729347329909,0.341668550151093,0,1.22395170794835,NA
"1904","39105",0,0,0,0,0,0,0,14.0040270250776,0,0,0,0,0,0,0,0,0,0,0,0,0,0,0,0,0,41.9261852895489,0,NA,NA,NA,NA,NA,NA,NA,NA,NA,NA,NA,NA,NA,NA,NA,NA,NA
"1905","39107",0,6.38923392032348,0,0,0,0,7.34256747858779,2.87524898685165,2.10808084359982,0,1.46329042995782,1.34668112043746,0,3.8183751139546,1.13037067287806,0,0,1.07909055676138,0,0,0,0,0,0,0,0,0,26.4301927902083,14.822109612052,0,4.1961419221266,0,0,0,0,5.27727101205886,7.02597175287733,1.86438201729895,0.682997330778853,2.19762002428878,NA,NA,NA,NA
"1906","39109",3.46855837618909,0.953382001767539,0,0.322248852957688,3.67393745326409,1.64416117342,1.21251659981858,0.659016778698827,1.23633131414868,1.56074102468599,0.376654985506965,0.759240291758362,0.592326989584484,1.44994632868738,2.84115426657693,1.97477262809494,0.929224774695221,0.420380014536343,0.409650580367278,0.429089235227682,0.160390235601501,0.757834815134481,0.228980384494819,0.834246019738534,0.655427363844006,0.743854740848422,0,0,1.12659010933116,1.29886769139515,0.71569044875827,0,0,0.987193744986186,0,1.36885889999606,0,3.46018801506519,1.60585492151391,3.94338563964921,1.0216136320311,0,0.824588888660919,NA
"1907","39111",0,0,0,0,0,0,0,0,0,0,0,0,0,0,0,0,0,0,0,0,0,0,0,41.9273077844134,0,0,5.35623193094827,0,3.29763030713821,NA,NA,NA,NA,NA,NA,NA,NA,NA,NA,NA,NA,NA,NA,NA
"1908","39113",4.3999268681957,3.34222593487762,2.8187334537761,0,2.26774618370904,0.409355155411174,1.93304058471188,2.12885239698005,1.87372993224068,1.09203455077076,1.92478641273584,1.68516303955214,2.18705326201863,2.29943025203611,3.08004417648621,2.20894181557106,1.16277416275131,0.608080019666413,0.32177589646881,0.921095526215147,1.57366348974327,0.213404805274175,0.305030374673806,0.5048268261477,0.191518780610705,1.00407001618077,0.896993121878005,0.432241803042164,0.481193087928042,0.357665756617954,0.803188291284722,1.96193082966867,0.225911153956759,1.16032186820002,0.935770347225499,0.47503039957436,0.983328734454155,3.14305200645687,1.30725361812024,1.53623974652781,2.92743171094659,0.683328104123222,0.493753937807971,NA
"1909","39115",0,6.38923392032348,0,0,0,0,0,0,0,11.9088792851726,0,0,0,0,0,7.26015782407909,0,0,0,0,0,0,0,0,0,0,0,38.5196971716108,NA,NA,NA,NA,NA,NA,NA,NA,NA,NA,NA,NA,NA,NA,NA,NA
"1910","39117",0,0,9.4989667055933,5.30788402328391,0,1.37264899977735,0,0,2.64136355313842,0,0,1.63356127731552,1.68498308178076,5.82488646876216,0,1.84893227127832,2.30548105213902,0.660712623291531,1.78449437889727,0.55153239639846,0.541095857505821,0,0.631333337608759,0,6.27685917721454,0,1.18533745702156,2.53970907624735,0.44147434335144,1.22282094403675,9.31138423426133,0,0,NA,NA,NA,NA,NA,NA,NA,NA,NA,NA,NA
"1911","39119",9.50379865884122,0,0,0,0,0,4.64153255959367,4.33414123910855,0,0,2.69494703918426,2.34814197297447,0,3.73300982913059,0,0,0,0,0,0,0,0,0,0,28.0082431317437,0,0,5.34284067552244,6.76692580789677,0,0,0,0,0,5.47184857509695,6.76904994948242,2.94017193656826,0,0.876248723233239,NA,NA,NA,NA,NA
"1912","39121",0,0,0,5.25744058045737,0,3.70150115844827,0,0,0,8.23907537156009,0,0,0,0,2.01842535674645,0,2.52183324710567,0,0,0,0,0,0,0,0,NA,NA,NA,NA,NA,NA,NA,NA,NA,NA,NA,NA,NA,NA,NA,NA,NA,NA,NA
"1913","39123",0,6.38923392032348,0,5.76834489338417,2.01542302939932,1.5371626606635,0,0,0,0,2.12112665185167,4.64625884822081,1.98934535978723,1.57658593728999,0,1.21761693483055,0,1.2850991455525,6.03582060657771,3.59011244945503,3.67787974032223,0,0.768352619566833,1.07348378957629,0,0.781374632683035,0.440195282895945,1.00543020060824,0,0,0.802028074099,0,1.19185812423634,2.67931937820254,0,0,0,NA,NA,NA,NA,NA,NA,NA
"1914","39125",0,6.38923392032348,0,0,2.99910157542646,4.88907808442355,0,0,0,0,0,0,0,0,0,29.3066657665557,0,2.34300902132623,0,0,0,0,0,0,0,0,0,0,NA,NA,NA,NA,NA,NA,NA,NA,NA,NA,NA,NA,NA,NA,NA,NA
"1915","39127",9.50379865884122,0,0,2.83242606908575,0,2.39868300884941,0,4.23526888104023,0,1.64578428922179,1.48453950634983,0,0,0,0,0,0,5.65547608933429,0,0,4.84890699826914,3.57654918648681,0,2.30418512750983,0,1.93334112787279,0,1.89742060888803,0,0,0,2.70528696615965,0,0,NA,NA,NA,NA,NA,NA,NA,NA,NA,NA
"1916","39129",9.50379865884122,0,5.82730717907272,0,1.66039491173457,8.38922881046153,0,0,1.20866821667588,3.81419100637293,3.9071148595223,0,0.599616450285586,1.12601412702305,1.10010517877419,1.36312443855832,1.84557983489928,1.7023599455522,4.97216361347434,2.05904750108188,7.28154136547104,1.50162828519207,2.56103295830638,1.69237093940542,4.59438959935886,11.390834382498,3.05906385279177,0.121526258699209,0.0131734778418552,0,0.0142935978087822,0,0.300267835704585,0.101112633743158,0.323511933617186,0.321900973913226,0,0,0.438415005097766,8.91463007369685,NA,NA,NA,NA
"1917","39131",0,0,0,0,0,0,0,0,0,0,0,0,0,0,0,0,0,0,0,0,0,0,41.9273077429001,0,0,0,0,5.8621602337794,0,0,0,0,0,0,0,0,0,NA,NA,NA,NA,NA,NA,NA
"1918","39133",9.50379865884122,7.64133496367432,0,5.79767612869794,4.61458544124732,3.58487197566813,3.22737356247508,1.47117136294093,1.41630216866263,1.22016528222556,2.67035378065415,0.779658822465655,1.41321545610328,1.29891651059241,1.21029068830957,0.806966051174265,0.793401489146156,0.914278061484265,0.934439039522129,1.19182277499737,0.365785001682717,0.889335707653983,0.269737526920615,1.72577298948481,0.597105864124088,0.621330061576848,0.328786670548636,1.40327973239593,0.736562704608262,1.14685702246039,2.08061137280563,1.57789349367105,1.11216366572923,0.149162783901977,0.891235790530969,0.155700591650679,0.858424360362709,0.76918951953921,1.27180643996442,0.227663631578014,1.44165847301131,0.977272127170481,0.978433796370309,NA
"1919","39135",0,0,0,0,13.7433627509621,2.62048313618834,0,2.79148651873367,1.14367068205425,1.01043872335148,0.946339400513481,0.923324211559324,3.46783468244081,0.76299603152735,0.692053925492516,1.91607962660945,0,0.612584751251292,0,0,2.71742901263196,0.975064940587222,0,0,0,0,0,0,0,11.3800141683502,0,0,0,0,0,NA,NA,NA,NA,NA,NA,NA,NA,NA
"1920","39137",0,6.38923392032348,6.85120391027542,0,11.3986875377651,0.734278149632327,2.07454875475428,1.22449047182446,0.358451803740915,0.694098714684303,6.98253630557435,0.463500471370178,0.385669332660183,0.529014685338357,0,1.71081846966541,0.20656628395597,0.689846585507555,0.258042240687304,0.294911065047362,0,0.846528576144738,NA,NA,NA,NA,NA,NA,NA,NA,NA,NA,NA,NA,NA,NA,NA,NA,NA,NA,NA,NA,NA,NA
"1921","39139",0,14.6904074042041,0,0,0,1.57092994155016,0,0,2.24007674009195,4.43791270252892,0,0,8.2172003653616,2.74390984321665,1.31317681361485,0.531869792398927,2.31297698434509,0.827976418909468,0.394851794181333,2.30477304108283,0.731972423803182,2.39127490756707,0,0.311499941985405,1.28316545352481,0.670623017326461,3.34202834599491,1.49895928739456,0,0.519948699505201,0.532204783532412,0.575615635295251,0.963201953147577,1.40854752713672,0.373427314699271,0,1.71621258406611,0,0.499434293377176,2.1576516402083,2.12661346854013,0.495642246578418,0,NA
"1922","39141",9.50379865884122,0,3.13125374550534,0,2.12945430775667,0,3.71529554144181,4.48175598107066,1.12775402292484,0,1.6937185597129,0.797860468122159,2.98750076478757,1.3268004542949,0.598671611451414,0.568060046907328,2.70112027002094,0.992798763216095,2.24316145704239,1.18918223215059,0,0.367965703531667,0,0,2.86829454066155,0,0,0.781442582137471,0,0.989251036446548,2.18439602449734,0,1.18272367657441,1.18565564592928,0,NA,NA,NA,NA,NA,NA,NA,NA,NA
"1923","39143",0,0,0,0,5.8621602337794,4.56895436484149,0,2.72540367464544,2.17251665468419,0,0,0,0,0,0,0,15.5411940542879,0,8.43071276621614,1.66250941084237,1.19212906951939,0.979558478124884,0,0.92430455384461,1.92107233701002,0.969385085855973,0.961980605517561,0,0,0,4.05107161254097,0,0,0,0,0,8.70728125624053,6.0242133558201,0.974652038094191,2.78256900058052,1.07488285164036,0.920501288800443,NA,NA
"1924","39145",0,0,5.35623193094833,3.68219830428101,2.59998000568502,0,0,0,0,2.66848990015641,0,5.99072014872996,4.34773089057264,0,0,0,0,0,0,0,0,0,23.6819479942412,8.85814311067821,2.18505353338154,0,1.22624686848032,0,NA,NA,NA,NA,NA,NA,NA,NA,NA,NA,NA,NA,NA,NA,NA,NA
"1925","39147",0,0,0,0,0,12.3954918704862,0,2.96971193825581,0,1.99287410330535,0,1.81069819410842,0,0,0,2.65567431704812,2.72722177464187,0,2.32511808361392,0,1.99292426184839,1.84033927333929,0,0,0,2.20476087136026,2.31891467393667,0,0,0,2.64710340843785,0,2.80970943759889,2.52220922489187,0,0,0,0,0,0,0,NA,NA,NA
"1926","39149",0,11.0886817491692,0,2.19523746182565,1.73114885314368,1.4614700112154,0,1.31480564071149,3.70083507959962,2.08574437106405,4.0376318423329,0.618309324375247,0.525477373747017,0.974198161253707,1.41553289309667,0.470489908491866,0.967617033498532,0,0,0,0.866242793008862,0,0,1.98120491823506,0,0,5.51075427340829,0,0,0,0,0,0,0,0,0,0,0,0,NA,NA,NA,NA,NA
"1927","39151",2.32178982821869,0.660844105311043,0,1.36769701426143,2.55305823189289,1.1746001399102,1.44012310366477,4.54201475237116,0.24191338504021,1.44777644538535,2.6645067816765,0.768117352267181,2.6847577960062,0.354019291965355,1.51972129357292,0.10396847956491,0.427765662668264,0.695028161449038,0.646517405354427,1.1559934598195,3.11083499200411,1.73144721020651,0.468027041913983,0.541882203778334,2.8329633630547,0.556592203564576,0.969333181869119,0.261398958250065,1.16444757464969,1.28749476788983,1.38346229523546,2.10784942143523,0.325933117390615,0.706384397747147,0.552061478158837,0.167594260089355,1.11547530611439,0.926716807621659,1.54119791566571,1.74728396126393,1.61583756640255,1.70498729464158,0.564411235962766,NA
"1928","39153",2.51159040268942,2.19244460129431,1.15320867737844,1.2537711524912,2.05081678423264,1.69260769549842,2.11820206298888,1.72970222229564,1.03201487906798,0.938557423738473,0.757105978426426,0.687621214453723,1.33571622041574,0,0.39902295622206,0.892048524100805,1.18441732792366,1.05455430161774,1.50194348635405,0.838381308250949,1.41119375962598,0.486856389517831,1.06414527225492,1.99283813720056,1.43107010535293,1.08048250316247,1.31484201782257,0.731058105851014,1.41012238315338,1.02432245797835,1.95811714409219,1.9062982454147,0.699478489792249,0.756911923722843,0.49677425923911,0.769709995917877,2.21346936771284,2.10955897700659,1.09032535681907,1.26958013437515,1.48407529415754,0.75603166034795,0.501984285041712,NA
"1929","39155",0,2.3705768629988,7.25513421439418,2.70237709604615,3.0679943463894,4.22853923005163,2.65285387392797,1.33174689804591,1.45527356871291,1.26651782155632,0.729369843573042,1.26378423557649,2.39134343453057,0,1.56184629219107,0.927556696255354,1.7815027786639,0.637300463024659,1.72861163745781,0.582938095978537,1.23072716076456,0.562616281036906,1.23076876855303,1.14083811423695,0.384845981895557,0.992865875661023,1.8078834216461,0.594051831604734,1.17362729594321,0.773790738704477,0.392883932218086,1.12570001461365,0.644719772569064,1.0209313922875,0.71435086507333,0.253039167849896,0.552687282597633,0.917078428827357,0.508307382191907,1.83331181866706,1.11681807081143,1.26768369958232,2.65043333296724,NA
"1930","39157",0,3.45810439938785,0,0,0,4.53152861852895,0,3.83297135590078,0,8.3564597902497,1.57081452003208,1.16559119542261,0.488252506570555,0.457519333851508,1.37638285893622,0,1.55613856940881,0,0,0,0.904200946161636,1.10623931396782,0,0,1.84054164280819,3.70619229051695,0,0,1.54203274106708,2.92252825286595,4.77850954755156,3.41149602268042,0,3.11134616727045,0.860172560707546,2.57908918533903,0.64148467879762,0.300174859118866,3.88708305826886,4.40606150503622,2.40886191875445,1.10538667767365,0.82466288036772,NA
"1931","39159",0,6.38923392032348,3.73038711983005,0,0,0,0,3.01395296431114,0,0,0,0,12.6567993617102,2.56811459845859,0,0,0,1.5550856294093,1.6712230816026,0,0,2.09008341009493,0,0,0,3.12491562474585,0,0,3.53651762696929,8.01244177423607,0,0,1.31159292432699,1.2488030946588,0,0,0,1.97002106462808,5.94986007391825,0,0,2.55395008030417,1.14515705067327,NA
"1932","39161",0,0,0,5.25744058045737,0,0,0,0,0,0,0,0,0,0,0,0,0,0,0,0,0,41.9261848087451,0,0,0,0,0,0,0,0,0,0,0,0,0,0,0,NA,NA,NA,NA,NA,NA,NA
"1933","39163",6.85371719797014,1.71063332854792,0,0,0,0,NA,NA,NA,NA,NA,NA,NA,NA,NA,NA,NA,NA,NA,NA,NA,NA,NA,NA,NA,NA,NA,NA,NA,NA,NA,NA,NA,NA,NA,NA,NA,NA,NA,NA,NA,NA,NA,NA
"1934","39165",6.85371719797014,3.28715096284167,1.0633103981958,1.64047441778176,0.705285753159565,3.13298876979044,2.12587729677057,0,0.440366600661865,0.889377304700226,1.37844580772806,2.28519615151007,1.69077040681975,0.385652671280248,0.369885622947227,2.846196589234,0.333860711944476,2.19956280853058,4.95430196873823,0.40499341755599,0.173899444676393,0.166708970411105,0.352635985044293,1.37977201065795,0.880404957959843,0.959761148157784,4.37470745845299,0,0.708011508170491,0.170454401331573,0.179399247703284,1.20352557987616,0.903778592721137,0.752391422939055,0.545212694912938,0,2.24139738048993,0.97393194447626,3.61207556631598,3.36930732751471,1.11837714614418,0.314330245063266,0.586020684048332,NA
"1935","39167",0,0,0,0,5.8621602337794,0,4.26509821608114,0,0,0,3.23308982039442,0,5.84286759869133,4.18994189794975,8.52038733152175,7.38511302775401,1.08563373959375,1.05772439162699,0.225395943531963,0.219409897414089,0.704853259651552,0.532662402047338,0.926888939800554,1.04910026580727,2.19094453952335,0.701893703433724,0.671777305956456,2.52574545223798,0,1.15113431513772,1.13970528243019,0.573227932482152,1.45337726274964,3.53715569646892,0.238450159605647,0,0.22604781888369,0,0.89637471511056,0.368628315733782,0.461976355673421,1.12366675419645,0.639264855461919,NA
"1936","39169",9.50379865884122,4.20373720110854,2.49543848965504,0,4.41077167041134,2.26912240276979,1.79675876200198,0,1.42570687904911,7.01139106901075,0.43025901497967,0,0.987553881519554,0.327045019724017,0,2.74638856073351,1.20489181699876,3.65553855704161,1.20329320271714,0,0.495487274029841,2.43339501058346,1.39005165244002,1.09112735399184,0.418206425079265,0.419697923100422,0.222957794246847,0.748289529529947,0.853933937198702,0.963828320277665,2.99184451108121,1.22016244088227,2.62093140242141,1.09824504325775,1.15111912686073,0.532456778133526,2.51135960494362,0.928112926519944,0.587691676760878,1.14827015822142,NA,NA,NA,NA
"1937","39171",0,0,0,0,0,0,9.82330751988082,6.54543167428919,0,0,0,7.75690271496425,0,0,1.56749508775917,1.47550940949761,0,0,10.5068142218808,5.48366537596063,2.39338063494274,0,0.601735624882003,0,0.640665668508932,0.738658357778392,0.437311339804797,1.02772036352749,0,0,3.71724097430177,NA,NA,NA,NA,NA,NA,NA,NA,NA,NA,NA,NA,NA
"1938","39173",9.50379865884122,0,3.13125374550534,6.22243827239325,2.71162349503198,1.93862436381402,1.51256062155997,0.645611594262459,1.19041682031184,0,1.81530765859885,1.22202824796505,1.78248192572693,3.16615486639558,2.14943761713984,1.39956123225508,0.899667246297817,0.27824582071251,1.89892206337065,0.796815476838982,0.534346101556399,0,2.10004781518832,0.920697524287554,0.925683600751872,1.80541855284801,1.94371399546865,1.00051237218039,0,1.85207594956348,1.3464915177406,1.49849328843221,3.24409018388465,1.58730934936003,0.137471697226662,0.774367508510009,0.770478476005447,1.18925365131561,1.35327981883758,1.3452630943695,1.16796162719683,0.501592728353184,0.749849838451112,NA
"1939","39175",0,0,0,0,5.8621602337794,0,0,0,11.3731404901806,0,0,0,0,5.57773587420825,1.60893676460218,1.34677411306993,1.1478279960791,1.02234674556805,0.956750149793757,0.933559824605677,0,2.01458662307187,1.02043895193305,0,0,3.50269369542073,1.10929674017105,0,2.97197122987056,0,0,0,0,1.43958070643,0,0,0,0,0,NA,NA,NA,NA,NA
"1940","40001",0,3.45810439938785,0,2.04404960564744,0,0,7.13163239451372,1.38035833219815,4.96179800941818,0,2.35058939518631,0.997479147141528,2.1944024295325,0,0,0.434615329317802,0.500058617806348,0,0,1.02703978922608,1.29824651328355,0,0,0,19.0887786692812,1.98162160624976,0.428054079199999,0.680193261041333,0.311223050946792,0.945222588931775,0.339876717999685,0.386794862479325,0,4.5754078373952,0,0,0.466971301667945,0,0,0,NA,NA,NA,NA
"1941","40003",0,0,0,0,0,0,0,0,0,0,0,0,0,0,0,0,0,0,0,0,0,NA,NA,NA,NA,NA,NA,NA,NA,NA,NA,NA,NA,NA,NA,NA,NA,NA,NA,NA,NA,NA,NA,NA
"1942","40005",0,0,0,0,0,0,0,0,0,0,0,0,0,0,0,0,0,0,0,0,0,0,0,0,0,0,0,0,0,0,0,0,NA,NA,NA,NA,NA,NA,NA,NA,NA,NA,NA,NA
"1943","40007",0,0,0,0,0,0,0,0,0,0,0,0,0,0,0,0,41.9215156064661,0,6.38922943234681,0,5.76834485549435,0,4.86317799462114,1.22198665764774,3.74294509705261,0.73108722408953,0,NA,NA,NA,NA,NA,NA,NA,NA,NA,NA,NA,NA,NA,NA,NA,NA,NA
"1944","40009",0,0,0,0,0,0,0,0,0,0,0,0,0,0,0,41.900739498203,0,0,0,0,0,0,0,0,0,27.4621684202334,14.8677285764153,0,0,0,0,0,0,0,6.90433573392219,NA,NA,NA,NA,NA,NA,NA,NA,NA
"1945","40013",0,0,0,0,0,0,0,14.0040270250776,7.62821650343069,0,0,0,0,0,0,0,0,0,23.8883031447305,0,6.27543220805213,0,0,0,0,0,5.40376516565394,0,0,0,0,0,0,15.8177459279233,0,0,0,2.76232798958496,0,0,NA,NA,NA,NA
"1946","40015",0,0,0,0,0,7.2728236210439,0,8.77495803435303,0,2.13632071263238,1.71497544290739,0,0,3.06757048230695,1.46732841502483,0,0,1.48776100812321,20.4495878440688,4.49222804939201,0,0,0.454788962695174,0.159627477078074,0,0.242220412258888,0,0,0,5.34867082949965,0,2.94245230135844,0,0.749309648000268,1.43872498956721,0,3.61198540048145,1.93334653689072,NA,NA,NA,NA,NA,NA
"1947","40017",0,6.38923392032348,1.95203238713263,1.42195389761199,5.24961085215259,0,0.682252964151391,1.87188736640618,2.25736706148955,2.43774052181002,1.63653879965354,0.356843446474034,0.998117178666674,0.328768142612594,0.690381831971741,1.8277376177106,0,3.07670611081311,1.40427937598419,1.25079876090749,0,0.291153844200689,1.53451304936555,0.327891892019227,0.717203483762736,0,0,4.13043458602457,0.987254246497519,0.458191178971725,2.50220499534222,1.4644315832944,0.659593625904693,0.628514688575224,0.318345831468019,0,1.94906846002936,0.42665379779652,0.465558556150415,0,0,1.40479599258896,1.59704154810173,NA
"1948","40019",0,0,0,0,0,0,0,0,0,0,0,0,0,0,0,0,0,0,0,0,0,0,0,0,0,0,0,0,41.9273077940323,0,0,0,0,0,0,9.82330751988082,0,0,5.01853497278549,0,NA,NA,NA,NA
"1949","40021",0,0,0,12.6099043814729,6.48791693743721,0,0,2.71071295188158,1.59114637927677,1.42639211265017,1.29488102754226,0,0.621580885129254,0.660691108032785,0,0,2.12462709149439,0,1.35365041316845,1.39502378767855,0,0,3.08191341843916,0,0,1.67817840537172,0,1.87055327986888,0,0,0,0,3.64108455611105,0,0,0,0,0,NA,NA,NA,NA,NA,NA
"1950","40023",0,0,0,0,0,0,0,14.0040270250776,0,0,0,0,0,0,0,0,0,27.4616868409766,0,0,0,0,0,0,0,0,0,0,0,0,0,0,0,0,0,0,0,0,NA,NA,NA,NA,NA,NA
"1951","40025",0,0,0,0,0,0,0,0,0,0,0,0,0,NA,NA,NA,NA,NA,NA,NA,NA,NA,NA,NA,NA,NA,NA,NA,NA,NA,NA,NA,NA,NA,NA,NA,NA,NA,NA,NA,NA,NA,NA,NA
"1952","40027",2.65635750561968,2.84114055318202,1.60129022272994,2.89840764316007,0,1.27530139884799,0.875738047408404,1.54797121819281,0.843089205323709,3.44609203776069,4.23632036279559,0.852300878008578,2.90098512760773,0.12279996366018,0.509293254409837,1.28137649140426,0.512088394035089,1.13334146499047,0.315584017706489,0.748037413376322,1.2352815136683,0.231124128021922,0.828305054420748,1.48817300160417,0.630531611784685,0,0,1.43095600703004,1.45386922791302,2.78997068332809,3.08869999944873,1.46422378841888,0.385366196662542,0.498732000747771,0.216184599114802,0.0797939412424305,0.570842004798342,0.81955803936207,0.287710569842301,1.1993548737194,0.763483516721354,0.409391286567996,0.870011411490474,NA
"1953","40031",9.50379865884122,0,4.97124485678542,0.705063246041084,1.70890814333093,2.83652719213683,2.30882321251971,1.87947001963471,1.05512787428038,0.475819831148989,0.46431407470559,0.244071375937981,0.547140537890179,0.947121484990864,0,0.866336523336657,0,1.17844103161187,0.664287835021669,0,3.91691777494741,0,0,6.34980019455348,1.91927621523103,0.38226284610536,0,1.33833390276629,0.343893935615752,0,1.3026909242251,0,0,0,0.925838223933037,1.15026850852597,3.75553788521048,11.7569193923066,1.86824034714545,NA,NA,NA,NA,NA
"1954","40033",0,0,0,12.6099043814729,0,0,0,0,0,0,0,0,0,16.1905735624954,0,0,0,0,0,0,0,0,0,0,0,0,0,0,0,0,0,0,0,0,0,NA,NA,NA,NA,NA,NA,NA,NA,NA
"1955","40035",0,0,0,0,0,7.2728236210439,0,0,4.70434220762983,0,6.01419620099501,0,1.87192838434715,0,1.59031758435656,0,1.65790182370837,0,3.51633664812861,0,0,0,0,2.33586221443302,0,0,0,4.02910559474346,0,0,0,0,5.07815232001891,0,0,4.23062589196763,0,0,3.26952053310923,NA,NA,NA,NA,NA
"1956","40037",9.50379865884122,3.43180606014891,1.08065279996847,0,0.790554466923279,1.18702712230606,2.37138427063834,3.21182375783188,0.901620418389353,1.04128860737498,0.239967338032701,0.241625177983836,0.5256579529848,0,0.378151698647984,2.31223407242832,0.515333763043952,0.544060719835174,0.56280352521339,2.25876211711931,0,0.568360591408741,0,0,7.27344342868887,0,0.519511966561055,0.477811464399329,0.474631313661061,0.506235110173372,0.569926918555468,1.91926645179925,0,0,0.839446120269238,0,3.18074738793061,0,0,0,NA,NA,NA,NA
"1957","40039",0,6.38923392032348,3.73038711983005,0,0,0,2.41028150402834,0,0,0,3.71633021001813,0,0,0,0,0,0,0,0,0,0,34.0595351132788,9.31571176634948,0,0,0,0,6.49167163689417,2.64419257724601,0,0,0,0,0,0,0,0,0,0,0,0,39.9529896008033,0,NA
"1958","40041",0,6.38923392032348,6.85120391027542,0,4.64066006699574,0,1.02120787222142,1.86516904267699,0.869992570991602,0,0.896105761510468,0.954404881805828,0,0,1.40281421039681,10.8946648397493,0.788685268145049,11.2619083967523,2.99393262357119,1.21421010750148,0.120826177785945,0.224733951926984,0,0,1.58490200813011,0.654022616102412,0.259922743380435,0.299161373463306,0.339223743755808,0.38904811004353,0,0,0,0,0,0,4.47842250102146,0,0,0,NA,NA,NA,NA
"1959","40043",0,0,0,0,0,0,0,14.0040270250776,0,0,0,0,0,0,0,0,0,0,0,0,0,0,0,0,0,0,0,NA,NA,NA,NA,NA,NA,NA,NA,NA,NA,NA,NA,NA,NA,NA,NA,NA
"1960","40047",0,0,5.35623193094833,0,1.71631001825796,0,0,0,0,0,0,0,10.2049301528514,0,5.76640214289324,0,0,5.58444269515355,0,0,3.74099006685096,0,0,0,0,0,0,0,0,26.4149846210704,0,3.39155647799711,0,1.04592952985027,0.982017768690796,0,NA,NA,NA,NA,NA,NA,NA,NA
"1961","40049",0,0,0,0,0,0,9.82330751988082,6.54543167428919,0,1.56250771508444,1.29111685058101,0,3.37349755693397,0,1.014134349423,1.95144058664858,0,1.85596578808805,0,0,0,1.33770574714991,0,0,0,0,0,0,8.73951311742686,6.34847268205421,0,3.00835844128877,0,0,0,0,0,0,0,11.183274542532,0,0,0,NA
"1962","40051",0,0,0,5.25744058045737,0,0,0,4.20585389023139,0,3.53702359415177,0,5.04558134091787,1.91287288806583,1.50752954405512,1.25980937129943,1.11511084858394,0,0,2.4255252265678,0,0,0,1.87903587781394,3.85773524831907,3.23669912924802,0,0,4.18654024378144,2.57947962484642,0,1.30537487805372,3.45190619973991,0,1.38219772127043,0,0,0.534143538461191,0,0.819949657895226,0,2.59673579166922,1.3732260551455,1.30549994599624,NA
"1963","40053",0,0,0,0,0,0,0,14.0040270250776,0,0,0,0,0,0,0,0,0,0,0,0,0,0,0,0,0,0,0,0,0,0,0,NA,NA,NA,NA,NA,NA,NA,NA,NA,NA,NA,NA,NA
"1964","40055",0,8.90531749049252,1.68447475819589,15.0169774625027,0.40248559162429,1.38487994040161,0.226248172590472,1.04814416039492,1.82854018098354,0.400821398643813,0.207230479919187,0.225619601427509,0,0.319137233181644,0,0,0,5.62381339234762,2.15978596630483,0,3.01776453109665,1.24356376790159,0.549185356932154,0,0,0,0,0,1.86548686843652,0,0,0,0,NA,NA,NA,NA,NA,NA,NA,NA,NA,NA,NA
"1965","40059",0,0,0,0,0,0,0,0,0,0,0,0,0,0,0,NA,NA,NA,NA,NA,NA,NA,NA,NA,NA,NA,NA,NA,NA,NA,NA,NA,NA,NA,NA,NA,NA,NA,NA,NA,NA,NA,NA,NA
"1966","40061",0,3.45810439938785,0,0,0,0,5.70886736960686,0,0,0,0,0,3.87520039363933,0,0,NA,NA,NA,NA,NA,NA,NA,NA,NA,NA,NA,NA,NA,NA,NA,NA,NA,NA,NA,NA,NA,NA,NA,NA,NA,NA,NA,NA,NA
"1967","40065",0,0,0,0,0,0,0,0,0,27.462168420246,0,10.9605021118288,0,0,0,4.04796239018398,0,0,0,2.15405902097654,0,0,0,0,0,0,0,0,0,32.9406097895202,0,12.9292990428604,0,0.980295206794199,0.824408648933917,0,0,0,0,1.8276692151979,0,2.86490550323094,0,NA
"1968","40067",0,0,0,0,0,0,0,0,0,0,0,0,0,0,41.8189999421519,0,0,0,0,0,0,0,0,0,0,0,0,0,NA,NA,NA,NA,NA,NA,NA,NA,NA,NA,NA,NA,NA,NA,NA,NA
"1969","40069",0,0,0,0,3.15138939200099,0,0,0,0,0,6.73884051903121,0,0,0,0,0,0,0,0,0,NA,NA,NA,NA,NA,NA,NA,NA,NA,NA,NA,NA,NA,NA,NA,NA,NA,NA,NA,NA,NA,NA,NA,NA
"1970","40071",2.86260695800588,0,0,6.17680680342479,4.33331443541403,0.523732505059186,0.859264717390034,0,1.5666852579739,0,0,0.540752807642101,2.51093046874314,0.664620066058209,0,2.07825031279097,0,2.05662626974276,3.14841759674417,0.548038843152838,0.49990310966052,0.960308078172745,0,0,0.642258076904682,0,0,0,0,0,0,7.20216451021612,0,0,0,0,0,0,0,0,0,0,0,NA
"1971","40073",5.3593048205652,0,0,0,0,0,0,9.05944952708918,0,0,2.68093459860487,0,0,0,0,0,0,0,0,0,0,33.6157508358661,0,6.35839001403328,0,0,0,0,0,0,0,0,NA,NA,NA,NA,NA,NA,NA,NA,NA,NA,NA,NA
"1972","40075",0,0,0,0,0,0,0,0,0,0,34.1314925026599,0,0,0,0,0,7.27264931824263,0,0,0,4.93170699661817,0,0,0,0,0,0,9.32403948334047,0,0,0,0,NA,NA,NA,NA,NA,NA,NA,NA,NA,NA,NA,NA
"1973","40077",0,0,0,0,5.8621602337794,0,0,7.74874105599061,0,0,0,0,0,0,0,0,0,0,0,0,0,0,0,0,0,0,0,0,0,41.9273068319147,0,0,0,0,0,0,0,0,NA,NA,NA,NA,NA,NA
"1974","40079",0,0,0,0,0,0,0,0,0,0,0,40.1518466589088,0,0,0,0,0,3.98174463331641,3.82970086992271,0,0,2.64424291141989,0,2.37465367125187,2.16862378267993,0,1.85306115045622,0,0,1.99125433258665,0,0,2.63498813731375,0,5.0837022262897,0,0,NA,NA,NA,NA,NA,NA,NA
"1975","40081",15.495240879053,0,0,1.93835324499262,1.71037387207276,0,1.60101556403437,1.56769902611586,0,0,3.33848676918728,1.56692733073768,0,0,1.50730206895088,0,0,0,0,0,5.27795345272049,0,0,0,0,0,0,0,0,0,0,34.1276290466761,0,6.35960862998563,3.72726192032025,0,4.08195255857184,0,0,NA,NA,NA,NA,NA
"1976","40083",0,0,9.4989667055933,0,0,0,0,2.7406452164768,0,0,3.48116060396998,0,3.03856333094147,0,0,0,0,3.82818214441386,0,0,0,0,0,0,9.60282200593453,0,0,5.0168963255285,0,3.27481491047789,0,2.49350524262844,2.16252460334187,0,1.79659073164358,0,0,1.96877632247395,2.0213628202739,1.90527915263951,0,0,0,NA
"1977","40085",0,0,5.35623193094833,0,0,0,0,0,0,0,0,0,0,0,0,0,0,0,0,0,0,0,0,0,0,0,0,0,0,0,0,0,0,0,0,NA,NA,NA,NA,NA,NA,NA,NA,NA
"1978","40087",0,0,0,5.25744058045737,0,0,0,0,5.09017922955181,17.1093518878175,2.65964051245105,0,0.685298855991659,0.629495523500965,0,2.76560253472763,0,1.47191095818452,0.73457566190356,0,0,0.93308940903207,0,1.34834389093634,1.53967264174683,0,0,3.63448904823919,1.65540201551843,2.80536295050412,3.28250755550227,1.67784609430584,0,0,0,3.84522677137686,0,10.5829698996156,6.65857524382048,0,0.452740831191575,0,NA,NA
"1979","40089",0,0,0,5.25744058045737,0,0,0,0,5.09017922955181,10.7475650403982,0,1.57641086635421,0,0,0,1.63606925339879,0,0,0,0,0,0,0,0,0,0,0,0,0,0,NA,NA,NA,NA,NA,NA,NA,NA,NA,NA,NA,NA,NA,NA
"1980","40091",0,6.38923392032348,0,0,0,0,0,0,0,0,18.1259203952684,0,0,0,0,0,0,0,0,0,0,0,0,0,0,0,0,41.9215156064366,NA,NA,NA,NA,NA,NA,NA,NA,NA,NA,NA,NA,NA,NA,NA,NA
"1981","40093",0,0,0,0,0,0,0,0,0,0,34.1314925026599,0,0,0,0,0,0,0,0,0,0,0,0,0,41.5359066674714,0,0,0,0,0,0,NA,NA,NA,NA,NA,NA,NA,NA,NA,NA,NA,NA,NA
"1982","40095",0,0,0,0,0,0,0,0,0,0,0,38.5206446780483,0,0,0,0,0,0,0,0,0,0,0,0,0,0,0,NA,NA,NA,NA,NA,NA,NA,NA,NA,NA,NA,NA,NA,NA,NA,NA,NA
"1983","40097",0,6.38923392032348,0,3.09723040497987,0,2.29086427114051,0,2.06580112067133,0,0,4.28677952239753,3.61876450604339,1.41114021860816,2.23166052989454,0,0,0.935647130052432,0,1.21820146471116,1.38404866967458,0,3.09026459735518,3.96495981686313,0,0,0,0,0,0,0,0,13.0427058037097,0,0,0,0,3.14344710705854,5.60879313741152,0,0,0,NA,NA,NA
"1984","40099",0,0,0,0,0,0,0,0,0,0,0,0,40.6838341098687,0,0,NA,NA,NA,NA,NA,NA,NA,NA,NA,NA,NA,NA,NA,NA,NA,NA,NA,NA,NA,NA,NA,NA,NA,NA,NA,NA,NA,NA,NA
"1985","40101",0,0,0,12.6099043814729,2.41140253656811,3.12155307031061,0,0,1.01835345801503,4.83757476728943,1.62123982870893,0.683632127440474,0.612394098394292,1.715566617423,0,0.578833494439548,0,0,0,0,0,2.93418452243378,8.96618470487462,2.01583633854122,0,0,0,1.33881593919857,0,0,0,0,0,0,0,0,0,0,34.0033212607061,0,0,0,0,NA
"1986","40103",0,6.38923392032348,0,0,2.99910157542646,0,0,0,3.40106348015019,3.20434751985127,0,0,0,2.73862604157908,0,0,0,0,0,0,0,0,0,0,0,0,0,0,0,0,0,0,0,0,0,0,0,0,0,0,0,0,0,NA
"1987","40105",15.495240879053,3.13230367769245,1.87478794362049,0,1.2518663733801,1.18829562008802,1.16792848381263,1.15664921564115,0,1.21615759182075,0,0,0,0,0,0,6.75174735532633,0,0,0,0,10.1599812145463,0,0,2.51781935307237,4.10112919231599,1.59925858543795,2.53168556273756,1.03166159145425,0,0,1.00343667459962,0,0,0,0,0,NA,NA,NA,NA,NA,NA,NA
"1988","40107",0,0,0,0,0,0,0,0,0,0,0,0,0,0,0,0,0,0,0,0,0,0,0,0,NA,NA,NA,NA,NA,NA,NA,NA,NA,NA,NA,NA,NA,NA,NA,NA,NA,NA,NA,NA
"1989","40109",1.37162940904496,3.01542007588627,2.35595842814488,2.25726777649285,2.08103148140696,1.07634307725665,0.959945923809588,0.97094592694541,1.40391787410968,2.32390677203401,1.35867135430136,1.07290179822624,0.898743884930263,0.412972685602912,0.658413639472913,1.18882920521595,0.732218617826129,3.5115310892676,1.27888337205283,0.48664667784179,0.382337289283506,0.768066699765661,0.766305756865569,0.395458993526885,0.688779776022106,0,0,4.69794092290593,0.973072006921226,0.993177209063046,0.952798109921308,1.39976078374973,1.73271450403438,1.07326979267865,0.086452376943183,0.312744677496724,1.24815789725125,0.725359217568504,1.64476665737579,2.3013457315728,0.297925949394341,0.757648401412529,0.142265914207048,NA
"1990","40111",0,0,2.86085361663031,0,0,2.41549883563406,2.33933064786155,3.97153520518345,5.56294533464497,0,0,0,0,2.01341388423295,0,0,0,2.02924994088382,0,0,0,0,0,6.13853566791102,0,0,4.67223499769071,0,0,0,0,0,0,0,0,0,0,0,0,NA,NA,NA,NA,NA
"1991","40113",15.495240879053,5.82912529023472,1.62664062899948,4.28196988038653,0.776918659083112,3.06006841601798,1.47963668562611,1.25800452879381,0,1.50806564075973,0.754779952605611,1.52179161194,1.12609122420499,0,2.95842857261949,1.35745421295563,0,1.53378522345785,1.75935706624202,0.833745506199703,0.541357622576356,0,0,0,1.40842890008085,0.586526738416504,0,0,2.95978999389767,2.84012158097903,0,0.780835009302558,0,0,0.968853860188632,2.22392382386949,1.1705159763096,0,0,2.52526867633945,NA,NA,NA,NA
"1992","40115",0,14.6904074042041,0,3.26773426804758,1.21673897038249,0,0.99963939702476,0,2.22245848946111,1.13804081604742,1.12421929903263,2.11187710743578,0.957091721320875,1.73525644162879,0,0,1.7601748880782,4.26382748092906,0,0,1.35839794202438,0,0,2.59234554456995,0,0,1.11607642044282,1.19840858976327,0,0,0,0,7.24452223572677,0,0,4.68765759322618,0,0,0,NA,NA,NA,NA,NA
"1993","40117",0,2.3705768629988,4.67679074350097,3.16658390268891,2.98384225567276,0,0.520104782820212,0,0,0,0,1.38589924569196,0,11.6728082688843,0,0.959114619464474,0,0.782756962405086,1.59550874862664,0,0,1.07812908407162,0,0,1.8141319333689,0,0,0,0,0,0,0,0,0,26.8987999971459,0,0,0,0,0,0,0,0,NA
"1994","40119",5.3593048205652,0,0,3.68147273666069,2.98388314472617,5.42682481770349,0.774434031735783,0.624998943992392,0.562555516858311,0.554240293086154,1.15522768055987,0,1.38621686145895,0,0.852151744452287,2.69026524729285,0,0.878774214942563,2.54142437994089,0,0,0.859486517502296,0,1.1216175729932,5.69938358752982,0,0,2.37500011191592,1.43487052057641,0,0.686326174568496,0,2.40580785131496,0,0.894156221117298,0,0,0,0,0,0,0,0,NA
"1995","40121",0,0,0,0,0,0,0,8.40581537701601,14.6580993459743,0,1.67903228349581,0,0,1.34952836609983,0,0,4.05888614891749,1.91911779074436,3.1654309272532,1.24545427109364,0,0,3.09323741660302,0.989293334013066,1.85207086798516,0,1.66701795114424,0,0,3.67275798252093,0,1.72890165534116,0.816178916319152,0.785617952283815,2.25507626051344,2.04717941307676,2.34918455561518,0,NA,NA,NA,NA,NA,NA
"1996","40123",0,0,0,5.25744058045737,3.96894916870393,0,0,4.71184411540479,0,0,3.5060670070553,0,0,1.62469641215897,1.63425163998555,0,0,0,0,0,4.13140645236628,0,0,0,0,0,0,0,0,0,0,0,0,0,0,0,0,0,0,0,0,0,NA,NA
"1997","40125",9.50379865884122,0,0,0,0,9.03792598004806,2.17600900363007,4.43514529068519,2.02748017748473,0,0.713119603275374,0.701647243307904,4.05300544429752,0.601117753025437,2.11802986764879,0.468521236372653,0,0.465663368479183,0,1.24451731628423,0,3.40264205169183,0,0,3.29643451900053,0,0,0.80440982172562,0.87610907014665,1.87503804542946,0,0,2.22214140574838,1.12098485234881,0,2.26865476329545,3.09959815061504,2.54811727810886,0.696214408041669,0,NA,NA,NA,NA
"1998","40127",0,0,0,0,0,0,0,NA,NA,NA,NA,NA,NA,NA,NA,NA,NA,NA,NA,NA,NA,NA,NA,NA,NA,NA,NA,NA,NA,NA,NA,NA,NA,NA,NA,NA,NA,NA,NA,NA,NA,NA,NA,NA
"1999","40131",0,11.0886817491692,2.86173001875628,6.57403547082405,2.04441448574116,1.48115374769312,0.609354802480747,1.1067443376866,1.06164723345755,1.04986286618702,0,2.23165022495684,0.557557248043439,0.563604349097333,0,1.89595755794065,1.29730971944243,0,0,0,6.61333779539505,0,1.22517558527385,1.08763838600731,1.00503737134598,0.489070162924867,0.50484407198938,0.546175016936765,0,2.11386560787604,1.48456248179134,4.66379030755536,0.533464803769092,2.18647987246944,0.374583804283844,0.352940206958257,NA,NA,NA,NA,NA,NA,NA,NA
"2000","40133",0,0,0,0,0,7.2728236210439,0,4.90026697475059,0,2.98122992004889,0,4.32454329018352,0,1.62084815963318,0,0,0,0,0,0,0,0,23.4570762070301,0,0,0,0,0,0,9.82251546303947,0,0,2.66900123041505,2.22802481646134,0,0,NA,NA,NA,NA,NA,NA,NA,NA
"2001","40135",0,6.38923392032348,0,0,0,0,7.34256747858779,0,0,0,6.88732348260899,4.80919493604824,0,0,0,0,0,3.1575698238697,0,0,0,0,0,0,0,0,0,0,28.7704306537446,0,6.33025040286763,0,0,0,0,0,0,0,0,NA,NA,NA,NA,NA
"2002","40137",0,0,5.35623193094833,0,0,8.61951573632287,1.95211324457508,1.43369065662649,1.15480785343842,1.00978537424664,0,1.95079153255943,0,0,2.38359519203135,0,0,1.48220601157541,1.55757965268517,0,0,0,0,0,0,17.221161711025,0,0,0,0,1.62957042035254,0,0,4.98933229218212,0,0,0,0,0,0,NA,NA,NA,NA
"2003","40139",0,0,0,0,0,0,9.82330751988082,6.54543167428919,0,0,0,0,0,0,11.5427783454339,3.84563805197559,6.5690788156728,0,0,0,4.12603415486665,5.82134728631964,6.31401850359249,0.680889436150198,2.97034912108613,2.42605100489385,1.34018839464852,0.645067024689224,1.42841485426655,2.40302303029934,1.17534534785618,1.06989173397683,0.588042880049075,2.68690996568534,2.03133574129987,2.08933000770242,NA,NA,NA,NA,NA,NA,NA,NA
"2004","40141",0,0,0,0,0,0,0,0,0,0,0,0,0,0,41.8189999421519,0,0,0,0,0,0,0,0,0,0,0,38.5206446780467,0,28.6329976012886,0,NA,NA,NA,NA,NA,NA,NA,NA,NA,NA,NA,NA,NA,NA
"2005","40143",8.23078188037706,0.815210456561033,7.21316695122673,4.00057050377071,1.53995323932519,1.18982612352002,0.515096968104955,0.493601787506006,2.20885147899648,3.58453925568914,3.22110921997659,1.64725921888669,2.46675523876327,0.832393955912324,0.354036503188694,0.919188536656535,0.782424662526055,0.620725102786594,0.271321707540134,0.459311653473541,0.528918623074065,0.343525859492805,1.66112736672555,0.34712725712665,1.29127885374865,0,0,3.85602482534084,1.13587068602954,0.944148242725753,0.441902324989123,1.45079305674543,1.07979428714862,0.982359993903856,0.977083683335267,0,1.40365245313028,1.4446108924434,3.78580108403794,1.20299451434359,1.37787474039573,1.10031399095288,0.533916917810715,NA
"2006","40145",9.50379865884122,2.89939156114278,0,0,0,1.721822838462,4.34688125422402,6.03765993824582,2.67782314871957,3.05058624291484,1.56484570309375,0.368529651712736,1.01261557703953,0.333338418501438,0,1.60629341258925,0.446125179256246,0.495889467808619,1.08532525786858,6.25593123319169,0.776931667708301,0.794978603613965,0,0,0.163618605511072,0,1.08731738528492,0,0,1.30677258958812,0,0,1.10293434582487,1.257915785168,2.61727616225767,1.21937505888423,1.1007629012321,1.96413593044521,0,0,NA,NA,NA,NA
"2007","40147",0,0,2.86085361663031,4.33103373409582,5.84559609017218,4.54461807028367,2.37974637860535,0.883998827885464,0.376539787799688,0.715595772723815,0.368597819438162,1.58113422236989,2.02984741563696,0.787749832851666,1.48965820476962,1.37644819223678,0.644183533095621,2.69441867410005,0.811820229140218,5.76688674793394,3.29162995636037,1.14573677103069,0.376704781521838,0,0.54910549330827,0,0,2.5935051571064,1.45686303322512,6.87641781512891,0.998695884227934,0.604941649868789,0.603643497014577,0.437323560091488,0.535832022003827,0.172032769490814,1.30025703993742,0.458037809393408,1.02278525143648,0.955352032270768,0.707834076775477,0.731532252700537,0.460591728426198,NA
"2008","40149",0,0,0,0,NA,NA,NA,NA,NA,NA,NA,NA,NA,NA,NA,NA,NA,NA,NA,NA,NA,NA,NA,NA,NA,NA,NA,NA,NA,NA,NA,NA,NA,NA,NA,NA,NA,NA,NA,NA,NA,NA,NA,NA
"2009","40151",15.495240879053,0,0,0,0,0,0,0,0,0,0,0,0,0,0,NA,NA,NA,NA,NA,NA,NA,NA,NA,NA,NA,NA,NA,NA,NA,NA,NA,NA,NA,NA,NA,NA,NA,NA,NA,NA,NA,NA,NA
"2010","40153",0,0,0,0,0,0,0,0,0,0,0,0,0,0,0,0,0,0,0,0,41.9273037904936,0,0,0,0,0,0,0,0,0,0,0,NA,NA,NA,NA,NA,NA,NA,NA,NA,NA,NA,NA
"2011","41003",0,0,2.86085361663031,0,0,2.41549883563406,0,1.29387157970587,3.70646164304141,1.06441490979865,1.81771655735252,1.55584201418739,0,1.36440719104076,0,1.46961528744913,0,0,0,0,3.40968469683841,0,1.94780116300603,1.79449561617321,3.03443287200964,0,0,0,1.40124989696037,0,0,0,0,4.1356877827072,3.96823836825042,0,0,0,2.85688169503637,5.06272884149406,0,0,6.05044142149164,NA
"2012","41005",1.9528485272007,1.64271698066598,1.56310428161192,0,2.98397925458566,1.33666510509486,0.73649890556678,0.237292178989702,2.33118517770842,1.32330547363013,1.03637612800047,0.983823429334044,0,3.42947951993703,0,1.0337336954712,1.17752937053855,1.93696426176777,0,1.08599943431729,1.3987757893626,1.07696106074471,0.460879517075562,1.09257380212901,1.25993747711009,0.477173805394754,0.16643144022856,1.25236167521546,1.86267292373974,0.374466551653,1.84675532725833,1.39383958969539,0.816584809599231,0.785366725616993,0.471596364125364,0,0.190733264073225,0.232064457217402,2.26816538234899,2.44572397294036,0.583450722518116,0.275258521574536,0.272610242215805,NA
"2013","41007",0,6.38923392032348,0,3.09723040497987,0,0,0,0,0,5.06025928149219,0,0,0,0,5.65534136003334,0,0,4.26446228719397,0,0,0,0,0,0,0,0,0,0,0,0,0,0,0,0,0,0,0,41.9272782064794,0,0,5.35623193011337,NA,NA,NA
"2014","41009",0,0,0,0,0,0,0,0,34.4530156599671,0,2.79149615005812,0,1.74590967392567,0,0,0,2.36547144103847,0,4.15454161788661,0,0,0,0,0,0,0,0,0,0,0,0,0,0,0,0,0,0,0,NA,NA,NA,NA,NA,NA
"2015","41011",0,0,0,0,0,0,0,14.0040270250776,7.62821650343069,3.99286884027603,0,7.15079421254471,4.45656868538604,1.50286064699401,0.585814997884344,0,2.5235272657237,0.486906596085576,0,2.06347913631655,1.03127226317545,NA,NA,NA,NA,NA,NA,NA,NA,NA,NA,NA,NA,NA,NA,NA,NA,NA,NA,NA,NA,NA,NA,NA
"2016","41013",0,0,0,0,0,0,0,0,0,0,0,0,0,0,0,0,0,0,0,0,0,0,0,0,0,0,0,0,0,0,0,NA,NA,NA,NA,NA,NA,NA,NA,NA,NA,NA,NA,NA
"2017","41015",0,3.45810439938785,0,0,0,0,0,0,0,0,16.4969506166343,0,0,0,0,0,0,0,0,0,0,0,0,0,0,0,0,NA,NA,NA,NA,NA,NA,NA,NA,NA,NA,NA,NA,NA,NA,NA,NA,NA
"2018","41017",0,0,0,2.80455791705411,1.54182067733255,0.95620641244277,1.3477104141769,0.84996733894272,0,1.30878500654599,2.20579617461294,1.67141932581509,0,1.14747486266067,0,0.418975924601013,1.84785827343489,2.80856660166425,0,0.426820785920269,1.2706642097891,0,0.473945460328296,0,2.53448138524325,1.33435122745303,1.29888343203773,0.612942982450056,0,0,1.44158830381271,3.06985856600934,0,0.737298822749456,1.43771312592014,1.38012207190961,0,0,0.801321294520883,0,2.20009903403404,0,1.3183509079353,NA
"2019","41019",0,0,9.4989667055933,0,2.29404865780024,0,0,6.67470297715303,1.30063764940143,1.0514533733518,0,0,0,2.34639086219498,0,1.47509879007906,0,0,0,0,5.54290728489466,4.72874945201634,4.75805565945713,1.07294751460841,1.63622907245404,0,0,0,0.912323639714302,0,0,1.98490490645105,0,0,0,0,0,0,0,12.9860462533975,0,0,0,NA
"2020","41023",0,0,0,0,0,0,0,0,0,0,0,0,0,0,0,0,0,0,0,0,0,0,0,0,0,0,0,0,0,0,0,0,0,0,0,0,0,0,0,0,0,0,0,NA
"2021","41025",0,0,0,0,0,0,NA,NA,NA,NA,NA,NA,NA,NA,NA,NA,NA,NA,NA,NA,NA,NA,NA,NA,NA,NA,NA,NA,NA,NA,NA,NA,NA,NA,NA,NA,NA,NA,NA,NA,NA,NA,NA,NA
"2022","41027",0,0,0,0,0,7.2728236210439,0,4.90026697475059,0,2.98122992004889,0,0,0,0,0,0,7.51197350743026,0,5.30331829323106,0,0,0,0,0,0,0,0,0,0,0,38.1900094159503,0,0,0,0,0,7.27278895619486,0,0,4.70434215658409,6.49370403274662,2.12117746452685,NA,NA
"2023","41029",0,3.45810439938785,2.3206362711029,0,3.14128930173983,2.60776476464341,9.48757793433544,0.536066364071564,0.405473431765361,0.356376719939942,1.70582306834947,0,0,2.50378594841104,0,2.6863739461239,0,2.03684776793722,0,0,0.875747579759399,0.495880276980555,0,0,0,1.23483493337648,1.54859638081377,0,0,0,0,0,0,6.53583018858295,0,0,0,0,0,0,0,0,0,NA
"2024","41031",0,0,0,0,0,0,0,14.0040270250776,0,0,12.5079387963512,2.29133519549182,0,0,4.78853846728745,0,0,2.77008951107992,0,0.880237236050713,NA,NA,NA,NA,NA,NA,NA,NA,NA,NA,NA,NA,NA,NA,NA,NA,NA,NA,NA,NA,NA,NA,NA,NA
"2025","41033",0,0,5.35623193094833,6.76984580054302,0,1.76781280544023,1.48099874169206,4.78217427711195,0,0,1.63788987292341,0,0,1.0411906426714,0,4.10222667824904,0,0,0,1.43321414453901,1.53442751741239,1.56677066042827,0,0,0,0,0,0,0,0,0,0,0,0,40.2145167493609,0,0,0,0,5.86213393388351,0,4.26509786402637,0,NA
"2026","41035",0,0,0,0,5.8621602337794,0,7.74257507341186,0,2.07726278395925,0,4.57302049701234,5.55716574645897,0,1.30865785977228,0,1.72016990210929,0.573700905580137,0.596837896178663,0,2.7784675370343,0.692398994318171,0,0.720620124843774,0,2.55132564932986,0,1.82803031326991,0,0.940894598035638,1.90007774772771,0,2.81128538593698,0,0,0,0,1.43017504363078,0,2.17594094853423,2.25753695218998,0,0,0,NA
"2027","41039",0,0,1.48095220197864,2.51732184794965,3.14500169676019,0,0.815873041429912,1.55365143279116,2.85617326845839,1.2523058181205,1.6454768587357,0,0,3.05246110193213,0,1.01765435211578,0.520001087779573,1.5939645071177,0,0.57837629917275,1.84305194471121,2.41747800919641,0.560548446118065,1.04881172536451,0.504250520773022,0.510406353610849,0,1.24427345168596,0,0,0,0,3.57119445633268,0,0,0,0,0,0,0,20.8267973481585,0,1.72486858660398,NA
"2028","41041",0,0,0,0,0,7.2728236210439,5.45943948707598,3.50335348020988,0,0,0,0,0,0,0,0,0,0,0,0,0,0,0,0,0,41.925962503864,0,0,0,0,0,0,0,0,0,0,0,0,0,0,NA,NA,NA,NA
"2029","41043",0.636988875034931,0.380835119319256,1.17524676023234,0.262770480370212,0.529536769901331,1.13811368018119,1.22854934691294,0,0.362715173905172,0,0,0,0,6.77916681944611,0,0.936325783496361,0.8278883307283,2.92905064095217,0,0,1.99069349258695,0,0,0.856205749097672,0.97827009092284,3.10201885332089,1.89729111857025,0,1.55965945806053,0.73592650983203,0.726760932685622,2.83211769125659,0,2.51892472712513,1.68516982345245,2.41208894273369,0.825786795988359,0.376804842602448,1.44959947224334,0.360226619858021,0,0,4.75777335644297,NA
"2030","41045",0,0,5.35623193094833,0,0,0,0,0,0,0,0,26.4263396604212,0,0,0,2.79871729995879,0,0,0,0,0,0,8.87358486457379,0,0,0,5.10783106601162,0,0,3.77540360451535,5.83010622719221,3.87803020500576,1.34956857187488,0,NA,NA,NA,NA,NA,NA,NA,NA,NA,NA
"2031","41047",4.0384610937557,0.552907975838529,2.17003329019241,2.16821705774734,3.20856976876714,1.09633641007064,1.27884405159001,1.06968284503182,1.27796093396123,0.681424579878872,0.881816261153672,0.964063040310979,0,1.54285804822652,0,0.994197225740088,0.591672617228009,2.08313180213664,0,1.18711493123903,3.10193378530754,0.37418707688576,0.788164502682998,0.428991619121627,1.30814311739028,0.717565384391668,1.65079249088606,2.0358124840875,1.05879315029091,0.755609287309867,0.511005387577654,0.667346107209856,1.53569054715074,1.1699918058817,0.316331420925366,0.896449756024217,0.760978681851978,1.56530217469442,1.46246452763026,1.39425783455827,1.15047895634327,1.49561675542803,1.12378830583746,NA
"2032","41049",0,0,0,0,0,0,9.82330751988082,0,0,0,0,0,16.1352113500813,0,0,0,0,0,0,0,0,0,0,0,0,0,0,0,0,0,0,41.926728014579,0,0,9.49896666857064,2.83328513727764,0,0,NA,NA,NA,NA,NA,NA
"2033","41051",1.25491224876143,1.43950604655762,2.06413415204001,2.42214932841669,3.47303143863485,1.72053983883638,1.01250151697451,0.806993744879979,1.33905567289273,1.43097428350832,1.93466057419238,1.02625694175792,0,3.58129552831148,0,0.539051537509137,0.813957323089931,2.3831501525924,0,0.80545454390773,2.98654965023624,1.14293441260278,0.953323129248404,0.409501460056909,0.735019410150311,0.804331589854613,1.1588486779511,0.976157337508635,0.291134085784885,1.12258883607278,1.26196834220957,0.851040909970137,0.753749558107266,1.46115049154998,1.52812986284336,0.608724042275055,0.651266390266577,0.963253242747425,0.576348102849682,0.721667420815519,0.833069048566505,0.322530781592935,1.05782254086473,NA
"2034","41053",15.495240879053,0,0,5.32289152294176,4.88424066727309,0.866223629040679,1.37598208444059,1.17853957305062,1.58807567190053,0,0,1.14709096603711,0,2.9100720474189,0,1.50084375741474,1.43786894210777,0.68307145393793,0,0,0.844037786579321,0,0,0,0,3.29045766243367,3.52357811060399,0,2.64343211748968,0,0,0,0,10.8579058388917,1.86345622638262,0,0,1.12923775869629,0,3.69485127950594,0,0,8.18523967199138,NA
"2035","41055",0,0,0,0,0,0,0,0,0,0,0,0,0,0,0,0,0,0,0,0,0,0,0,0,0,0,0,0,0,NA,NA,NA,NA,NA,NA,NA,NA,NA,NA,NA,NA,NA,NA,NA
"2036","41057",0,0,5.35623193094833,3.68219830428101,0,0,0,0,0,0,0,0,0,23.7607958031801,0,0,0,0,5.85951516198487,0,0,4.26882700983475,0,0,0,0,0,0,0,0,0,0,0,0,0,0,0,0,0,NA,NA,NA,NA,NA
"2037","41059",0,0,0,0,3.15138939200099,3.00737558970827,0,0,2.47037683052577,0,0,0,0,7.45394571385326,0,2.59629329902157,0,5.30375258406962,0,0,5.47876981779901,0,0,0.798864607723314,3.83721374334944,0.686579725538789,1.24378997934439,0.578089846937405,0.565966463089402,1.15138042023848,0,0.670815991065727,1.48423778817412,2.29162984949772,0.729085792636307,0,0.71645983581128,5.36319549391803,2.64470399699224,2.77362341091552,1.21942117431426,0.767706534817771,1.38420149207539,NA
"2038","41061",0,0,0,0,0,0,0,0,0,0,37.6298754659942,0,0,0,0,0,0,0,8.4058076089553,0,5.50542129428357,0,0,0,0,0,0,0,0,0,0,0,0,0,0,0,0,0,0,0,0,0,0,NA
"2039","41063",0,0,0,0,0,0,0,0,0,0,0,0,0,0,0,0,0,0,0,0,0,0,0,0,0,0,0,0,0,0,0,0,0,0,NA,NA,NA,NA,NA,NA,NA,NA,NA,NA
"2040","41065",9.50379865884122,0,3.13125374550534,4.36418882929472,3.04787336357846,0,0,0,0,0,0,0,0,0,0,0,38.7235920828343,0,0,0,0,0,0,0,0,9.85568511080242,0,5.78515418404938,0,0,0,0,4.02286836950303,0,0,0,0,0,0,NA,NA,NA,NA,NA
"2041","41067",2.91104067193754,0.81370974460503,1.6862693678041,0.564322708845668,1.17856167296427,1.14784097993783,0.890486705676009,0.899727398277208,1.16636131330857,0.197847626588639,1.49824900633967,1.16959566065149,0,2.2192931786416,0,0.883270204008807,0.842463862300311,2.24851590476773,0,0.696001674658826,2.16799934768247,0.896043861057046,0.365896099831619,0,0.986592935389875,0.638075538324828,0.411902709547071,1.38578373406736,1.10865759403418,0.881813204505644,1.25218222309221,2.14020069602498,0.874625761523575,0.821553041242637,0.699460935010555,0.905172486444157,0,0.814607424899195,1.28603827074621,1.23348739732358,1.25131622083656,0.952752781483681,1.31106175517067,NA
"2042","41071",0,0,0.999064419386289,0,3.60856342429332,1.64215128466875,0,0.728520832511047,1.43981775724412,0.718272103090139,0.734378390512226,3.56391598518093,0,1.78935646278545,0,0,0,2.94178635933059,0,0,1.84258027859314,0,1.98378036873528,0,1.04823205663002,2.11416179421335,0,0,1.16237951074587,0,0,0,0,0,4.84297354008198,4.64410900159872,3.34531417381714,2.31653011469233,0,0,0,0,2.43920228449143,NA
"2043","42001",2.32178982821869,0,0,0.981857733252559,0.994776649786054,0,0,0,1.94607652341182,5.97620714266644,7.98642726272209,0.82344727832702,1.20545248095812,0.504431800685806,1.39429433116043,1.33489380187969,2.10988145184465,1.90599705323456,1.66399705667154,0.297347779266533,1.12358564087263,2.13047221366576,1.71018118976673,0.226495339841456,0.663789074384728,0.676465421210931,0.946695289753753,1.48314698559047,1.2464955774712,1.45113530092802,0.233203080178691,0.700740110976358,3.39136879248207,0.616038405299601,0.764333871151793,0.916587745466344,0.366339161039811,1.14053217133369,1.37559634053262,0.602491051897586,0.209170760793508,0.893224854527339,0.72100620865995,NA
"2044","42003",2.32178982821869,1.61395240195053,3.29509878786361,3.51616536144403,1.4648562680295,2.8074726343212,1.69176449157688,0.779950756233047,0.992305995784154,0.841280529286239,1.67129486715623,1.45194439645875,1.8026251463435,1.14467440394464,0.741257983978265,0.905261426728121,0.596143069302785,0.777295488387447,0.614820696995392,1.09227390026778,0.510319189902581,0.497891758317139,0.487810592776769,0.353434122537711,0.769790661254125,0.91467697904136,2.72381117604546,1.0851547871812,0.27407132481717,0.649747357703032,1.11755589481022,2.32648903696273,1.01167602318072,0.721003596380022,0.437599600890554,0.450333870771591,0.412659413607136,1.57300082242869,0.713263727836498,1.39543084689387,0.65562488972906,0.567761587160469,0.969904135310522,NA
"2045","42005",0,0,0,5.25744058045737,3.96894916870393,0,4.74879354611021,0,3.06753960836418,4.66862087823128,0.8738116000253,0,0.693448830209255,3.29615411755328,0.603448894536234,0.572110011665432,1.11678867648044,2.14599582765879,0.507136806723323,0.497662320185759,0,0.571762944637628,1.91169310673724,0,2.87395238185868,1.34132493078307,0,0,0.666852750074806,2.84475490288756,0,2.14562305706459,0,0.688988958747732,2.06726266968033,0,0.712092486073866,0.755003191663935,0,0,0,NA,NA,NA
"2046","42007",0,0,6.84994795752644,6.20056732206256,0.674342144590764,3.88258261304134,2.14050093157819,4.18658818417085,1.5472528743704,0.31709313559281,0.146770188828682,1.46791821044378,0.605440768212131,2.31856378602065,1.75740627565019,2.56618552533697,1.29431120693137,0.0956078659077007,0.916905487703866,0.373461364243597,0.203470712135652,0.929126889001966,0.403106395727672,0.314689727637216,1.79439053394448,1.86010622727859,12.7192826283332,0.72726150798122,0.519702612039249,0.220364741286073,0.595397352556281,0.0907736137970953,0.939605528927248,1.32845140872063,0.472548011103439,1.51011545977729,0.0736300519268011,0.309638763453033,1.085310809321,1.85061124796442,0.802129360264333,0,2.12194054245672,NA
"2047","42009",5.3593048205652,0,0,1.92526119191058,0,0,0,0,0,0,13.4131199999893,0,0,0,9.21848470059181,2.99019097851733,2.063690555287,0.794008794733638,0.686416416466389,0,0.701626003248838,0,3.57527689048999,0.886120603659342,0,0,0,1.09701551273776,2.49208508398144,0,0,0,0,0,NA,NA,NA,NA,NA,NA,NA,NA,NA,NA
"2048","42011",0.924501125683883,1.07893245253775,1.59500751574008,4.85158374497586,5.88969912236953,0,0.348424404545741,1.47792796275796,2.69972245043499,3.34098496543257,1.12557269270378,1.82105781123545,1.59271594648928,1.66492437044163,1.77709089541916,1.35070762310649,1.32913282269639,4.73731945225844,1.88838709255884,2.9098809974059,1.14201045053691,1.06009437513706,0.813360744209939,0.715056928250833,0.69564003802065,1.02349662665418,1.87535830659434,1.29542654568111,0.390442942752555,0.356882657105938,0.702239036956826,1.31783691307088,1.22177374931551,0.660539705454597,0.855287185862318,0.36318050135639,0.86557507297343,0.377999676354782,0.795103956587743,0.721801657859785,0.979970904939024,1.27033627757902,1.05163540463067,NA
"2049","42013",0,6.38923392032348,3.73038711983005,6.63803475094375,0,0,0,0,1.46730500130235,0,0,2.70333484545776,0,0,8.16792368401354,1.92469764680523,0,1.27335584392766,0,1.22529855206009,1.27593873795441,1.30714782046202,0,0,1.55753303447817,0,0,2.2587368154609,7.97830223497158,2.69872279197916,0,0,0,1.80188296749786,0,0,0,1.75910003583092,1.97487522757986,NA,NA,NA,NA,NA
"2050","42015",0,6.38923392032348,0,3.09723040497987,0,0,8.28271382522732,1.47733980300943,0,1.0186709653739,0.958994667325386,0,0,4.6245843149971,1.06742071046628,0,0.929008934317441,1.7898021737354,0,0.911724342431009,0,0,0,1.74655956822968,7.1224156875482,1.3687563369893,0,5.11388521947907,0,0,0,0,0,0,0,2.89290315805731,6.69083833351351,4.71995479708611,2.97181005104674,0,0,NA,NA,NA
"2051","42017",3.01887119833336,4.43460656399934,1.8374659746272,1.91591300249762,2.16019788624326,0.434320439600411,3.06037223049211,1.35505626083076,1.40022844917386,1.00058509078758,1.60270440412374,2.07196219068719,1.59753792978157,1.33177892026101,1.03357405731457,1.40012228439239,1.68972140276274,1.71732031798349,1.2282161039485,1.05340072699885,0.73995162459549,0.684793741924842,0.526731698431748,1.57923298028729,1.1621507867901,0.717423271627013,1.79809352890257,1.28386042826324,0.99458758825928,0.970309375528049,0.934642886630243,2.51863241304225,1.33438730038613,0.596183447519866,0,0.373533302946463,0.84832359088614,1.07300437423311,1.51719186421558,1.89470331253167,1.21288689151588,1.03189941123796,0.653008052116762,NA
"2052","42019",22.6278264790165,2.07471286701976,6.53614248897309,4.35977880450493,2.79159380494881,4.05403285799284,1.17425177324778,0.323431511858088,1.61022232736323,0.55693308333334,0.700578887383629,0.874637297657442,1.36445127914359,0.468097682513989,0.65049879139313,2.61819517514705,0.926616921611396,0,1.48099061992543,0.74199985514683,0.759650953115967,1.55198401401082,0,1.15823273094401,0.691302197323316,0.549119842167386,0.592557880948627,0.218568098898082,0,0.307020641993672,0.768141398512023,0,2.37039092402815,0,1.37618250702143,0,2.8059278396785,0.664313106426628,1.86661174806109,1.14235955353323,0,0,0,NA
"2053","42021",0,0,0,0,0,0,9.82330751988082,0,5.48292375749834,3.56339033118599,0,4.0645798629542,1.58687049511602,0,0,2.62901080074465,1.27471662341066,1.21439950203783,2.22837187655616,0,0.981421695330845,0,0,0,0,6.32999205652273,3.63467246375838,0,1.16355047333109,1.03088257582448,0,0,1.22423746001333,0,0,2.13769341452125,6.16942505058683,4.37499137770901,2.89858994270534,0.704752154531977,0.590561901441913,0.553028859415639,NA,NA
"2054","42023",0,0,0,0,0,0,0,0,0,0,0,0,0,0,0,0,0,0,0,0,0,0,0,0,0,0,0,0,0,0,0,0,0,0,0,0,0,NA,NA,NA,NA,NA,NA,NA
"2055","42025",0,6.38923392032348,0,3.09723040497987,11.2347455650608,4.01489296230558,2.49316013983288,2.60430010781092,1.00317565689779,2.22106107202641,2.75497379314952,0.770524415875601,1.52591062821569,1.22454482617986,1.27387105389534,0.937132525780341,1.28870510326686,0.629965896242812,0.510509558914205,0,0.155192075094816,1.6383692518534,0.209548749027788,1.18297331917568,4.20205472443371,0.799898442439243,0.697555994939122,0.959333495888405,0.61892292763497,0.160119685914931,0.876576920601144,0.394609471115961,0.228548426039183,0.272034756827956,1.60470554122994,0.361199665588634,1.92848849828206,2.22380687862052,0.339139691599371,0.324301516471662,0.656743703605571,NA,NA,NA
"2056","42027",15.495240879053,10.2352506009987,1.28616619039538,0.886586091438034,1.43619226218502,2.45973104308482,3.53687744371116,0.818072250153583,0.710141282728929,0.333681270418111,0.340770177998314,1.45870608071405,2.61024754971046,1.39794159149577,0.322774714264217,3.20023362708249,0.508660773493604,0.472758525368939,0.469993220630443,1.91783777886539,0.243902811339559,0,0,0.69807726775268,0.426971626387501,0,0,0,0,6.50407074689825,0,0,1.27693910975229,4.46484203457702,0,4.61166282917776,3.40044551166088,0.856357840205853,0.361784962713552,0,0,2.47371797064739,1.31111118110593,NA
"2057","42029",7.46602918734839,0,2.21006041300439,3.5505895063086,2.08146673342184,0.668931347102295,1.37943235875643,0.55124150003931,0.787080577032864,1.46828988530703,1.6306142001839,0.930025643297499,1.33079044023407,1.00109964455852,1.88560280158829,1.28218225490859,1.5941403033584,1.95569512166345,1.96574371284678,1.33432503168569,0.764089328457988,0.747108779527229,1.02234505561614,0.936025076824239,1.14664697039371,0.424346211178272,1.46028121062446,2.03115932319719,0.894906735246716,0.627653664878174,0.156632470235649,0.917337576609738,1.85053344094548,1.71486535138428,0.999878375193234,0.813897140955553,0.890870408638545,1.00363369463342,1.46976813885245,1.1532662149265,0.73287929797849,0.653042081543635,1.16392290479767,NA
"2058","42031",0,0,9.4989667055933,2.83328513797813,0,0,0,1.88241176947193,1.97972066878613,5.28456240169499,0,0,2.21960550694562,4.69427520388564,0,0.674359726450258,0,0,0.804257277378209,0.960635980708262,0,0,0,0,2.9259896719913,3.11106760217421,5.04042158051527,0,0,0,1.60107317906265,0,0,0,0,0,0,NA,NA,NA,NA,NA,NA,NA
"2059","42033",9.50379865884122,0,0,0,0,6.49174112276038,0,0,0,2.53166788232877,4.53975903874998,0,0,0,0,0,2.94111439291723,3.19594341378451,0,0,0,0,0,0,0,16.4923028068964,0,0,0,0,0,0,0,0,0,31.0305193556528,6.60702989948485,0,0,5.29399577618361,0,NA,NA,NA
"2060","42035",0,0,9.4989667055933,0,0,2.15892542636476,3.70554671967942,1.51450756165321,1.27135953225841,0,0,0,0,3.82660253129177,1.98628419843854,0,0,0,3.76991816263058,1.75479490228219,4.34064404980607,1.11052583486671,2.61759771555144,2.71808214159137,2.12959161269141,0.443596991132066,0.408057302709788,0.409354431362647,0.873419131713799,0,0.572274011663474,NA,NA,NA,NA,NA,NA,NA,NA,NA,NA,NA,NA,NA
"2061","42037",0,0,0,9.34328727054725,0,2.48247901225698,3.75435264279771,0,1.29640466551112,1.19455789123121,3.2384292300793,3.51072799115709,3.26874305139395,0.992240680882573,1.62321923761475,5.07546772140207,2.75123379742497,1.87889843425705,2.13353366334754,1.93591478415176,0.642963365838113,0.596000427190122,1.0053368035325,0.515310821507964,1.34899903578448,1.81859230510721,1.55972697492193,1.42844793559937,0.44003117363258,1.19538155351101,0.963573952045648,0.417611910838168,0.514149901876056,0.402351676608004,1.0776661823332,0.7919978866044,0.217595697470286,0.484911053902561,0,0.974749471748632,0.191883592101521,0.231432294093671,1.38366542322829,NA
"2062","42039",0,6.38923392032348,3.73038711983005,2.47378173269665,0,1.66843497029069,0,0,0,4.29393851808562,3.89104390520294,0,0,5.91322186651025,0,1.60330999281675,0,0.727602560092971,0,0,0,0,0,0,0,9.32538323390264,0,10.0868862800468,0,0,0,0,0,0,0,0,0,0,0,NA,NA,NA,NA,NA
"2063","42041",1.08822940998627,0.639178418059261,0,0.920333337197992,0.469510610469552,2.92253559386799,0,0.973728550031054,5.22659673552423,0.696074677755523,0.882288570473312,1.0559992559038,2.17595071677781,0.887035359617061,2.0400412645909,1.64427205777661,1.1443371876867,0.605468257439215,1.16678279008969,1.28189177742306,0.703740492877797,1.66948355503912,0.274255305912049,0.971541373190527,0.852078735425569,2.40133527535248,2.80095355134999,0.657300990051688,0.397004618988832,0.767183090524215,1.25119115734784,2.09321060940402,0.997522449479941,0.863722103984008,1.40099333470042,1.1748566233403,1.05020012117626,1.98893858803118,1.24502833863802,0.370252232134684,0.969123796424691,0.49215554864092,0.131681988667334,NA
"2064","42043",0,14.6904074042041,10.9078360377699,2.66876049931766,2.7861092371312,1.98894675202203,3.57014989354969,0.23552576001711,1.83083199160077,2.46375002366421,1.21447120677906,1.60365176342831,2.32560301442866,1.87784380730484,1.1897295922733,1.7180219145549,0.874391059366825,0.76191476180278,1.17891493979729,0.86406063191765,0.995871410685747,0.69721113310166,0.591819406502946,1.50124554473181,1.10237546029659,1.61740240166686,2.00078547426751,1.39581524609512,0.906195626589291,0.662691462283162,1.02113866447349,1.06936449014187,1.07773327943665,1.12656501646508,1.25014751820231,0.457131054037818,1.10307779150034,0.236074756497146,1.29223413519078,0.882740124547677,0.86326996374517,0.945124249630317,1.01974153567451,NA
"2065","42045",2.92453562990222,4.10111492565721,1.50331969711643,3.52121981184348,1.41828442886599,1.64697916748159,1.71441158755155,0.822416061202122,0.995947495297536,1.41629204657652,2.04848429112295,1.66835270188667,1.52260741920206,1.66933036727605,1.81143833898137,1.06912863643341,1.72423763470768,2.11496320017612,1.52286821553797,1.15742805750288,0.673696776396323,1.20027159281764,0.76516828194206,0.647251861221729,0.961097410555281,1.41073357422204,0.758477496361591,1.19344715242765,0.706618362955319,0.912828418211937,0.877154240418126,1.25495546720772,1.31920980833213,0.896688728218619,0.996622514807024,0.660341308661799,0.855561403722982,1.33426965981496,0.668328382041956,1.33456968279753,1.30817134177637,0.959687787979773,0.701874809503573,NA
"2066","42047",0,0,0,0,0,0,0,0,0,0,0,0,0,0,0,0,0,0,41.9269212728816,0,0,0,0,0,7.27282362101984,0,0,NA,NA,NA,NA,NA,NA,NA,NA,NA,NA,NA,NA,NA,NA,NA,NA,NA
"2067","42049",5.3593048205652,5.07103436978264,0,0,2.40032013006795,0,0,6.90323955383729,0.909107881462832,0.74583618534991,1.29759302309799,0,1.22532826391783,0,5.18186833032673,1.1072945853578,0,1.33969101063938,1.67361079631899,1.18108362957491,0,0,0.905429783689481,0.518576848820355,2.31515441673578,1.17837215366465,5.10882325821596,0,0.692767800229905,0,0.683779598854569,2.18400283333059,1.4713780374152,2.40543081242034,0,1.44674339384787,1.09391775269655,0.269138559783707,0,0,1.17353954113653,0.472976155735866,0,NA
"2068","42051",0,6.38923392032348,6.85120391027542,7.17923954473172,1.0819709000301,0.805432206933602,0,0.694705774414314,2.14258315712695,0,0.779245340292528,3.83505675308646,1.97737779029422,2.15466715270677,0.894499144183396,1.18038384182214,1.08762736467414,3.27636080310615,1.13061523088158,0.254586788892436,0.974184976074964,0.728115675735186,0.254104299931805,0,0.668319316965613,2.31327211527911,0,0,0.497205349151915,1.10908670303753,0.615589246604402,0.683042733659539,2.8491353483903,2.58355679564578,0,0,0,0.623818873111107,0,0.97240885966305,1.21664889224361,1.38694603800429,0,NA
"2069","42053",0,6.38923392032348,3.73038711983005,2.47378173269665,1.8265976137214,0,0,0,0,0,0,0,0,21.2953095281506,0,0,0,0,0,0,0,0,0,0,0,0,0,0,0,0,0,0,NA,NA,NA,NA,NA,NA,NA,NA,NA,NA,NA,NA
"2070","42055",0,11.0886817491692,5.35776793515118,0,0,2.43975086765179,4.15682511889255,0.84532395951458,4.62433009921881,1.00118575162975,0.828801038694876,1.11147405497347,0.354931790084523,1.08211347103855,0.751770034376336,2.65746564894881,1.41387282546322,2.76748493671065,1.2844377671993,0.45045936799914,1.05432946802223,0.416958917243373,0.65431751388563,2.05676146398652,0.463337229352746,2.05405950985898,3.43344988185178,0.839914399465915,0.589198693007739,3.6022827614613,0.978047760246755,0,1.23966574262588,1.59100032721999,2.13237780098756,1.76169741436326,0.717215878505669,1.76068576856435,1.18898219171787,1.58575150408055,0.614099010069051,1.28149514898938,1.2395144909553,NA
"2071","42057",0,0,0,0,0,0,0,0,20.1118374377734,0,0,0,0,0,0,0,0,0,0,34.1314729288878,0,0,0,9.34059180713176,0,0,2.33921103833164,0,0,NA,NA,NA,NA,NA,NA,NA,NA,NA,NA,NA,NA,NA,NA,NA
"2072","42059",5.3593048205652,2.69871990544466,3.40466336562829,0,1.09667311177524,2.00974233509557,0,1.89384350995076,0,0.977448103840747,0,0,3.91919468722836,2.43714685338307,3.88967736529657,0,1.2933749364605,0,0,0,0,1.24311241751625,0,0,0,3.70148927657449,0,0,0,0,0,0,0,13.6009263340227,0,0,0,5.19936851350333,0,0,NA,NA,NA,NA
"2073","42061",0,0,0,0,5.8621602337794,4.56895436484149,3.16624559721627,0,0,1.95178341493758,1.86078811180669,3.32130067649365,0,2.5194278258918,0,1.07971957431419,0,1.17603978242927,0,0,0,2.31625472752768,0,0,6.11604272899964,9.74249269464925,0,1.71598327361108,0,1.34390707619525,1.31252994859944,1.91172134689798,4.90831078810609,0.849121067979974,2.69057404728998,2.12675250243782,0.223930744028531,NA,NA,NA,NA,NA,NA,NA
"2074","42063",9.50379865884122,0,0,0,9.79207011887125,0,0,1.2488348853425,2.3043504638508,3.93631264764016,3.02650388114306,2.26894501359057,0,0,2.10191098698509,5.23749211450969,0,0.796410769993872,0,0,0.301617963558231,0.374915638610945,0.968685759026721,2.34997715061168,1.22649627372923,1.15815629618861,0.537302266299272,1.52642908978339,1.44636847333363,0.465402466458316,0,0,0,0.793526163087442,0,0,0,12.3842751667624,1.34588017350873,NA,NA,NA,NA,NA
"2075","42065",0,0,0,0,5.8621602337794,0,0,0,0,0,0,0,13.86250875187,0,0,5.2039645205007,0,0,0,0,0,0,0,0,26.426333793449,0,0,NA,NA,NA,NA,NA,NA,NA,NA,NA,NA,NA,NA,NA,NA,NA,NA,NA
"2076","42067",0,0,0,0,0,12.3954918704862,0,0,0,7.19723103241367,3.38564349540539,0,3.976555040973,2.27767015714653,2.36004347631791,2.32162310911996,2.563670493717,2.30953914877582,0,0.227976529567832,0.930671181532386,0.986442575275026,2.29750583518083,1.70507872398931,0.672621355033659,0.841155449216002,0.411396203358906,0,0.245060031998696,1.1645366661601,0,0,0.540804864387152,0.671225500322053,1.58776260710905,0.865449456880369,0.893032399387658,0.895662030842609,0,1.89931264971807,0,NA,NA,NA
"2077","42069",1.9528485272007,7.48957352015211,1.63731972094639,3.69699264343729,1.87758609785192,3.24817826291728,0.802236968921241,0.834640710734946,2.01565745657874,0.812069344346602,2.45535478230619,1.05407711639928,2.29453588557919,1.89660448863962,1.13461430451377,2.45758708560539,1.45011652268372,1.85921950044987,1.20298045732688,1.45962685064263,1.01898799601157,0.884083562861065,1.13018972858376,0.695369743815269,0.870493560304055,0.923116451251392,0.809630851144297,0.484381802129125,0.326034739867518,0.721794165653277,0.646837718416445,1.12382442631492,1.34213543232063,1.76717957479495,0.948952858351209,1.67644627227323,0.814262119324764,0.706169209200691,1.45787571896875,0.75561484122025,1.21934304647064,1.10040500253699,0.635484835199416,NA
"2078","42071",0,5.46311410545727,1.39700055089092,4.41426373558653,4.02885488358585,2.7933130615763,3.61081207011469,3.44984474414835,2.16250039213393,2.16036937033555,2.30674951017129,1.19575404561283,2.07531602168565,2.37673741358289,0.938107257780368,1.82685375399306,1.40212488275242,0.634223827227837,0.906932291643062,0.867887494793254,1.29556916600454,0.983371936760676,0.654821752722882,0.884364359837498,1.03334664934356,1.12405061767371,1.54219302021309,1.33674112659755,0.813752885533105,0.96615002860418,0.504192624876236,0.55607834432372,1.62520093611577,0.904765527796044,1.37718169420241,0.990423113153056,0.777425867088205,0.433489951889693,1.10996945369198,1.01977529591686,1.58096674322792,0.597398499974652,1.02142508602205,NA
"2079","42073",0,14.6904074042041,7.96239098817092,0,1.64794988308926,2.00213797802917,0,1.69427054141795,1.62055111786026,1.52036227498544,0.477262948250445,0.469276592094226,2.31762258518596,1.31758956849148,2.01264252762172,2.76565802915458,0.294584863409045,0.806700975069844,0.522557043010057,0,1.21474134179653,0,1.58414044251954,0.436382435176106,0,0,0.645357195476158,0.777176192169603,0,0,0,0,5.08486978581193,0,2.32825345653583,1.96222415492775,0,0,0,0,NA,NA,NA,NA
"2080","42075",0,0,0,1.91234480540149,11.2299451670283,2.50811110469737,2.22530645398167,3.16695802616917,0.307768011562824,2.10020673750386,2.04074216048617,1.7621720411585,5.11363471054148,2.14461345869449,1.55157297971094,1.47550664105436,1.44938709950965,0.979978745567504,1.56996906979313,0.672859644477071,1.75455061549416,0.620117117454235,1.87161113748481,0.84571033825495,1.19413838384736,1.60929700109175,1.16745449827174,0.84791083418654,0.575455989298557,0.748226031291352,0.343662448719298,0.341946183738199,1.32520860720047,0.798738818395759,1.00394918351455,0.472514142700208,0.769974015541093,0.752583113350417,1.68209376403689,1.080556169847,0.94387533821469,1.42914828692677,1.14624335195496,NA
"2081","42077",3.55210312153654,0.654340963639376,2.54914114518183,4.24123154931941,3.60539686937178,1.41554995707894,2.86865634212191,4.05984382762737,1.54677013021611,2.95884196149221,2.34806626440157,1.85985342606739,3.09162931053116,0.830063666578967,1.26989983304117,1.2463656854817,1.42825237437071,1.14029761163807,0.716146132258298,0.432989979313303,0.500771273896845,0.537708570186067,0.537523824017497,1.28597072129078,0.904042224843177,1.13956232600336,0.60966166682221,0.785235575154083,0.550508903733198,0.69585068557413,1.17527818365155,0.692776565391939,0.991164777329489,1.23544471125854,0.849207310108771,0.599913939725767,0.862048059495762,0.624035611827317,1.47526262281563,1.0513340730798,0.896486175786895,0.549052789347412,0.785064218409172,NA
"2082","42079",4.67913331299816,7.66493335602524,2.32910338149751,2.35898525936597,3.58557726894084,1.42424958782749,3.22566772543943,4.54892939718243,3.47229454978892,2.74543077746037,2.89185420288294,2.12725065278061,2.69430688872022,1.22454462326948,1.21644834048692,1.34256500242176,1.41016205216499,0.931771434464728,0.70946879353856,0.401765235089863,0.354945186930259,0.356252668099216,0.903125514881117,0.595006689267441,0.679056085175665,0.976421736477573,0.807806665139594,0.561931371759799,0.53593149173754,0.734101353573694,1.15029015940695,0.812138016530833,1.08232902835179,1.09778791004041,1.22057269934922,0.705326426773593,1.11571043243013,0.855198880178876,0.838979431058445,0.805886665545079,1.05099643076922,0.823838663582567,0.44283387946557,NA
"2083","42081",0,6.38923392032348,0,3.09723040497987,2.41078022702504,3.69182450009806,1.41485915112242,0,1.11220087652452,2.11610332757634,0,1.03494999178828,2.06127953141691,2.82956842987596,1.60616404278101,0.694123251375071,1.25612305048107,1.73364667736585,2.58016777206166,0.456530337829644,0.428813114813185,0,0.94097969829962,2.03214043019114,0.527045439386513,1.59125358858171,1.02402911703758,0.496488384926553,0.500530388360656,2.03533560227027,2.42129406479445,0.876900413732439,0.806541271344631,0.387768102545187,1.16916680571273,2.67096692049009,1.06060172114059,3.10144743074913,1.04106769343404,0.231305972396853,NA,NA,NA,NA
"2084","42083",0,0,0,0,0,7.2728236210439,0,4.90026697475059,3.40205657396044,0,0,0,0,0,0,6.17535601484323,0,0,0,0,0,0,0,13.9888382105684,0,0,0,0,0,NA,NA,NA,NA,NA,NA,NA,NA,NA,NA,NA,NA,NA,NA,NA
"2085","42085",0,6.38923392032348,0,3.09723040497987,2.41078022702504,3.69182450009806,1.41485915112242,0,1.11220087652452,0,1.19153617781907,1.27832190024125,4.84883753088325,3.71415941526737,0,4.38914336396018,0.429935977467233,1.11330179967666,1.99593304004545,0.610851523792576,0.592044466491535,0.897066446543535,0.312882093027759,1.0121387308019,1.0851865161993,2.208920236126,0.355701387471535,0.697411683397439,0,0,0,0.607679385252017,3.05805427777819,0,0.881032814709715,0,0.930554204126485,0,0,0,1.9154751661399,0,0,NA
"2086","42087",0,3.45810439938785,0,0,2.08260457966999,3.82612223683429,6.97070421152356,0,0,2.73640720277109,0,0.621041330135805,0,1.47159315950874,3.74608947037672,0,0,0,1.46346941588373,1.57062727038817,0.816344320638786,0,0.898557350442257,0.950789346190751,1.95399528976292,1.87332522814925,0,0.864395113507081,2.50545328662891,2.95817483571207,1.24374522585958,1.07310433515421,0,0.499921035374182,0.539298460454027,0,NA,NA,NA,NA,NA,NA,NA,NA
"2087","42089",4.27245694643975,0.389356402759485,0.863797671759421,1.94024974304553,3.19323698081873,0.699938962807076,2.20826326063885,2.98046584086595,2.7030275534302,1.65915207222763,1.40129515302957,2.10242094752493,2.04106775331989,0.894998863032824,0.818666794557597,0.68196733335844,1.09701161213569,0.825622953464653,0.685331636266908,0.443635617518808,0.460756497407613,0.514091531998315,0.856879472966895,0.773678635427866,0.883271122335381,1.11859940889857,0.524024915998207,0.778269934469713,0.288192044076015,1.11136651818052,0.952151486857508,0.457174839505245,0.70910876930175,0.990560127062341,0.678844033161851,1.1656783765,0.932836532988762,0.948537460658923,1.09084199902845,1.34870828159746,1.17815946342509,0.448506150251224,0.0658446436183887,NA
"2088","42091",2.71658162798888,1.33278717089459,2.43259421279769,2.87386130245707,1.47789126084582,0.767162208822841,1.44920311397996,0.917733444767442,0.518834698787819,1.37685498846241,1.48789193615071,2.28396786924057,1.55476716457712,1.63800075286745,1.3260021766421,1.28953321270488,1.47833079858026,1.44168225459498,1.50802826765282,1.16147299047487,0.740963457578224,0.789561852467196,0.458203223884194,0.848278923387794,0.522119197333115,1.15128783460484,0.85025263838367,1.20198720902375,1.16154285995478,1.02537571522907,1.22594792195369,0.861102714831401,1.09025414041608,0.849304705593215,0.888552827991502,0.71920852018915,1.95102817337301,1.11947126762171,1.03862249532231,0.763246864019024,0.620470732851199,0.514548209529218,0.786963006577461,NA
"2089","42093",0,11.0886817491692,2.86173001875628,0,0,1.57963554519133,0,8.60395079008473,0,3.21709121890539,1.24863403324047,0.53131296281428,1.46185874571484,7.0962842461102,0,0,0,0,0,0,0,1.97121167945754,6.26315007446397,0,3.36066131891226,0,0.59044035205056,0,0,0,0,0,0,0,0,13.2262902823745,0,0,0,5.23011338059632,3.9644072928825,2.8440886689018,0,NA
"2090","42095",1.13864254218437,3.13758885336495,2.31034853134768,1.89661102285431,2.86535908125741,1.50660275206796,2.6336037972601,3.7122253511038,2.88862701900632,2.36334012402609,1.80532203853074,1.94823229878109,2.22556183320075,0.747394163062482,1.12851072753088,0.775845679401612,1.09202220767608,1.20384347233508,0.591089355135201,0.607897603177131,0.612162996946584,0.734416128098408,0.763622066482365,1.3329636834711,0.830368417008483,0.7379193027434,1.17265711543219,0.870659220598412,0.551729420965912,1.51056774114197,0.949542648568978,1.29974761246471,1.165888221613,1.19629020310242,0.599100142929342,0.38516219092385,2.51397664708937,0.67907403884577,0.733405522751683,0.91838039911609,1.36101865518458,0.550202922630696,0.460274488340265,NA
"2091","42097",0,0,0,17.5063999182306,3.32619429470323,0,0.846480791252849,3.55705850558568,0.6040028403161,3.59203645128094,0,0.795705832948202,1.8791311760325,0.716314436618742,2.05102510289537,0.958269752841544,2.33589321700228,2.03038551912487,0.881890145740423,0,1.4161712494,0,1.342127120671,0.952504538176048,0,1.37659441214495,0.583253649466696,0.92360637771601,0.964196326488873,0,0.740179847165378,0,0.490042990091761,1.16412195800502,1.95435254091523,0.669371440385139,0.666854517245129,NA,NA,NA,NA,NA,NA,NA
"2092","42099",0,0,0,0,10.2861407168863,3.33068278606392,2.22968446962152,0,0,5.47465897145013,4.13771418330138,1.51260767976008,0.603839047196696,0,0,0.621008794970785,0,0,0,1.93019412019332,4.4696204544864,0,0,0,5.15832519270958,0,2.64270142750762,1.13532599781996,0,0,1.12234909570826,3.48994805971564,0,2.08904191133995,0.949890856929648,0.883291217356367,0,NA,NA,NA,NA,NA,NA,NA
"2093","42101",8.14789109106909,3.66660339371897,2.60674697523388,2.68439510044351,2.43999367572812,1.95862795232065,0.857444584932495,1.58773051177951,1.89672234545115,2.44731706020025,2.40518355655535,1.53793796909459,2.23568790802682,0.599663053103112,1.60995350176372,1.48500272517989,1.27218290704314,0.601040216049858,1.14583858084617,1.14935502402671,0.829237251232395,0.976542094893608,0.734811312196206,0.742209280949698,1.4790993999241,1.26388940461521,1.07344460808278,0.46751425149594,0.800663208320517,1.14872253205643,0,3.1194349478051,1.57978004125739,0,1.47557658995371,0.627892252501009,1.19649694778441,0.749912346403361,1.40940506679719,1.39576921329085,0,0,2.09673182116393,NA
"2094","42103",0,2.3705768629988,6.01217776230009,6.22683462738389,4.22364125578203,1.4115864086537,1.61471725939895,1.34152973018394,1.75836711619878,1.5646946441803,1.70858639597582,2.04794420849011,1.65287103276182,1.73416153947217,0.988897406065143,0.910694612314351,0.952835228560355,1.17056587965361,2.03741681796083,1.26615472340879,0.26602029538737,0.5946464504741,2.30329181167248,0.763565139656926,0.501563082566015,0.887025246438232,0.329006030834102,0.427924636996342,0.24217469462913,0.9401846335079,0.329377276553601,1.26306423243584,1.49661239673804,1.22576300389315,0.266966951545142,0.406433106022665,1.4079710136723,1.01712694700915,1.32783411578128,0.735630229866752,1.58900411073486,1.50792215022763,0.391122609142913,NA
"2095","42105",0,0,0,0,0,7.2728236210439,0,0,0,0,0,0,9.75346268198604,0,0,0,0,0,0,9.80166581369747,0,0,0,0,0,0,0,0,0,0,0,0,0,0,0,0,0,0,0,0,0,0,0,NA
"2096","42107",15.495240879053,5.82912529023472,3.13177862360117,2.06650388279261,3.0106644525781,1.73622939933546,2.32435560322832,3.29934339515191,2.2611241259247,1.99891762427287,1.27594835306208,1.41741444460852,1.94525775545477,1.59414039223668,1.41777057214347,1.56283948750524,1.49140676932808,1.03970960854257,1.12206250728636,1.07153430609432,0.630731980131259,0.287603595721825,0.618320581835541,1.01730057587198,2.14808664456078,0.709942399981649,0.867413338194243,0.599258552601777,0.524325679736208,0.920694494008396,0.593004770645317,0.753139048076312,1.15922940980271,1.32274743045378,1.19537334495347,0.353864407771093,0.718176350116772,1.58611916609271,2.9106593098944,0.731382468747485,0.860626086992975,0.992035896807676,0.267176432482599,NA
"2097","42109",9.50379865884122,0,0,2.83242606908575,0,2.39868300884941,4.13637825960888,3.14977694919218,0,1.0714573547602,0,0,3.48099858776953,4.20993109876413,3.20455777521364,1.77359518669587,0.473915550526285,0,0,0.505148048597538,1.21057679030012,0,0.88354602180424,1.97612048588616,0.997694408679412,0,0,1.1294657615256,1.24197796478235,0,0,0,0,0,0,0,0,NA,NA,NA,NA,NA,NA,NA
"2098","42111",9.50379865884122,0,0,0,0,0,0,6.69541526687344,0,0,0,5.05654296876127,7.17759287771878,2.30491777424031,0,0,4.05550086493472,0,2.21455768127284,1.00568814576618,0,0.966650507189286,0,1.14185881337728,2.44194508633977,1.19537299024343,1.12092551453192,0,0,1.19990989176307,2.55225266060897,3.54146514929666,0,0,0.911855617454706,0,0,0,5.03279245640852,0,1.55281244168815,NA,NA,NA
"2099","42113",0,0,0,0,0,0,0,0,0,0,0,0,0,0,0,0,0,0,0,0,0,0,0,0,0,0,0,0,0,0,NA,NA,NA,NA,NA,NA,NA,NA,NA,NA,NA,NA,NA,NA
"2100","42115",0,0,0,0,0,7.2728236210439,5.45943948707598,3.50335348020988,2.34410344903548,1.72517923201461,0,5.92689967060832,2.61627996582843,1.32661824967329,3.10898373813683,0.420995718905352,0.753899502166985,2.10504508139466,0.332308574541923,2.53115734676744,2.51875492833574,2.10144911247283,0.19968129672609,0.739804923864438,0.548942620455262,0.952074906522165,0,0.237415899897654,1.11765831197316,0.325937354357892,0.753830447371759,0.847371892414796,0.465146956197368,0,1.72220533664029,0,0,0.819813872898893,0.947746583336944,NA,NA,NA,NA,NA
"2101","42117",0,0,5.35623193094833,0,0,3.32949567636171,0,0,11.8590154600264,2.81128021708353,0,0,0.785814531522699,0.816435685304969,0.886813964623051,0.969863931098199,0,0,0,1.72078879083175,0,0,0,3.54101902693949,0,0,0,0,0,0,0,0,26.9157958574851,0,0,0,0,NA,NA,NA,NA,NA,NA,NA
"2102","42119",19.617755579559,0,0,0,1.49331065687161,2.92858532386005,1.35474944146053,0,1.22382968894425,1.19375689368644,3.32522589183538,0.967210202512793,1.69431211408261,3.52699922284363,1.13974812323921,0.973591184410915,0,0.911039021749155,0.483368602931282,0.536112026566737,0,0.737120106712449,0.872495587353992,0.996588609541843,0,1.21820381018255,0,0,0,4.20083919726977,0,5.55715968608551,1.39553272537128,1.10629794715506,0,0,NA,NA,NA,NA,NA,NA,NA,NA
"2103","42121",0,11.0886817491692,0,0,0,0,0,6.20052015572213,0,0,0,0,3.04002520987998,0,0,0,0,0,0,0,0,0,0,0,38.510867368709,0,0,0,0,0,0,0,0,0,0,0,NA,NA,NA,NA,NA,NA,NA,NA
"2104","42123",0,0,0,0,0,0,0,0,0,0,0,0,0,0,0,0,0,0,0,0,0,0,0,0,0,0,41.9273077940304,0,0,0,0,0,0,0,0,0,0,0,0,0,NA,NA,NA,NA
"2105","42125",0,2.0484688489815,0.753849555641297,1.28296616675061,1.17928471067473,4.65401623705402,0.425050035782014,0.743944884854779,2.32959851163119,0.601605873817396,0.858070059119847,0.568809474727935,1.72508737842906,1.13677923143717,0.837266967534086,1.09783165753445,0.545957976948072,1.10739499054447,0.847445418078179,0,0.651004538478625,0.367733347429693,0.427789716084522,0.507002873336995,1.18826128273872,1.31432987647804,2.61344467718599,1.74278373921825,0.510699726032693,1.3974411358079,0.442114062650667,2.14516208487513,1.60986046430261,1.11506774702634,0.697679815515106,1.97498098862668,0.619585641514697,1.19545274437386,0.588695672028448,0.302672179121542,0.650641427327794,0.361787123800256,0.416143149587347,NA
"2106","42127",5.3593048205652,2.69871990544466,0,2.95891547154504,0,0,1.30578309180905,3.88427926742498,0,4.07295783837516,2.3863360948726,3.56927966812622,2.20122496248698,1.71036648957489,0.57565036838933,1.30700093591748,1.70315914100257,0.462821904319401,0.915737234693485,0.923859210985211,1.39695994522141,0.926421312156942,0.694769620654372,1.16502193782688,0.472817379708653,0.97849218082896,0.76475095309004,0,0.306599016209989,0.359337307668344,0,0.561574117759668,0.720551204367591,3.35707594805804,0,0.814240201954312,0,1.65668734357488,3.93120162207743,1.34441373431552,1.14947017498259,2.45137227903623,0,NA
"2107","42129",5.3593048205652,6.15275182568511,3.46543376944028,3.55225791335824,1.88013025477738,2.61533847306497,1.14471638299373,1.31270568113974,0.894193879669206,1.54105064830921,1.57650342146573,3.03952729216575,2.40477217726699,0.950114767745475,0.69516162162622,1.29147858581376,0.377499053319143,0.456529805933416,0.845202957950601,1.22018539687564,0.408142037119233,0.440932170187263,0.291585522871377,0.658336576924943,0.378315398154333,1.30309246846896,4.51347057470061,0.503597172652305,0.223893556838766,0.533497832929908,0.96985793351023,0.790338567720085,1.19776530438352,4.86106739263476,1.28923667212072,0.232717939211433,0.428598810742227,0.216032425598606,0.395384540409537,0.186530694698051,0.349690660086374,0.745131266458372,0.375108045052998,NA
"2108","42131",9.50379865884122,10.5047469657613,0,0,0,0,1.5252030486301,0,4.10141837305697,1.88485518079066,4.41028906053121,0,1.86206405150698,0.819545102358575,1.51799830819977,0,0.762482127998364,0,0,0,0,0,0,0,9.3486734426054,0,5.72989523855552,3.63196100608274,2.45765301995443,6.45272698409962,0,1.76630563213813,NA,NA,NA,NA,NA,NA,NA,NA,NA,NA,NA,NA
"2109","42133",0,5.27206748605669,0.859424036733262,0.343471539142928,2.70150113830866,1.83008156963131,1.37754468114011,2.20466373752477,2.04404315269787,1.86150123568052,2.7147392885542,1.82136325353427,1.82097232306264,1.7962705920755,1.03912846251166,1.50625769144465,0.723479518032791,0.796459106850204,1.52814891610728,0.460711124167015,0.661151870372085,1.17518438360372,1.96554463439075,0.477688406863585,0.568937117941615,2.32518457198797,0.879802213085459,0.759412579853101,0.501727058379546,1.02605186574063,0.623380258204693,0.710211421546592,0.862604512627716,0.812298355956042,0.859605084162772,0.781943000225896,0.507115288873123,0.678018040775022,1.23070379510646,0.760343903601724,1.02610619921738,1.20211392621609,1.79854270623633,NA
"2110","44001",7.25851660455838,0,0,0,0,0,2.53073876972479,0,1.1894531352203,2.39546494550357,1.61083358862453,0,0,1.50216927142789,0.534839836539502,1.15353202666952,2.34911046650264,0,3.1746770632669,0.929870137679115,0,0,0,5.19393208686371,0.479676139860837,2.90387510274174,0,0.649242878051019,2.45052142468535,0.289928859006767,5.14105777930371,1.42263611174664,1.16052755909771,0.721792347613377,0.543618171473306,0.550191726788789,0,4.68137577208836,0,0,0.27956717382145,1.18784480902944,0.324236142764436,NA
"2111","44003",0,0,0,1.649903214826,0,0,13.8392873493083,0,1.35231279332166,2.12608777021455,4.12621063706973,0,0,3.21540367398698,1.26056252221584,1.47715996537743,3.13493980055096,0,1.07849561859302,1.31614024485151,0,0,0,7.13305993927803,0.397821308248096,3.16825494174244,0,0.78117767438981,2.14801352419521,0.809538731403208,1.018172869693,0.772033345605845,1.30522675444148,1.1355152783509,1.11284917890401,1.40172187163202,0.315641879199688,0.850234149988308,0.875820124784249,0.612333019213288,1.48382289167088,0.900432330997593,0.25162378296156,NA
"2112","44005",1.4818919181257,0,0,1.91663096779847,0,0,5.02610324819416,0,2.32724374359761,0,4.49713786426986,0,0,2.0377866078559,0.990790858107411,3.08133943872168,1.08077417145449,0,0,4.33525770341446,0,0,0,4.32261750188636,0.211294103707623,1.75746521125676,0,0,0.800350961615079,0.676919126349798,1.029581354572,0.859807648004114,2.08983885581605,1.69265429926997,1.27068119010241,0.695746423354871,0,2.27329747404532,0.227597839175897,1.38909188677285,0.236098557061297,0.49782817312386,0.806356139733086,NA
"2113","44007",4.45307029637945,0,0,4.09317293276943,0,0,5.2041041583195,0,3.01334844184024,4.16673813560119,3.71434084775816,0,0,1.47560015035814,0.951609999191057,1.71190750664021,3.90109589139628,0,1.71391918519957,3.77320735485882,0,0,0,6.14021060131869,0.867607462309504,3.762940274045,0,1.2812793611611,1.77571205682967,0.814872372807473,1.11654174368622,0.926409701722417,0.81634232068282,1.01932863434589,1.14909333702939,0.535142924234984,0.322493574086957,1.63384552931311,1.20442511022542,1.07135497958504,0.885405335299527,0.743689561334314,0.404979526153578,NA
"2114","44009",0,0,0,3.09318588816064,0,0,5.2010302101189,0,2.19324155162246,0,3.19836202745653,0,0,4.24296152225334,1.32286107035627,3.67689572957426,7.25019385674021,0,0,1.42461326353813,0,0,0,1.39028397406066,1.40676578923668,8.1335763198054,0,0.0753435289861317,0.950032905240268,0.726658349785748,3.74367978811124,0,0.879706713375404,0.538893766158758,0.552637302652059,0.64988353433483,0.650288962599788,0.796245184588247,0.482854829327221,1.23361886692067,0.562874228559921,0.59772284259842,0.744022414781393,NA
"2115","45001",0,0,9.4989667055933,0,2.29404865780024,0,0,0,2.25543970890464,0,5.06876321204258,0,0,0,0,0,0,8.68350523962574,0,5.40124618302473,0,0,0,1.70830069580513,0,0,10.2088603452916,2.69848783416728,0,0,3.65756549042976,0.645447348279035,0.603248157539023,0,1.87722767335317,1.26478148868374,0,0,1.51131655910583,0,0,2.21983806521233,0,NA
"2116","45003",0,6.38923392032348,0,0,9.87689438448399,1.58897855176252,2.26140867322495,0,3.09401605943076,3.15687371125311,2.00174225572249,0,0.781353456094234,1.14780986566763,0,0.434624486034489,0,7.26099873688221,2.41126365970226,0.61606472868895,0,0.253890289733163,2.32687474347417,0,0.846814306295903,0.901140170429884,0.320360316457913,0.694683531047355,0.382852335118185,0,5.50512829439605,0.800517311707724,0.695756472873507,0.943923833531577,0,0.952812337328667,0.688009934292641,1.13078690579897,0.810264318377285,0.85219391013918,1.72383203373931,1.2459811815494,0,NA
"2117","45005",0,0,5.35623193094833,0,0,0,0,0,10.6826114127082,0,2.92243295098178,0,0,0,0,3.05599663282437,0,0,0,0,0,6.92502039181916,5.38422337511423,0,0,0,5.46065766249792,0,0,2.1040405249563,0,2.04736770793272,3.72281332302843,NA,NA,NA,NA,NA,NA,NA,NA,NA,NA,NA
"2118","45007",5.3593048205652,0.569046046468633,1.22713881623018,0,0.687837503383945,1.08721680930736,1.90679004187026,0.770001018467206,2.90539145047344,2.46134559255329,2.46209754915755,1.00024632865199,1.04133296898485,0.162750386376508,0.498755554056641,0.54217913767557,0,4.7407510348855,0.830336497893453,0.375308011788103,0.705309231697011,0.523962630413892,0.368395580925413,0.615305373080781,1.16075415096847,1.99623668568086,1.46767913811156,0,0.466283023898745,0,0.283999836228963,0.68967928352451,1.2636333523718,0,3.75674084146545,1.92251039844027,1.21982521632733,1.73298151513738,0.914178956770772,1.12479747824339,1.33275609365893,0.518657508626407,0,NA
"2119","45009",9.50379865884122,2.21279899337513,0,0,0,0,1.80578385288989,0,0,0,3.96669669522844,0,0,0,0,0,0,0,0,0,0,0,0,0,0,41.8188076722328,0,6.38909930418394,0,3.09722935007065,0,4.34435737387257,0,1.62143882872263,NA,NA,NA,NA,NA,NA,NA,NA,NA,NA
"2120","45011",0,6.38923392032348,0,0,0,3.29105432191909,0,0,0,3.99477845204142,3.53014269540272,0,0,0,0,0,0,0,0,0,23.8531037226776,0,10.916692493385,5.34410490081483,0,4.80056597150268,0.891738831289564,0,1.42849306414323,0,2.21607384873769,0.742233147086535,2.16132376273518,0.672240230377823,0,NA,NA,NA,NA,NA,NA,NA,NA,NA
"2121","45013",5.3593048205652,0.408043762874902,1.18158706947282,0,2.1807965964781,0.938154804264676,2.45493925295616,4.46445698001568,2.36312479818747,1.07533932295841,2.52416055883927,0.074487467565798,1.18196706066951,0.546912207645224,0.497097877502808,0.463153086218179,0,1.53291896059981,0.232448429481826,0.657230982879021,0.441480065556465,0,0.777924848811278,1.55643962063876,0.24484824907736,2.06455971374309,1.49865115306019,1.15858873013688,0,0,2.63238735809718,1.19563835518223,0.703051319409473,2.01384882992685,0.419778008213702,0,1.08942894768508,0.700589632616786,0.257409803977044,1.70159244483992,0,0.333188803459599,0,NA
"2122","45015",9.50379865884122,0,1.6263574332431,0,5.69412730346536,2.5817206625763,0.675301327017353,0,0.575592793222831,1.76125827664281,7.52667914225844,3.08806336133714,0.740331724450307,0.203758495255268,1.12613719249117,0.556609571521953,0,1.33309162079541,1.45766089746815,0,4.06338422679464,1.52843012457505,1.47400310641631,0.485714219318763,2.20936830510138,0.941971189825271,0.129533067594152,1.05248258639212,0.818589628290137,0,0.815668892167742,1.61537599709033,1.84143767674339,3.18165503317591,0,0,0.411106595897298,0,1.08406451899579,0.652552109097257,0.51833883108186,0.302035945817507,1.35668373443803,NA
"2123","45017",0,0,0,0,0,0,9.82330751988082,0,5.48292375749834,0,0,0,3.28317756995258,3.02912338678127,0,0,0,2.71546655704181,0,0,0,0,0,0,0,13.4680639424773,0,0,0,0,0,0,0,0,0,0,0,0,40.6838303398771,0,0,0,0,NA
"2124","45019",12.10386637556,1.51124456313239,3.02262746427611,0,4.54916279272192,1.42954061623134,0.67784235773907,0.415246727551988,1.28416588375073,3.07741372533181,2.28292621640991,0.760566460271086,1.13967889568552,0,1.05326576551516,0.215546392737549,0,0.469843045635764,1.07397455592317,0.257325550861936,0.804928605951435,1.34170236823165,0.237469898256449,0.878629659470286,2.88433685465563,0.236256498718852,0,0.606928235441442,0.133824525129427,0,2.8204686885103,1.20564561337215,0.797152569162956,1.51177107334201,2.05561862991455,0,0.464426274746884,0.487780899209022,0.538950845846387,1.60171971169184,0.858467463072617,0.226407250606568,1.64521639580215,NA
"2125","45021",0,6.38923392032348,0,5.76834489338417,0,0,1.74146642395088,4.63793980819648,0,0,0,0,0,7.38343657000715,1.55661667522943,0,0,1.11641611080854,0,0,0,0,3.10724891010874,0,3.71988867063369,0,0,5.38394299351049,0,0,0,2.17102418745224,NA,NA,NA,NA,NA,NA,NA,NA,NA,NA,NA,NA
"2126","45023",0,0,0,0,5.8621602337794,0,0,0,4.6279632057551,9.60859718178246,1.92411611908482,5.94165371289054,0,1.29386211993409,0.576813829614799,0,0.619946164862697,0.706096228561707,0.81605544533926,0.924542354401757,1.00299266569342,0,2.21973339883455,0,1.15081788664829,0,1.29749937445732,1.36577591755671,0,0,1.71552493523207,0,2.02955306119086,0,0,0,0,9.520718840603,0,3.62046720091174,2.63131822856169,0,NA,NA
"2127","45025",15.495240879053,0,2.21227495849444,0,0,3.23799519495267,0,4.36639792650015,1.20730684008176,0,2.81860049988088,0,1.63177987115898,0.790478894504106,0,3.95435368032376,0.71249030865645,0,0,0.725761701454071,3.0960356297363,0.761010597349196,0.735376793453399,1.40749097273544,2.575509669727,0.575741563616531,0,0,0.641381383199663,1.47809934447435,0.829091219111057,3.36708342692315,0,1.42094157082822,0.665657991831505,0.654563777560194,1.95948687137238,4.12158278274998,0.490309070243936,0,0.427172661064221,NA,NA,NA
"2128","45027",19.617755579559,2.49610527937395,0,0,1.2012002853974,1.21149182303827,9.05145935450306,1.35999602648793,3.33436111293154,1.06272860633935,0.883239316947406,0.804393267727579,2.74191391918845,1.98708538972941,0.779092399337262,1.74778881276717,0,1.12326555439525,0.816141736403828,0.848512110631502,0,0.204363507858636,0.715389724569561,0.283821740508524,2.61018475976848,2.58434705594828,0.863736786714111,0.772836726301325,1.87292911582033,0,3.71028795615455,2.27941804492488,1.73354606865049,1.09547401715903,0.972295680133562,0.409320569571074,0.927175041657684,0.751217994571965,1.02139784838385,0.48166205318982,0.518350956382655,1.52101198863139,0.432894972956797,NA
"2129","45029",0,0,0,0,5.8621602337794,8.23997229269908,0,2.00167898675629,0,0,1.66871643689164,0,5.40412315671923,0,2.65125479323965,0,0,5.09885341868682,0,0,0.818675053572252,0.850184425996571,0.903718727848888,2.76370229949996,0,0,1.82274484569406,0,0,0,0,0,2.86377790584052,6.04196290237699,0,0,0,0,2.29678760589963,11.2946462270037,0,0,0,NA
"2130","45031",4.3999268681957,1.17660378267804,0,0,0,0,2.46466093574905,1.44108689603943,0,0,5.97730666418889,0,3.9471327243325,0,5.12351079213461,0.981972536008349,0,0.788015453961258,0.793186938679855,1.6333843997964,0.830388666433711,1.65036785681433,0.402032181903523,0,2.11172304480116,1.26176865606876,2.75336214020939,1.70317165858609,1.45414656291171,0,3.77716852772549,1.40841040785421,1.22082349276437,0.631396279473964,0.153452849213459,0.483004385611819,0.536461793816341,0.820340788075766,2.68952325090513,0.88343468453816,1.04519018219483,0.982871056333162,0.756519998170409,NA
"2131","45033",0,0,0,0,0,0,0,0,0,0,0,0,0,0,0,0,0,41.9267465342921,9.50379369386069,0,0,0,0,3.51824088819127,4.85842920521769,1.27502740115492,5.47937930286058,1.88612910318374,0.961911615623361,0,0.412353659941022,2.12738018824613,2.48926106215484,0.38598385482006,2.1261382875513,0.956949134940162,0,0.91843170366399,1.57648650159071,0.645359880883327,3.98794707937347,1.30279469675068,0.45173665483816,NA
"2132","45035",9.50379865884122,4.20373720110854,2.49543848965504,0,6.86950291611788,0.980115629945991,0,1.44876156180461,3.24328897513779,5.06418009394236,2.85721686337634,0.27043359228833,2.02354734797693,0,1.54986078312863,0,0,1.68129027631624,1.80276716763398,0.521717732680402,1.03710175296902,0.515368468133773,0,1.44597134198482,0,1.74881563481585,0.372854674440145,1.54946232985286,0,0,0.942620090536052,0,0,1.64655373951734,3.60552697952086,1.63640297127068,0,1.94263972794315,1.74091785923601,1.56030109251823,0,0.486479691072448,0,NA
"2133","45037",0,0,0,0,0,0,9.82330751988082,0,0,8.96410195570361,0,2.28300157773149,0,1.76243264136233,0,0,0,0,10.6969713355409,0,0,0,0,1.59766120084126,0,0,2.64743089377273,2.66451599689457,0,0,14.2800662073187,0,0.664467027999393,0.563299397999327,0.535877197318909,0.556515537958546,0.613843779528876,2.02526140092752,0,0,1.66318658837746,0.872042371920322,0,NA
"2134","45039",9.50379865884122,0,3.13125374550534,0,2.12945430775667,0,0,2.17894205075161,2.18029914562725,1.9960066745829,1.72429741331431,0,5.21537995519834,2.00996773922029,1.5863740396981,0.668696126210896,0,0,0.735754679993941,2.50440222143134,0,1.8429901024532,0.893118820719009,0,0.90359158365049,0,0,0,0,0,3.91617570798088,4.14514097054374,3.212174557585,2.28830065357333,6.10714821263141,0,0,0.846919234214179,1.69401191280065,0,5.04277068726085,12.9764630896343,0,NA
"2135","45041",15.495240879053,5.82912529023472,0,0,6.32746899610418,0.798785180517091,1.31254353061092,0.579009532833252,2.12770215069737,0.981486903052188,2.25312651446652,1.21241031578789,2.14683627529024,0.320289297429773,0.910868799451498,1.75750629592826,0,2.29796028057459,2.89209681932843,0.460102589232473,1.24645604735878,1.33750394539777,0.544705816902855,0.90188254878556,2.8039614884279,2.77247063704065,0.908629555628731,2.41262438410574,0.284964952850866,0,2.09423742855692,1.68991357490523,2.45462647572638,1.21704532060731,1.44402112608106,0.172327979535211,0.285518874773524,0.90724947767819,1.04929410981491,1.46617581221991,0.289582102194499,0.53017621985114,0.957259264881277,NA
"2136","45043",0,0,0,2.80455791705411,6.72054688740987,5.71860498898422,0.938031054037476,1.41870643774756,0.599452525259413,0.562494717215365,0.572521587168115,0.617136668999073,0.686814916496808,2.22614545704029,0.746041872813276,0,2.24188414325481,2.09678708497424,2.44154779407563,0,0,1.04916067271248,0,0.65656883911892,0,0,0,1.73459953400935,0,2.52721954225152,2.44449112566017,2.08028525947507,3.28291923581048,0,0,1.21004514459742,0,4.00183886781313,0,1.20162426594142,1.13607009709715,1.08379231399831,NA,NA
"2137","45045",6.54934256599276,2.16929329393507,1.96450481080936,0,0.13209778746017,0.825677156527668,2.05780484424523,2.47607897528673,2.3227998825667,2.42609221983126,2.09529093605891,1.36738395606267,0.538269162224674,0.172215431720335,1.0653788652165,0.63125071280248,0,3.04952188156265,3.76972152553213,0.972225176901846,0.68025767971127,0.312802751632324,1.189331856189,1.20309786400293,1.60729198392024,0.48509961692061,1.68581504626235,0.252924712200429,0.258900724262834,0,2.01539620216431,1.24985002861928,0,0.441653811441305,2.90276038075684,2.3590570100304,0.622070937681315,1.3080398894411,1.40935121777895,0.323809155452664,0.771077818238511,0.340872640527025,1.42089387665454,NA
"2138","45047",0,0,0,0,0,2.74128121753565,0,0,6.94052381261197,2.55992817652603,3.58760751341852,1.3073188322505,1.05681417939875,0,0.950427125010036,0.990054373794447,0,3.39078369285174,1.06883154987858,0.983062233466754,0,0.940790947625411,0,1.11939683932772,11.2521021038773,0.605074513821888,0.892219459972245,0.743130057920866,0.345845204284612,0,1.59323419779283,0,0.520097262594086,0.602571957709242,0.689249094660977,0.773536335282438,0.849144276183774,0,2.95509029733675,0,3.63587149040514,1.54245775055566,0,NA
"2139","45049",0,0,0,5.25744058045737,3.96894916870393,2.84469980356561,0,1.87520883412788,1.64736384230133,0,1.5079803852796,2.85903341964669,2.47432726836618,1.04019073302485,2.61817235651329,2.14422409815208,1.19460491711038,0.532003349067213,0,0,0,0,0,0,0,5.51679778614807,0,5.29469382124939,0,7.99955948825144,0,0,0,NA,NA,NA,NA,NA,NA,NA,NA,NA,NA,NA
"2140","45051",4.92937631517187,1.54823437271328,0.367296269961624,0,1.26483408002015,1.30437856892093,1.01354521881269,0.350809748535168,1.79514817848945,1.73139746787498,2.49040928210435,0.274777719325485,2.91824142750998,0.214579021023216,2.33663512110852,2.53449400915982,0,2.03422766900822,2.17771301908155,0.860158346060168,0.201844889526106,1.29616192172038,0.405659181420556,0,0.620279448003891,1.69213538014299,1.35684826742251,1.35350364466282,0,0,0.825570019561285,1.10444084197024,0.412202244772254,0.694006979252897,0.514403556008792,1.6637380002326,0.572287798286991,0,1.28144011311003,2.60272922636921,0,0.933039068398593,1.23284745626502,NA
"2141","45053",0,6.38923392032348,0,0,2.99910157542646,0,0,0,0,4.33452600444086,10.0708695478826,2.0273930882177,1.3892940937914,0,1.99527597838104,0.92994361399112,0,0,0,0,0,0,8.13563496963454,0,0,2.6726646587814,2.23247096352315,0,0,0,0,0,7.56351469404944,0,5.1193616980196,0,0,0,0,4.01584419782708,0,0,0,NA
"2142","45055",2.61862339478276,0.592921531757908,0.559493472363883,0,0.729049202459397,0.806076329948349,0.786757940413764,2.28615009514659,0.852350232245206,1.47981754908094,1.59821456466641,0.789060986601488,0.540606761142465,0.762304323074021,0.457309603922194,0.867065571905817,0,1.69707171977859,1.14882173433222,0.170366922475463,0.181130312652911,0.400673644107619,1.35265093284654,0,0.58406045496114,0.338266366275302,1.90832362023858,0.804787078310675,1.61119384149953,0,1.57731361048064,1.16280793065332,1.13727017326531,1.4648650893834,1.04792555315757,1.64841608257421,1.81315791292314,1.35961411719291,0.747643378567094,0,1.49197144148608,0.516828865824008,0,NA
"2143","45057",4.3999268681957,0,0,0,1.79519175047085,0.953927416168455,3.77667492581415,0.83238194349097,0.737517246684917,1.34453138000835,5.09994537820243,2.15142686905899,2.60932980848498,0.521597882071082,0.464012197575865,0.676478192079698,0,1.32337775290935,2.80395785383415,0.273908449874125,0.79898049236609,0.264754393676613,0.278355862043655,0.311610382561143,1.08823020937282,0.838523755712283,0,3.10001588148853,0,0,0.539133911511504,0,0.719944504939385,4.02799883068933,1.51528943218644,0.671322057294461,1.20325406725909,1.63826202806271,1.49527011770414,1.37328854044209,0.431846119763704,0.430232268127045,0,NA
"2144","45059",5.3593048205652,0,0,1.92526119191058,0,3.60754515583661,0,0,0,0,0,8.42529443221628,4.19158318342532,2.78829008429306,1.00200660240948,0,0,0,3.92970683352803,0.97809678879417,0,0.934205703883165,0,0,1.22266325085957,0,0,2.20879743516239,12.2992387228426,5.58604435558187,1.66233923646381,0,0.361692018742118,0.36216897988685,0,0,0.656757320126394,NA,NA,NA,NA,NA,NA,NA
"2145","45061",9.50379865884122,0,0,0,0,9.03792598004806,0,0,0,0,5.66286350725341,7.02381416017455,2.6952403967557,0.639614266145457,0.527867715885384,0.491116808922761,0,2.73263365014631,1.63944905191044,0,1.04813083136351,1.03802654191407,1.03565256176405,0.526005063240551,0.551218180681162,2.80834351346423,0,1.0748992432532,0,0,0,2.52291713281499,2.69414048876281,2.4311197974958,0,2.42640252929481,1.57292658059584,0,2.27429138627235,0.85785219326993,1.2297462982827,0,0,NA
"2146","45063",4.56330376767229,0.977276942197242,0,0,2.26886193645321,1.60307791797873,1.53759856506559,1.69447349929172,3.13671810975608,1.38090755117638,1.49331481256854,1.16074051696418,2.19229740307875,2.44225940639255,0.670305512003537,0.527399188117786,0,2.76098978445975,1.94630399940227,1.37889616045653,0.694760182263846,0,0,0.79234807926706,4.17916434185096,0,0.314275882777102,0.15797563501216,0.0851593053337546,0,1.4900258983865,1.20100728041257,1.33813390676096,2.45235783866185,1.71410044627241,0.621454611090335,1.46388244204762,1.15035948406722,0.30457622916507,0.931422668875741,4.33762998629436,0.511300750613243,0.910048810850709,NA
"2147","45065",0,0,0,5.25744058045737,0,0,3.77862808533394,0,0,0,0,4.54025166026323,0,4.04450792260865,0,2.85010160714682,0,0,0,0,0,0,0,0,0,0,0,0,0,0,0,41.8995889180654,NA,NA,NA,NA,NA,NA,NA,NA,NA,NA,NA,NA
"2148","45067",0,0,0,0,5.8621602337794,0,0,0,0,0,0,15.6544974638105,4.25753713510975,0,0,0,2.05850786896658,2.08341914081745,0,2.03051852649782,0,0,10.1730529580449,0,1.78653785622464,0,0,4.86543823908458,0,1.14096526782647,2.57603396230772,1.35029410555597,0.407263857612898,0,0,0.990701790244429,1.15753895789929,0.660407353608761,0,2.39495830600607,NA,NA,NA,NA
"2149","45069",0,0,0,0,0,7.2728236210439,0,0,0,4.93170705200987,0,0,0,10.5008850168322,4.30588903787338,0,2.2599680867536,0.942488240247017,1.6751638493845,0.77390489689326,0.750326483273944,0,0,3.71306939151804,4.90370620652797,0,1.61027714395191,0.473191547842142,0,1.44173830570993,0.513610588569259,1.11055119366155,1.72872343461797,1.12795431200745,0.544975966808033,0.541754196812531,0.560928507658883,1.19076308608141,0.633991833939369,1.97533958118646,0.651983915518156,1.27306608079548,NA,NA
"2150","45071",0,0,0,0,0,7.2728236210439,0,0,0,0,10.0058016399353,3.30744660355839,6.03713388180261,0,0,0,0,4.95502901190758,2.25246455373467,0,0,0,1.97100519355472,1.0476016862028,5.78931005196244,0.758098292698618,0,0,0,0,0.968364706537346,0,1.7497867734117,0,2.30506364049819,0,0,2.39112676708936,4.35918027996983,1.75307951141708,1.41379070915952,2.31726116377397,0,NA
"2151","45073",0,0,0,2.80455791705411,0,2.60546916009453,0,2.39243861116461,0,0,0,7.43805158753976,0,0,1.60827584118974,0,4.43476284139775,0,1.20732644103057,1.12928051021125,0,0,0,0,0,6.1913195262572,2.84026355334829,0,0,3.54910682039681,1.52750255526446,0,0,2.79088047901378,2.59859760097781,0,0,0,0,1.67562955772721,1.95229312522633,2.00540617649459,NA,NA
"2152","45075",13.760273867056,0,0.850552742681256,0,2.03224729585046,1.30780835111959,1.26833858081852,2.91543771289531,0.512863430941462,0.936334872688412,0,0.476679008541792,0.53132009340478,0.615779700168779,0.721734252278237,1.62831852306175,0,4.25406709870083,1.44629153688103,0,0,0,0.746490694820103,0,2.29846427177727,1.28734184387863,0,2.5886558344597,1.1765740652421,0,6.63566033552778,0.720963706398545,0.595211582996281,1.57522013266702,2.32984868653342,0,1.22889262123232,1.97058765927215,1.46984616843226,1.67345673909667,1.20724853208106,1.63690619199956,1.23733858685768,NA
"2153","45077",0,0,17.7241089402367,0,1.19918744114555,2.77570085779567,0.763154237124717,1.35949172194748,0.637649158504705,0,0.69173045537224,1.51317863187392,0,0.909085412906384,1.92491298347778,0.957459830060452,0,0.982687003111584,4.65364629665561,0.788040199692826,0,0,4.00860934367602,0,1.74560999934762,0,1.11360811008976,0.571806129695585,0,0,2.47889667385181,2.56287451138073,0,0,3.75823409956773,2.56151634027169,0.539819572344463,0,0,1.61502646653031,0.586158439747307,0,0.751288764350105,NA
"2154","45079",5.19740990655715,0.397290673905711,1.97837712132173,0,0.673373111009761,1.81149710266753,1.57200677718146,4.02215673730697,1.06654705206784,1.89611846213904,1.37148090785438,1.20747437215987,0.836475129516629,2.42334183942493,0.518950639468381,1.10142184742141,0,2.89017611087743,1.23201224026883,0.885548289447415,0.471300665175305,0,1.40186147093733,0.480412631327129,1.24224851559344,1.37820084787033,0.589042555080602,1.09358109606503,0.212863833060243,0,3.29388000180705,0.523385095509471,1.37415442048015,0.911731661882884,2.02825614980187,0.114285835759291,0.903861222078216,0.767861753440988,0.604253590763375,0.607079881235147,1.53303194497608,0.86554910882825,0.639501315841837,NA
"2155","45081",0,0,0,0,0,0,0,0,0,0,34.1314925026599,0,11.0440446642171,0,0,2.01492689993991,0,3.62461866837965,0,0,0,0,2.36684479135101,2.55299151112521,2.35796845807428,0,1.84036219330964,3.16269496889569,0,0,6.8506492703989,0.874615148974531,2.7285436685043,2.62654903326739,2.81235289456616,1.57253170033248,0.26773844785672,0,1.57094507573195,1.34513962505384,3.10276659835551,0.691876218593599,0.212475623684075,NA
"2156","45083",5.3593048205652,2.69871990544466,7.58746065312427,0,4.81781429627097,2.44681916116881,1.4931228467092,1.52981716546584,1.82831112283799,1.80900625127544,1.00103387425583,1.80806719428423,1.93136275572081,0.436281941539953,1.76040256149042,3.77740457722202,0,1.68684656807553,0.891463190819261,1.51992634642423,0.293287507436197,0,1.31138365276837,0.090367357481264,0.819008411652475,0.580049479063771,0.909654292670582,0.287262334427729,0.949267520724316,0,1.55124936795008,2.0175434477593,0.199607095169145,0.992802345707553,1.18016269512574,1.162883043402,0.578428211790411,0.786279309360412,4.62192049451035,1.23167498066738,0.913853277731245,0.702690148790323,0.782886331722804,NA
"2157","45085",3.73187737416727,6.959415109981,2.01128726708172,0,0,7.72325744043358,2.35346672551901,1.17316561225827,1.19479063110358,1.84884261736134,3.1270214048888,1.29716876728312,0.504771690215289,0.120275556821779,1.22454671916739,1.86792223334232,0,2.63537955489646,1.83994795230944,0.415742885858954,0.199105342709571,0,0.923081495382429,0.663425983796401,1.0688884020879,1.33966206004857,0.863180405246588,0,0.741263272885195,0,4.46812127375079,0.197892923199365,0.3740365558737,0.73274700945532,0.188558843183916,0.208083393886631,1.19972916885295,0.824699323035027,1.50811390539012,0.623252135513302,5.08065137723276,0.679898270290398,2.40168064148978,NA
"2158","45087",0,0,0,0,10.2861407168863,0,0,4.75111235154578,1.83427624882549,4.14204374149842,2.03476901546595,0.807661046807244,2.05133915427548,0,2.32034034776068,0.548662217112662,1.06941352652443,0,0,0.674098475634426,0,0,0,0,2.86093277733961,0,0,0,0,5.40280304997419,0,0,0,0,0,6.99490497682571,0,0,0,0,NA,NA,NA,NA
"2159","45089",0,0,5.35623193094833,0,0,0,3.72919312407338,8.64018730534858,0,4.14996135548906,1.02473173099628,0.849624015073226,0.773054412838427,0,1.62160779484812,0.852690375793828,0,0,0,1.47101777836822,3.2902961535207,0,1.54417970659592,1.41727269717043,1.29603204559007,5.38925252087769,0,0.729818399213354,3.77920711837215,2.53176742161597,2.76011935540407,3.26279342561808,0.692032967601158,0.200949737875128,0.96192336738671,0.393117573571045,1.85814956962887,2.44023111008875,0.379671263348227,0.183113699639704,NA,NA,NA,NA
"2160","45091",7.55603682961148,4.59683468545134,4.54010479150873,0,0.371763082188279,3.91168679160402,1.3764536205388,1.65312287777086,2.59120467883547,1.65400496283959,0,0.971330444285479,1.10363286854891,0.565163427272925,1.46305210607403,1.88509939668288,0,1.66026700814547,0.675873733711645,0.273777844453641,1.00669615686794,0,0.703716306765102,0,2.58146586151435,0.494698596236505,1.24891545438113,0,0.775191868754348,0,2.15408132573663,1.58821105654225,0.315054022542676,1.54256532491957,1.17905083904068,1.39607474063922,0.535388907951793,2.30659931990541,2.94813232183527,0.961234697108942,0.68075748139935,0.323029621153503,0.166481685476685,NA
"2161","46003",0,0,0,0,0,0,0,0,0,0,0,0,0,0,0,0,0,0,0,0,0,0,0,0,0,0,0,0,0,0,0,0,0,0,0,0,0,0,NA,NA,NA,NA,NA,NA
"2162","46005",2.32178982821869,0.660844105311043,0,0.466033897804141,0.956032595276016,0,2.38509173547036,0,0,0.764942986498618,0,0,0,0,0,0,0,0,17.0427104992455,0,0,0,0,0,0,0,0,0,0,0,0,0,0,0,0,0,0,0,0,0,0,0,0,NA
"2163","46009",0,0,0,0,0,0,0,0,0,0,0,0,0,0,41.8189999421519,0,6.38909939715184,0,0,0,3.29105429725187,0,0,0,0,0,0,0,0,0,0,0,0,0,0,0,0,0,0,0,0,0,0,NA
"2164","46011",0,0,0,0,0,0,0,14.0040270250776,0,0,5.20437410910821,0,3.28972208384641,4.92863797444364,0,0,1.52573069109999,0,3.1226287331593,1.46485354814668,0,0,0,0,0,0,0,0,0,0,0,38.9620223644328,0,3.45390459719913,0,0,2.08258467452723,0,0,0,0,NA,NA,NA
"2165","46013",0,0,5.35623193094833,0,0,0,0,4.58415299195226,0,4.048187752445,5.79837246105659,1.94707794826498,2.7883458101196,0,3.6929627480074,0,0,0.770157011187155,0,0,0,0,0,3.91105854861252,0,7.95121308903359,2.60218614591567,3.46994842575216,0,0,6.78810908012136,0.741851141938162,0,1.1539129791458,0,0,0,1.86096228467802,6.67595846957378,2.19325239954881,4.53487848082803,2.72097330985572,1.49751676545934,NA
"2166","46015",0,0,NA,NA,NA,NA,NA,NA,NA,NA,NA,NA,NA,NA,NA,NA,NA,NA,NA,NA,NA,NA,NA,NA,NA,NA,NA,NA,NA,NA,NA,NA,NA,NA,NA,NA,NA,NA,NA,NA,NA,NA,NA,NA
"2167","46017",0,0,0,0,0,0,NA,NA,NA,NA,NA,NA,NA,NA,NA,NA,NA,NA,NA,NA,NA,NA,NA,NA,NA,NA,NA,NA,NA,NA,NA,NA,NA,NA,NA,NA,NA,NA,NA,NA,NA,NA,NA,NA
"2168","46023",0,0,0,0,0,0,0,0,0,0,0,0,40.6838341098687,0,0,0,0,0,7.27281780591854,0,4.90026692006289,0,0,0,0,0,0,0,0,0,0,0,0,0,0,0,0,41.9213223979939,0,0,0,0,0,NA
"2169","46025",0,0,0,0,0,0,0,0,0,0,0,0,0,0,0,0,0,0,0,0,0,0,0,0,0,0,0,0,0,0,0,0,0,0,0,0,NA,NA,NA,NA,NA,NA,NA,NA
"2170","46027",5.3593048205652,0,0,0,0,0,0,0,17.5590617285494,0,0,0,0,0,0,0,0,0,0,0,0,0,0,0,0,0,0,0,0,0,41.9273063514557,0,0,0,5.25744058045599,0,NA,NA,NA,NA,NA,NA,NA,NA
"2171","46029",0,0,0,0,5.8621602337794,8.23997229269908,2.51761227198082,0,0,1.47338822388613,2.82488955885793,1.29309133826973,1.17478021915167,1.07631867311483,1.00796105582347,0,0,0,0,0,0,4.97785018130828,0,0,0,0,0,0,0,0,0,27.459102651283,0,0,0,0,0,0,0,0,0,27.4621557485805,NA,NA
"2172","46031",0,0,0,0,0,0,0,0,0,0,0,0,0,0,0,0,0,0,0,0,0,0,0,0,0,NA,NA,NA,NA,NA,NA,NA,NA,NA,NA,NA,NA,NA,NA,NA,NA,NA,NA,NA
"2173","46035",9.50379865884122,0,0,0,0,0,0,0,0,0,23.8883658819204,0,0,0,0,0,0,0,0,0,0,0,0,0,0,0,0,0,0,41.9271145325661,9.50379714123673,0,0,0,0,0,0,0,0,0,23.8883658819204,0,0,NA
"2174","46037",0,0,12.798633678712,7.90717182009728,0,0,NA,NA,NA,NA,NA,NA,NA,NA,NA,NA,NA,NA,NA,NA,NA,NA,NA,NA,NA,NA,NA,NA,NA,NA,NA,NA,NA,NA,NA,NA,NA,NA,NA,NA,NA,NA,NA,NA
"2175","46039",0,0,0,0,0,0,0,0,0,0,0,0,0,0,0,0,0,0,0,0,0,0,0,0,0,0,0,0,0,0,0,0,0,0,0,0,0,NA,NA,NA,NA,NA,NA,NA
"2176","46041",0,0,0,NA,NA,NA,NA,NA,NA,NA,NA,NA,NA,NA,NA,NA,NA,NA,NA,NA,NA,NA,NA,NA,NA,NA,NA,NA,NA,NA,NA,NA,NA,NA,NA,NA,NA,NA,NA,NA,NA,NA,NA,NA
"2177","46043",0,0,0,0,0,0,NA,NA,NA,NA,NA,NA,NA,NA,NA,NA,NA,NA,NA,NA,NA,NA,NA,NA,NA,NA,NA,NA,NA,NA,NA,NA,NA,NA,NA,NA,NA,NA,NA,NA,NA,NA,NA,NA
"2178","46047",0,0,0,0,0,0,0,0,0,0,0,0,0,0,0,0,0,0,0,0,0,0,0,0,0,0,0,0,0,0,0,0,0,0,41.9273077940323,0,NA,NA,NA,NA,NA,NA,NA,NA
"2179","46049",0,0,0,0,0,0,0,0,0,0,0,0,0,0,0,0,0,0,0,0,0,0,0,0,0,0,0,0,0,0,0,0,0,0,0,0,0,0,NA,NA,NA,NA,NA,NA
"2180","46057",0,0,0,0,0,0,0,0,0,0,0,0,0,0,0,0,0,0,41.9271145325661,0,0,0,0,0,0,0,0,0,0,0,0,0,0,0,0,0,0,NA,NA,NA,NA,NA,NA,NA
"2181","46059",0,0,0,0,0,0,0,0,NA,NA,NA,NA,NA,NA,NA,NA,NA,NA,NA,NA,NA,NA,NA,NA,NA,NA,NA,NA,NA,NA,NA,NA,NA,NA,NA,NA,NA,NA,NA,NA,NA,NA,NA,NA
"2182","46065",0,0,0,0,0,0,0,0,20.1118374377734,8.49011672233275,0,0,0,0,0,0,6.69526754183247,0,0,4.88498290183117,0,0,0,0,0,0,0,0,0,26.923166786406,9.01766199682232,0,0,0,0,0,0,6.69538653889386,5.59755027456136,11.4985456817924,0,0,NA,NA
"2183","46067",0,0,0,0,0,0,0,0,0,0,0,0,0,0,0,0,0,0,0,0,0,0,0,0,0,0,0,0,41.9273077940323,0,0,0,0,0,0,0,0,NA,NA,NA,NA,NA,NA,NA
"2184","46069",0,0,0,0,0,0,0,0,0,0,0,0,0,0,0,0,0,0,0,0,0,NA,NA,NA,NA,NA,NA,NA,NA,NA,NA,NA,NA,NA,NA,NA,NA,NA,NA,NA,NA,NA,NA,NA
"2185","46073",0,11.0886817491692,0,0,0,0,2.52992741322592,0,0,0,0,0,0,9.41246804922516,6.48096328567696,0,0,0,0,0,0,0,0,0,0,NA,NA,NA,NA,NA,NA,NA,NA,NA,NA,NA,NA,NA,NA,NA,NA,NA,NA,NA
"2186","46079",0,0,0,0,0,7.2728236210439,0,0,0,0,0,0,0,13.960088798881,0,0,0,0,0,0,0,14.0010617376251,0,0,0,0,0,0,0,0,0,0,NA,NA,NA,NA,NA,NA,NA,NA,NA,NA,NA,NA
"2187","46081",0,3.45810439938785,4.39785546073277,1.53382354323512,0,3.24829767656556,0,0,0,0,0,0,0,0,0,0,0,0,0,0,0,0,0,0,0,0,0,0,0,0,0,0,0,0,0,0,0,0,NA,NA,NA,NA,NA,NA
"2188","46083",9.50379865884122,0,3.13125374550534,2.30189591096804,0,1.72490210640651,8.05073243525242,4.98925352474078,1.09375903181204,0.840375719131336,0.729597313817237,0.350780229382932,1.08767861551911,1.51506764657487,0.776928599149236,1.9228907936099,0.369201349938076,2.43917371556139,1.26240015110011,1.4275535150856,2.51912683935118,1.30276727873623,1.15020325408432,1.55711977321136,0.642078639468518,0.780665751315265,0.6326783965137,0.82696798496391,1.04707173006582,1.09076349159123,1.64357545464421,0.535334696416465,0.533799800469684,0.368836791673713,0.988866209392538,1.87659439233114,1.24913916014213,0.609196119180586,1.18850339130868,0.196938395212675,NA,NA,NA,NA
"2189","46085",0,0,0,0,0,0,0,0,0,0,0,0,0,0,41.8189999421519,0,0,0,0,0,0,0,0,0,0,0,0,0,0,0,0,0,0,0,0,0,41.9273073131734,0,0,0,0,0,NA,NA
"2190","46087",9.50379865884122,0,0,0,0,0,0,0,0,0,0,0,0,0,0,0,0,0,0,0,0,0,0,41.9273077380907,0,0,0,0,0,0,0,14.0040270250776,0,0,0,0,0,0,0,0,0,0,0,NA
"2191","46089",0,0,0,0,0,0,0,0,0,NA,NA,NA,NA,NA,NA,NA,NA,NA,NA,NA,NA,NA,NA,NA,NA,NA,NA,NA,NA,NA,NA,NA,NA,NA,NA,NA,NA,NA,NA,NA,NA,NA,NA,NA
"2192","46091",0,0,0,0,0,0,0,0,0,0,0,0,0,0,0,0,0,0,0,0,0,0,0,0,0,0,0,0,0,0,0,0,0,0,0,NA,NA,NA,NA,NA,NA,NA,NA,NA
"2193","46093",0,0,0,0,0,0,0,0,0,0,0,0,0,0,0,0,0,0,0,0,0,0,0,0,0,0,0,0,0,0,0,0,0,0,0,0,0,0,0,0,NA,NA,NA,NA
"2194","46097",0,0,0,0,0,0,0,0,0,0,0,0,0,0,0,0,0,0,0,0,0,0,0,0,NA,NA,NA,NA,NA,NA,NA,NA,NA,NA,NA,NA,NA,NA,NA,NA,NA,NA,NA,NA
"2195","46099",0,0,7.95984674510181,1.93013710217134,0.958411557563367,1.19841896748081,1.42148033044499,0.989626084545592,0.953498892408339,2.70430828698129,3.5648479966576,2.74583442126048,1.94706124772269,2.67116613228818,3.1899343046098,1.70756042344515,3.33990557640295,1.88581197491887,2.52192361801142,2.205354149913,1.84620043757097,2.16610818020713,1.62202279604039,2.00025324802213,1.35647442675345,0.85287507448513,1.03408357269894,0.728197627501067,0.371821463529003,0.592096135628584,0.872215380963368,0.899654876711907,0.85026026682385,1.11970664465453,0.748655473526738,0.34696808332266,0.832529733233702,0.68055710747008,0.882124253304463,0.893354174497626,0.633131053134567,0.378871031077834,0.608867088116035,NA
"2196","46101",0,0,0,0,5.8621602337794,0,0,0,0,5.46005000151352,0,0,7.72691751715007,0,0,0,2.29030570986872,0,NA,NA,NA,NA,NA,NA,NA,NA,NA,NA,NA,NA,NA,NA,NA,NA,NA,NA,NA,NA,NA,NA,NA,NA,NA,NA
"2197","46102",0,0,0,0,0,0,0,0,0,0,0,0,0,0,0,0,0,0,0,0,0,0,0,0,0,0,NA,NA,NA,NA,NA,NA,NA,NA,NA,NA,NA,NA,NA,NA,NA,NA,NA,NA
"2198","46103",0,0,0,0,10.2861407168863,0,2.72387774621534,2.0899797772899,0,0,1.70707708396741,0,0,0,0,0,0,8.24620598691348,6.21949044803433,0,0,2.7871068980548,0,0,2.64185152080887,0,0,0,3.4944783994443,0,0,0,0,0,6.6309256594468,0,0,0,0,5.678732201446,0,4.25181845370518,0,NA
"2199","46109",0,0,5.35623193094833,0,3.29763030713821,2.61974825005136,0,0,0,0,0,0,0,0,0,0,0,0,0,0,0,0,0,0,0,0,0,0,0,0,0,0,41.9273077940318,2.86260695800588,1.57264598719145,0,NA,NA,NA,NA,NA,NA,NA,NA
"2200","46111",0,6.38923392032348,0,3.09723040497987,0,0,0,0,0,0,0,0,0,0,0,0,0,0,0,0,0,0,0,NA,NA,NA,NA,NA,NA,NA,NA,NA,NA,NA,NA,NA,NA,NA,NA,NA,NA,NA,NA,NA
"2201","46115",0,6.38923392032348,3.73038711983005,0,0,0,0,0,0,0,0,0,0,0,0,0,0,0,0,0,0,0,0,0,0,0,0,0,0,0,0,0,NA,NA,NA,NA,NA,NA,NA,NA,NA,NA,NA,NA
"2202","46117",0,0,5.35623193094833,11.657412708784,0,1.20337563542828,0.999085599298944,0,0,0,NA,NA,NA,NA,NA,NA,NA,NA,NA,NA,NA,NA,NA,NA,NA,NA,NA,NA,NA,NA,NA,NA,NA,NA,NA,NA,NA,NA,NA,NA,NA,NA,NA,NA
"2203","46119",0,0,0,0,0,0,0,0,0,0,0,0,0,0,0,0,0,0,0,0,0,0,NA,NA,NA,NA,NA,NA,NA,NA,NA,NA,NA,NA,NA,NA,NA,NA,NA,NA,NA,NA,NA,NA
"2204","46121",0,0,0,0,0,0,0,0,0,0,0,0,0,0,0,0,0,0,0,0,0,0,0,0,0,0,0,0,0,0,0,0,0,0,41.9273077940323,9.50379865884122,0,0,NA,NA,NA,NA,NA,NA
"2205","46125",0,0,0,5.25744058045737,3.96894916870393,0,2.51693394390719,0,0,2.17559918412794,0,0,0,0,0,0,0,0,0,0,33.8505392313049,0,0,12.7861871651604,7.90619611781044,0,1.69413272007979,0,0,0,0,2.4966229975657,0,0,0,0,NA,NA,NA,NA,NA,NA,NA,NA
"2206","46127",0,0,0,0,0,12.3954918704862,0,0,0,0,0,0,0,0,13.2179162503226,0,5.97329158904785,0,0,0,0,4.02311312657306,3.75329900574993,2.9265103167958,0,0,1.94378104601855,5.12087577296179,1.34900293314696,0,0,2.12222348375862,3.00481375551821,0.893627341028154,2.3438593942098,3.77195633425972,1.92701795222312,0.394164198158163,NA,NA,NA,NA,NA,NA
"2207","46129",9.50379865884122,0,8.17299498612728,0,0,0,0,0,0,0,0,0,0,0,0,0,0,0,0,0,0,0,NA,NA,NA,NA,NA,NA,NA,NA,NA,NA,NA,NA,NA,NA,NA,NA,NA,NA,NA,NA,NA,NA
"2208","46135",19.617755579559,0,3.28657271765495,2.3112281030795,1.78321562509725,0.751053400344789,2.00595832187651,0,2.38342512420724,0,1.14574100578805,0.583758099753907,0.612032991761566,0.656989650396368,0,1.63695942061552,0,0,1.18919576631488,0,0,0,0,0,0,12.9890814283809,0,3.1291636159049,0,2.01962527724089,0,0,0,2.50606771146167,0,2.91675235209884,0,NA,NA,NA,NA,NA,NA,NA
"2209","47001",0,0,9.4989667055933,0,2.29404865780024,1.83633254186686,1.54191756739217,0,4.93562081716862,0,0,0,0,0,0,2.62469093225392,0,0,0,4.69440948994754,0,9.34991261052503,0,0,1.4597244043052,0,0,0,0,11.8638552246825,0,2.41319983158883,0.93856010230198,0,0.812549574574377,0,0,3.54195163303818,1.19983033478656,0,0,0,2.74377490307843,NA
"2210","47003",0,0,0,0,0,7.2728236210439,9.66091208580522,5.11951667063292,0,2.44606268835866,0,0,2.05584072212413,2.05312179174949,1.91171714428786,0.858854838149708,1.54916433195372,2.06600556589732,1.80191319482165,1.05845966630591,0,3.7064184129284,2.73253354268804,2.47888315686327,5.15630179194736,0.805468275610577,3.53494765832493,0,2.12076085799811,0.613532926621832,0.881767556759225,0.661316192877549,0.459797013744857,0.167605483200771,0.193326392368054,0.466274246215718,1.54453693737889,1.41681372577168,1.13233755060113,0,NA,NA,NA,NA
"2211","47005",9.50379865884122,4.20373720110854,0,0,2.00084434152726,0,0,0,0,0,0,0,0,0,0,0,0,0,0,0,0,0,0,0,0,0,0,41.9273077428688,0,6.3892339203142,0,0,0,0,0,0,7.832702021354,0,0,NA,NA,NA,NA,NA
"2212","47007",0,0,0,0,0,0,0,8.40581537701601,0,0,0,0,0,0,0,29.9685641016175,0,0,0,0,1.31881986288262,1.48437831065278,1.59315617903382,1.56609115586613,0,38.7213335991597,6.91003221660081,0.01545954114607,0.0230070668917556,0,0.0111815104079224,0.0406986420813719,0.0370057183040117,0.0281019952634948,0.0470283199490757,0.169994947751202,0,NA,NA,NA,NA,NA,NA,NA
"2213","47009",9.50379865884122,4.20373720110854,0,2.05881324952678,3.30573000291235,3.77979698709845,0,0,10.6597138064725,1.2681490196049,1.23022320399647,0.255271604398631,0.241009028925012,0.503779781879936,0.565108986487537,0.982040425731229,0.37838770635329,0.861222657741093,0.476843387040153,0.524141967266663,0,0,0.852432324882101,0,0,0,0,0,0,0,0,25.9822260680202,4.99355592272434,8.9311959843569,0,0.951647894156307,0.821918383712675,0,0.850442513397391,1.84173852001432,4.39043450010934,0,4.26606281821058,NA
"2214","47011",0,3.45810439938785,2.3206362711029,3.36447716593153,1.28937259270726,0,3.00331413213074,0,1.74086825475988,3.14626899907659,2.59884780079561,1.57125808484608,0,0,0.915334620414484,1.00240691614211,1.62789827948903,0,1.77796253356719,0,0,0.711564952838558,0.816704710399909,0,0,2.75720549172305,4.03704256938722,0,0,0,0,1.36575988462468,3.10246883952616,1.52447004271949,2.65060652590157,2.13024533517064,0.874827173018641,1.52183421146864,0.695680018315737,1.9646143504886,0,0.641271882128476,1.97051432684885,NA
"2215","47013",0,0,0,0,5.8621602337794,0,0,0,0,0,0,0,8.30404594902919,0,0,5.06011514293188,0,8.51283800736343,1.8351777333502,0,0,1.21169384069175,1.24642691104302,0,0,0,2.13773651762579,0,2.64719355559167,0,0,0,0,0,5.32144705092579,0,0,0,4.88049403077872,3.87392044705733,0,0,2.49469037088773,NA
"2216","47015",9.50379865884122,4.20373720110854,0,2.05881324952678,0,0,1.90465863509953,0,0,4.87581420419334,2.10625279724022,0,0,0,0,0,0,0,0,0,0,29.7800850587679,9.19087331017431,0,0,0,0,6.49164472663452,0,0,0,2.53166786422387,0,0,2.89492155789284,0,0,0,0,NA,NA,NA,NA,NA
"2217","47017",0,3.45810439938785,0,0,2.08260457966999,0,2.17796658369212,0,0,0,0,3.76910448506639,0,3.80385570665188,3.03913148769264,0,0,4.02620705051137,0,0,1.76288354476553,1.7359126379238,0,0,1.89505112106201,0,0,4.67028699822729,0,0,0,0,0,6.58466188764981,0,0,4.68027238125509,0,0,0,0,0,12.5497198678036,NA
"2218","47019",0,0,0,0,0,12.3954918704862,0,0,0,0,0,0,0,0,0,0,0,0,39.5118218128904,9.46336987565889,0,0,0,0,0,4.64153183562935,4.33414115354549,8.35623033362013,3.19613076842367,0,0,0,0,1.27542214365681,1.56283009800197,0,0,NA,NA,NA,NA,NA,NA,NA
"2219","47021",0,1.80342412118814,2.56258366335349,0,0,0,1.22686015861093,0,3.39505906728975,1.65797964909154,0,0,1.50026962088759,1.52230644664819,0,0,0,4.29478906016051,3.81705167619128,0,1.33285613889349,0,1.21606835369252,0,0,1.70269699173062,1.8760340452593,1.85280640524397,0,0,0,9.94909685003613,4.26803084186458,2.73533790629424,0,1.28286397897825,1.17324590643129,0,1.60035128253701,0.827957158899436,0,2.28675053644103,1.34480266329541,NA
"2220","47023",0,0,0,5.25744058045737,0,0,0,0,5.09017922955181,0,0,7.68592997888361,2.63471758310424,0,0,1.66810576609026,0,0,0,0,0,0,0,0,18.7601931044527,0,0,9.40067649115377,0,2.29284242940228,0,1.76308357454192,0,0,0,0,0,0,0,0,0,0,0,NA
"2221","47025",0,0,5.35623193094833,0,0,0,0,0,0,0,0,0,0,0,0,0,0,41.817883229503,0,11.088478120359,0,2.19523693070222,0,0,0,0,0,0,0,0,0,0,0,0,0,0,0,0,0,0,0,0,NA,NA
"2222","47027",0,0,0,0,0,0,9.82330751988082,0,0,0,0,10.1757512559114,0,0,2.51784509782245,0,0,0,0,0,0,0,0,0,0,0,0,0,0,0,0,0,0,NA,NA,NA,NA,NA,NA,NA,NA,NA,NA,NA
"2223","47029",0,0,0,0,0,0,0,0,0,0,0,0,0,0,0,41.900739498203,0,6.38920785269323,0,0,0,6.10305375736407,0,0,5.98722697771039,4.23432746885771,0,0,0,0,0,4.46625318992352,0,0,0,0,3.91619002775792,0,0,0,0,0,9.51770850308673,NA
"2224","47031",0,0,0,9.34328727054725,0,2.48247901225698,1.96516082512086,3.11524912776149,0,0,3.44162333562016,0,1.04234595293903,0,0,1.30772801260535,0,1.75369459132597,6.55955566055394,1.23591948085712,1.89339917852122,0,0.734666231327577,0,3.1528048802705,1.51978602135818,2.69867246997315,0.576547095774035,0.521357986381694,0,1.08456729553211,0.593876444016901,0,1.55735904613056,2.46638544237392,2.27686480566409,NA,NA,NA,NA,NA,NA,NA,NA
"2225","47033",2.32178982821869,0,0,0,0,1.35350515915512,0,0,2.75018860417611,0,0,0,0,0,10.6522506879488,NA,NA,NA,NA,NA,NA,NA,NA,NA,NA,NA,NA,NA,NA,NA,NA,NA,NA,NA,NA,NA,NA,NA,NA,NA,NA,NA,NA,NA
"2226","47035",0,3.45810439938785,0,5.58735666201947,0,0,3.47735043284707,0,1.96931104612378,2.63977381794702,1.50736911918004,3.6828216778276,0.494043534052859,1.28138261182575,0,2.32866947595192,0.378275375209166,0.385174501460932,1.97138956548818,0.395078902157516,0.804830295524118,0.418190352101304,3.34733496858562,0,0.762265546773018,0.759352624228352,0.392700452631207,0.425880312713334,0.480914831370016,0.557464604273797,0,1.56733185897013,4.76735069932902,0,0.61482795926611,0.58062709879235,1.15321061002373,2.27403238892391,0,0,0,4.06199070044208,2.48343028270207,NA
"2227","47037",0,3.66596755512,0.115831539685968,0.882948234173655,0.442773918276252,1.5135567729286,0.441585245314484,1.26125218273544,2.49425159859913,2.95151834749781,2.03097241180627,0,0.791981730865922,0.835980522804111,0.261899743146611,1.0940376904253,0.998853446850955,1.05836214251762,0.827167842280185,1.19434497686499,4.13042529117401,0,0.406401291243791,0,3.46139135862551,0,1.99140670082919,1.99268350542324,0.386427310583456,0.440584586965895,0,2.36040140825581,0.864590533129334,1.39747609624519,1.07794590400917,1.0506273506305,0.45202932545759,0.724703624909394,1.65358697578914,0.426064502689256,1.31618671020373,1.41445983367091,0.995385165801273,NA
"2228","47039",0,0,0,0,0,0,9.82330751988082,6.54543167428919,0,0,0,0,6.47641671395051,0,0,0,0,0,0,0,0,0,0,0,0,0,0,0,0,NA,NA,NA,NA,NA,NA,NA,NA,NA,NA,NA,NA,NA,NA,NA
"2229","47041",0,0,10.6788962720551,0,0,0,1.38309140737529,0,0,0,2.74101474222716,0,3.17234346624126,1.41444676774051,0,0,1.29296893253868,2.64507341799845,1.26147529100752,3.31909131240335,3.4397661135582,NA,NA,NA,NA,NA,NA,NA,NA,NA,NA,NA,NA,NA,NA,NA,NA,NA,NA,NA,NA,NA,NA,NA
"2230","47043",2.86260695800588,0,0,2.28317675318105,2.07525478632628,1.85685261876176,0,0,4.81532011683459,0.693639398891772,1.22244874058473,0.559118580357017,0.543683217196171,0.560552613792603,0.605951484850914,1.96084203290797,0,1.42848314089647,0.725576029494888,0.739046194280614,0,0,2.92451180787179,0,3.96536953893098,1.67392980393194,2.05372133386463,1.6868112785046,0.48784474766088,0,0,5.10031172068398,3.02629139622437,0.3500359950708,0.608873624555937,1.1294158394851,0.278379900956394,0.295966327103824,0,0.815784290909347,1.46167006146275,1.61248622098362,1.0801841695732,NA
"2231","47045",0,0,0,2.80455791705411,0,0,0,0,0,0,14.6472059935608,0,5.87620543439857,3.64199340001395,0,1.09832166095465,1.00841191383172,2.80928287072609,0.847879783389863,2.28126197520789,0.67640831833409,1.83940740275888,0,0,1.26639390274806,0,0,3.79378262267714,0,0,0,2.17399186698341,0,1.24478770696324,0,1.44689352072701,1.49375731711584,1.46349770009534,0,2.75143972588126,0,0,3.88303012513726,NA
"2232","47047",0,0,1.95162457285785,0,0,1.89522967157644,9.60500032349719,0,1.66974880218343,1.36098832664951,0,1.77638016556929,0.587906578214867,1.19431002179459,0.608987395465503,0,0.703809632054635,2.27639279068424,2.2289742022905,1.34415849773026,1.19433862149502,2.10471092787738,0.470925484975731,0,0.948680655786084,1.50238752352593,1.03602450363601,0.530603737048503,0.549266197002731,1.14383190066648,0,0,0,2.90984585454074,1.04544065388217,0,1.08627329178498,0,3.38061368265244,2.99660652258208,0,2.95282302570786,2.98873352636297,NA
"2233","47049",0,0,0,0,5.8621602337794,0,0,0,0,0,0,0,0,20.0213379241637,0,0,5.29630132043552,0,0,0,0,0,0,0,0,0,0,0,0,0,0,0,0,41.9214860782057,NA,NA,NA,NA,NA,NA,NA,NA,NA,NA
"2234","47051",0,0,0,5.25744058045737,3.96894916870393,0,6.74141539034579,0,0,2.47160890431191,1.13288549854837,3.96072066482987,0,0,1.51554022750932,0,2.43133500938035,0,0,4.36774231199189,0,0,1.51125862602401,0,0,0,0,4.83345452643815,1.5837729739795,0,0,1.33645769152749,1.35025900403912,0,0,0,5.87912828040001,3.24737911267239,2.41265707756585,0,0,0,0,NA
"2235","47053",0,6.38923392032348,0,0,0,0,4.02360274335763,0,9.73918607720529,0,0,1.48411852085455,1.38100080418908,3.72175441398903,1.04958023672908,0.915443508071671,0,2.48018131708813,1.54724876535881,0.724013744477849,0.697692646656538,0,0.76097975266338,0,2.89545867508281,0.985162367610995,1.8730612995812,3.21385854473418,0,0.617018434609497,0,0,1.58548587495807,0.913096679108061,2.8904949698887,2.58763492322079,0,1.95953620867794,0,1.19233879294868,1.77939584949484,1.1537703573651,1.64230228269127,NA
"2236","47055",15.495240879053,0,0,0,0,0,0,0,0,0,0,0,0,0,0,0,41.8684273266885,9.50314573082268,0,0,0,2.96787512843343,0,0,0,0,0,0,0,20.3879583038669,4.68567867063273,0,0,0,0,NA,NA,NA,NA,NA,NA,NA,NA,NA
"2237","47057",0,0,0,0,0,0,0,0,9.85568560923158,0,0,0,0,0,0,0,0,0,0,0,0,0,0,0,0,41.9244115001461,0,0,0,2.80455789914067,0,0,2.91890507042197,NA,NA,NA,NA,NA,NA,NA,NA,NA,NA,NA
"2238","47059",9.50379865884122,2.21279899337513,2.7774226102444,1.02284975166169,0,0,0.952984170206831,0,3.73576165586194,3.43847645678841,0.936979175994204,0,0,0.812088365883885,0,1.10150250917832,2.51280815351369,2.45847494664336,3.07924146910647,0.81991441081111,0,0.691339630960144,0,0,1.04475690887479,1.28087859342521,1.45283444679689,0,6.77017409121675,1.97458525545884,0,0.685310843021486,1.92732992915501,0,0,0,0.922916121004984,1.12127095757662,1.29132725538275,0,0,0,0,NA
"2239","47061",0,0,0,5.25744058045737,0,0,6.93247823176038,4.71303272847269,3.08464386211382,3.15283872359715,0.78425897340818,0,1.90738526495671,0.617541456791402,0,0.695598940295448,1.52532854551855,1.58947988554973,1.54827045087248,0,0,0,0.97681602586343,1.16291519721389,0,0,0,2.3406612359389,0,2.74024883741607,2.50145771208143,0,0,0,0,0,0,0,0,0,0,NA,NA,NA
"2240","47063",5.3593048205652,0,0,0,0,0,0,0,0,13.3604435975115,0,0,5.25580857418206,0,0,0,0,0,0,0,13.0113960490193,7.50742038139579,0,0,2.81511479011169,0,0,2.6430127591903,0,10.5913584434775,0,1.05321070826295,0,0,0.988301618352593,1.11968895734821,1.24623759467041,0,1.43123611346316,0,0,1.82359968407927,5.28554268785517,NA
"2241","47065",5.3593048205652,0,7.95493872715754,1.12920817106513,0,0.984779444666953,0,0,3.56990701575965,0,2.58968272727582,1.26483448837206,0.758743283368995,0.538004333763025,1.58126788127343,2.02221142043897,0,0.487401368735161,0.681534338660722,0.553758662259772,0.412872218307113,0.474309043398845,0.278038940828424,0,0,0.549634665735043,2.751849703049,1.47870143434581,1.40464343710243,3.56539045023711,0,2.13106359597986,1.49865907895452,2.29802280574949,0.292200813414497,1.36509976097936,0.785189940089469,0.779686077061595,1.05540744317706,1.07391924860078,2.11281749597027,0.993076306423592,1.82796846209627,NA
"2242","47069",0,0,0,12.6099043814729,0,1.86746375756996,1.48873368043137,0,0,0,0,0,3.40380878409182,0,0,0,0,0,0,0,0,0,0,34.1268514964458,0,0,5.34979120765513,6.7684305149979,0,0,0,0,5.94600420253307,3.28074286523523,1.26027201009841,1.98800320913212,0.827095150231254,NA,NA,NA,NA,NA,NA,NA
"2243","47071",0,0,0,0,0,0,0,0,20.1118374377734,0,0,0,0,0,0,0,0,0,0,0,0,0,0,41.8730838292281,0,0,0,0,0,0,0,0,13.2287174013405,0,0,0,0,0,0,0,20.9939752765448,0,NA,NA
"2244","47073",0,6.38923392032348,0,0,0,6.10305376245841,2.43146879279313,3.59970259382382,1.33552693693534,1.07965075597406,0.948116271986337,3.35093419595436,1.42425998871202,1.23478020915212,1.63600748595234,0.497738653521758,0,0.523009557388411,0.588183624968522,0,0,2.14977004457513,0,1.38843127602144,0,0,1.76197246887871,0,0,0,3.09740799855412,0,0,3.55232533902737,0,0,0,0,0,6.09329855992803,NA,NA,NA,NA
"2245","47075",0,0,0,0,0,0,5.56338728423038,8.92115003110707,2.69544567677653,1.79044774533071,2.61547072352233,3.85609486796916,0,0,0,0,0,0,0,0,6.1842551476816,0,0,0,5.16379080019167,3.95259709909646,5.32391710967216,1.78534055376483,1.33811255121769,0,0,1.18544260456047,3.65442547606544,0,2.14154491637836,1.88561731467289,NA,NA,NA,NA,NA,NA,NA,NA
"2246","47077",0,6.38923392032348,0,0,0,0,0,0,0,0,0,0,0,39.9714920324271,0,3.4552382455066,0,0,0,0,3.0629607182307,0,0,0,4.40580885150341,0,6.64634914644829,0,0,NA,NA,NA,NA,NA,NA,NA,NA,NA,NA,NA,NA,NA,NA,NA
"2247","47079",0,0,0,12.6099043814729,0,0,0,1.7529237257461,1.75040435478651,0,0,0,0,0,7.82161676711367,0,0,0,0,3.07765514258353,0,0,0,0,9.10827020303984,0,0,0,0,0,0,9.72226854605021,0,0,0,0,NA,NA,NA,NA,NA,NA,NA,NA
"2248","47081",0,0,0,5.25744058045737,0,0,0,0,0,0,0,0,0,0,0,0,0,0,0,41.9007099992035,0,29.3636950512243,3.03936452963881,7.42537872730643,0.224938477650422,0.175866410081845,0.162713832740432,0,0.203492103241834,0,0,0.57303799408214,0,NA,NA,NA,NA,NA,NA,NA,NA,NA,NA,NA
"2249","47083",0,0,9.4989667055933,0,0,0,0,0,0,0,0,0,20.1184410419409,0,0,0,0,0,7.27121830342606,0,0,0,0,0,7.16293995421863,0,0,0,0,0,0,0,0,0,0,0,0,40.6836521414488,0,0,0,0,0,NA
"2250","47085",0,0,2.86085361663031,0,0,0,2.88931809956773,0,0,0,0,0,0,0,0,0,0,0,40.718239001752,0,0,0,1.912289438685,0,3.83651200666178,0,1.67167253602131,0,0,0,2.12140143911131,0,0,0,NA,NA,NA,NA,NA,NA,NA,NA,NA,NA
"2251","47087",0,0,0,0,2.15491637715522,2.24133228115492,0,0,0,5.01906015138843,0,0,0,0,0,0,0,0,0,0,28.7166462537613,0,0,0,0,0,0,0,0,0,0,NA,NA,NA,NA,NA,NA,NA,NA,NA,NA,NA,NA,NA
"2252","47089",5.3593048205652,2.69871990544466,0,0,1.54673351904845,0,0,0,2.72142860471345,0,0,0,0,0,6.61645296047633,12.6777518517004,4.21740782773381,0,1.04507814746023,0.924019085325747,0.887648977628501,0.897808677037282,0,0,0,0,0,0,5.14349478501917,0,0,0,5.03124205503116,0,3.68741197711467,0,0,0,3.16034668206994,2.9819397530077,4.7053464579986,3.27600154372096,4.38107907959263,NA
"2253","47091",0,0,0,0,0,0,0,0,0,0,0,0,0,0,0,0,0,0,0,0,0,0,0,0,0,0,0,0,41.9273077940323,0,0,0,0,0,0,15.9172924009947,NA,NA,NA,NA,NA,NA,NA,NA
"2254","47093",12.1992231524396,2.29980788072495,2.37389819160663,2.05503661188492,1.36705567045078,0.480860120717216,1.14164447256211,3.96183953255199,1.57171612863026,1.74470310051877,1.70936564449217,0.641546304688051,0.101797800127571,1.64197081760885,0.421036869691465,2.55214366482895,0.510663483591764,0.889553538740026,0.681472547388191,0.496783600781769,0,0.491171925042377,0.147522281165999,0,1.20751806522796,0.898705810457134,3.84995182683771,0,0,0.820544094260815,0,2.22156457413589,0.338103907998012,2.08681725562771,0,1.36203928355184,0,2.45085204680643,2.30726572205778,1.46067924120785,0.779310190294797,1.65106857108857,1.2940368875646,NA
"2255","47095",0,0,0,0,0,0,0,0,0,37.0486516261846,13.3756140381136,0.465726508060029,0,0.139163240529683,0.140762377517463,0.479860306849399,0.393483639412441,0,0,0.951647796326307,0.618565592046004,NA,NA,NA,NA,NA,NA,NA,NA,NA,NA,NA,NA,NA,NA,NA,NA,NA,NA,NA,NA,NA,NA,NA
"2256","47097",9.50379865884122,0,0,0,7.79943994178951,0,1.63016847420125,1.39030035154499,1.23398990956581,0,0,1.34918233268825,0,0,5.86478357654351,0,1.51306380449938,2.57289424721567,1.09043634509737,0,0,0,1.34093834977472,0,3.73203003035056,0,0,3.45555358337717,2.92805931724282,0,0,3.2859557551148,0.997819222831427,NA,NA,NA,NA,NA,NA,NA,NA,NA,NA,NA
"2257","47099",0,0,2.86085361663031,0,0,2.41549883563406,4.43141108325405,6.32255637992259,1.06056439049599,0.812350454020462,0,0,0.794119150564839,1.80815124319212,0,0,0,0,0,0,4.19659115965892,0,0,0,0,0,7.18466645702951,0,0,0,0,0,0,0,NA,NA,NA,NA,NA,NA,NA,NA,NA,NA
"2258","47101",9.50379865884122,0,0,0,0,0,0,0,0,0,0,0,0,0,0,0,0,0,0,0,0,0,0,0,0,0,0,0,0,0,0,0,0,0,0,0,0,0,0,0,NA,NA,NA,NA
"2259","47103",0,0,0,0,0,0,0,0,20.1118374377734,0,10.7635824379283,2.84455954204344,0,0,1.57948142457282,1.5551870331095,0,1.62660905777563,0,0,1.999252772708,0,0,0,0,0,5.84730539823999,0,4.75112448677264,0,0,0,3.2676641337143,0,0,0,3.99453533106029,0,3.51082261977252,0,0,5.20906712156657,NA,NA
"2260","47105",0,6.38923392032348,3.73038711983005,6.63803475094375,0,0,2.15683901847079,0,0,0,1.49413809645875,4.76487478988,1.38069692783977,0,0,2.18485986753863,0,0,1.33508357848267,0,0,0,2.65147757880532,0,3.06348838100512,2.6837879645123,4.10704656458503,1.51736679462684,1.20854189100187,0,0,1.15640411169669,1.27566340385985,0,2.98293688610003,0,1.41122755415784,4.90749123310477,0.97134590651777,0,3.63966923091987,0,1.18245096275527,NA
"2261","47107",9.50379865884122,0,0,2.83242606908575,0,0,0,0,0,0,0,0,0,0,0,0,0,0,41.8176909754904,0,0,5.35621353786643,0,0,0,3.72919312026587,0,0,0,0,0,0,9.30482632343197,14.8037764772687,8.01937796731628,24.107796972486,0.915717884431222,2.12882280221197,0.25410516511424,0.152475762990899,0.234784222925227,0.266896052489593,0.327855859772399,NA
"2262","47109",0,0,0,9.34328727054725,0,0,0,2.47451458884449,2.35536974387205,3.98730405406978,2.99717194477171,0,0,0,0,0,0,0,0,0,0,0,0,0,40.9127264528353,9.48957397331402,0,0,0,0,0,0,0,0,0,0,NA,NA,NA,NA,NA,NA,NA,NA
"2263","47111",0,6.38923392032348,3.73038711983005,0,2.14548227446624,0,1.82631129371417,3.33411754969992,0,2.6292368027791,2.23459539607367,0.952513375164018,3.22266852644245,1.33054134958353,0.579647609631025,2.09642382675171,0.483151871599667,0.93534090473924,0.471006777167188,0,1.12188292065461,0.629638312825624,0.705903018089345,1.53083800749317,0.788268774310403,0,0,0.997985600662,0,2.69164008806111,1.38580947912592,1.31475256222912,0,0,1.33113162009957,1.42063225367976,4.10049375495484,6.10214668583767,2.04077735285406,NA,NA,NA,NA,NA
"2264","47113",9.50379865884122,0,3.13125374550534,0,0,0,4.93032586088947,4.14351414307611,7.91299807570198,3.09830839486353,1.05645021348533,0,1.18926417133753,6.98580299365441,0,0.845082213858285,1.6789332488472,0,0.533012671269872,1.68204859343531,0.966225871917299,0,0.434787537189717,0,2.73958294402091,0.849599843510195,0.286481635452626,0.874481373866751,0,1.93998739788822,0.670437461200853,0.350930011075366,0.746879173587206,1.18678410928625,8.13996238302181,0.722464453749728,0.752650138853296,0.165016887914976,0.324700953443806,0.351181036765798,0.409234789935305,NA,NA,NA
"2265","47115",0,0,0,5.25744058045737,0,6.80245581390704,2.33980043858218,0,0,4.32699410159376,5.5151979052568,0.798476056255218,1.26817416563409,0,2.10485530538454,0.507840964512329,0,0.569047194900438,0,1.53215585546682,0.868615000784894,0.943124937526021,0,0,1.23938457554306,0,1.63093810437966,0,0,0,0,0,0,0,0,0,0,0,38.183952069122,0,0,0,0,NA
"2266","47117",0,6.38923392032348,6.85120391027542,0,3.21228915188555,3.57146522078599,0,0,0,0,0,0,0,0,0,0,32.3874271748348,3.62467476110378,5.41926853295784,0,4.98660150852275,0,0,0,0,0,0,0,0,0,9.3493328208817,0,0,5.22786598212672,NA,NA,NA,NA,NA,NA,NA,NA,NA,NA
"2267","47119",15.495240879053,0,1.13611065526251,0,0,0.999068604992665,0,0,10.2126889536043,2.01977813181058,0.729571405578126,1.17656896726456,0.523602488059238,0,1.65355753334524,1.16238131335547,1.76440588827142,1.12609077454626,0.535655488551056,0,0,0.672705671509507,0,0,0,0,3.07529943383038,0,0,0,0,5.41850983613743,4.45001582419906,5.84974766473758,3.60839938528027,1.2388187239673,0,1.81058392587536,0,1.77559743334111,0,0,5.09554574752895,NA
"2268","47121",0,0,0,0,0,0,9.82330751988082,0,0,0,0,0,7.23446814202734,0,0,0,0,0,0,0,0,0,0,0,0,0,0,41.8730818350315,0,0,2.86084839028516,0,0,4.56783728088216,0,1.88315051316065,0,0,1.85659478767814,NA,NA,NA,NA,NA
"2269","47123",0,0,0,0,0,2.74128121753565,0,0,6.94052381261197,0,0,0,2.28991575327055,0,0,0,0,4.45555142205969,4.08624218107651,0,0,0,2.85749295171232,0,0,0,3.7898737220306,0,3.46997642957973,0,0,2.77578700013375,0,0,2.85689198143387,5.00025399829269,0,3.22111887574819,4.74591508095261,0.871201214372281,0.715876490937263,0,4.83573635064019,NA
"2270","47125",0,6.38923392032348,0,0,2.99910157542646,1.76706228253655,1.55948136719436,0,3.88437602487171,4.08580235998374,3.64096461292605,1.06777253024972,1.08303220840317,0.955636943033071,0.545519503805101,1.96864897427781,1.21088056324613,1.15952935628382,0.795436486428755,0.626650392549488,1.41145591118363,0.785502062474588,0,0,0,0,2.15079149301452,4.41248139122225,1.06812844570095,0.606258395303967,0,1.60711132203964,0.539448308848429,0.568894041290021,0.618036669214114,0.680074506315329,0.377398101509462,0.843215808699546,2.24865697561532,0,0.927360845128818,0,0.528670161535784,NA
"2271","47127",0,0,5.35623193094833,0,0,0,3.72919312407338,0,0,0,0,0,0,0,0,0,0,0,NA,NA,NA,NA,NA,NA,NA,NA,NA,NA,NA,NA,NA,NA,NA,NA,NA,NA,NA,NA,NA,NA,NA,NA,NA,NA
"2272","47129",0,0,0,0,0,7.2728236210439,9.66091208580522,0,2.09251189585303,0,0,0,0,0,0,0,9.80537979936949,0,0,0,0,0,0,0,0,0,0,34.1313588033761,0,0,0,0,0,0,0,0,0,NA,NA,NA,NA,NA,NA,NA
"2273","47131",0,0,5.35623193094833,0,0,0,0,0,6.12109975382502,5.10902888770068,0,2.87901221125069,4.24117687514729,0,1.39943009387485,0,0,0,0,2.55067878817089,0,0,0,0,12.7186227543574,0,0,0,0,0,0,3.84900587501386,4.02216333822663,3.16734438405114,0,3.80281930295346,NA,NA,NA,NA,NA,NA,NA,NA
"2274","47133",0,0,0,5.25744058045737,0,0,0,0,0,0,0,13.6022344910757,7.58603175976959,0,3.07815132374371,0,0,0,0,0,0,0,17.6570003078193,0,0,0,0,0,0,0,0,0,0,28.7801101349574,0,0,0,0,5.86112099955325,0,0,NA,NA,NA
"2275","47135",9.50379865884122,0,0,0,2.96787517096382,0,0,0,0,0,0,0,13.4686816617796,0,0,0,0,0,0,0,0,20.1105035496041,0,0,5.29639328938008,3.67234074836129,0,0,0,0,0,7.94092203383227,0,0,0,0,0,0,5.53392286498192,12.08097597877,0,0,0,NA
"2276","47139",9.50379865884122,4.20373720110854,0,0,0,0,0,6.97218521194341,0,0,0,0,0,0,0,0,0,0,0,0,40.6837273357029,0,0,2.86060608362852,0,2.222300671442,0,2.08870766099199,0,5.59742847226271,0,1.31528071722346,NA,NA,NA,NA,NA,NA,NA,NA,NA,NA,NA,NA
"2277","47141",0,2.3705768629988,0.859344977214641,1.43623296547868,1.29098179649749,2.3516792537425,0,0,3.74472254722305,3.22406060310096,2.18702786611018,3.57525394497455,0.426221611489876,0,0.553694535292545,0.394606230347495,4.83708456044537,0.182029422870948,0.336913322548626,0.165097943738776,0.34817752039104,0,1.19953857817008,0,0.36788517496177,0,0.576493514633447,0.710734487685829,0.849712510448393,0,0,7.121178743135,0,3.82096349607494,1.74589965012098,2.28787969368162,0.382761046537474,1.38541613255799,0.65769274059968,0.331783135145297,4.48571789480372,0,0.78539620858285,NA
"2278","47143",0,0,5.35623193094833,0,3.29763030713821,0,2.49490412867621,0,0,0,0,0,5.04166136944191,4.65738969761985,0,0,0,0,NA,NA,NA,NA,NA,NA,NA,NA,NA,NA,NA,NA,NA,NA,NA,NA,NA,NA,NA,NA,NA,NA,NA,NA,NA,NA
"2279","47145",0,0,0,0,0,0,9.82330751988082,0,0,0,5.11105633931234,0,6.78563125309051,0,0,0,0,0,0,0,0,0,0,0,35.3421874278585,9.36847721949913,4.19554233335711,0,0,0,0,0,0,0,0,0,0,0,0,0,0,0,41.8938338757482,NA
"2280","47147",9.50379865884122,7.64133496367432,2.07425218773497,2.32888513041479,0.722309050194202,0.320746395142842,0.632331722769214,0,1.15605814370759,2.91750150029748,2.34457860677694,3.204747454177,0,1.79812379175926,0.205997804356134,1.01527388400049,0.419544697211434,0.678449230663033,0.745370710291138,2.11457205086559,0.791186758696794,1.02987872394398,0,0,1.80074262913145,0.328622248582526,3.39139219248178,2.40775640259862,0.76254262195504,0.227361069357964,0,2.09208442797161,0,0.53300227992008,2.54578965973947,0.559332892781556,0.27789321286574,0,2.7309589970738,2.59206115099531,2.69604564245483,2.15369084856571,0.80168926703933,NA
"2281","47149",1.4818919181257,3.23082632844964,3.15121201420751,2.9592669729784,3.22167435949672,1.42766193832732,0.342798642463325,0,3.17428844754702,2.57099032809719,3.15639395180656,1.29528642596623,1.00423322447867,0.487756155058511,0.945907468596457,1.15543136502456,1.0363479576371,0.705617238810342,1.36067783738628,0.927250164893978,0.572033812512388,0.515862568552693,0.237369741368459,0,1.68261549264384,0.240447181254224,3.08137717606908,1.67006676043606,1.95714009055526,0.884326546821233,0,1.13510984152072,0.998284631121815,1.94159677891127,1.46352741381694,1.35855491438513,0.769031727842498,0.932327064973092,1.66628005022323,1.69078467051397,2.44117528957668,1.49637163437282,0.982421686885984,NA
"2282","47151",0,0,0,0,3.15138939200099,0,0,0,0,5.10956354244496,0,0,0,0,0,6.99417712248852,5.39709448540027,0,7.63050779205848,0,0,1.29050845100885,1.25531401082167,0,1.36278179093649,0,0,0,0,3.19093861404734,0,0,0,0,0,0,0,0,0,0,0,0,40.6827456073819,NA
"2283","47153",0,6.38923392032348,0,0,0,0,0,0,0,0,0,0,37.1207355971873,0,0,0,0,0,0,0,0,0,0,0,35.6259752175722,9.37391161723371,0,0,0,0,0,0,0,0,NA,NA,NA,NA,NA,NA,NA,NA,NA,NA
"2284","47155",0,6.38923392032348,0,3.09723040497987,6.48641529026055,0,0,0,2.50839405953138,1.2491205892293,1.21839055689638,3.30631866840913,0,0.879490707864761,1.6639942359169,1.56599635382812,0.741399789233239,1.42139852595638,0,0,0,1.01961823692934,0,0,0,0,7.27829782548425,0,4.92660602817757,4.89329980791769,0,4.34964928922563,0.673470644234284,3.75896348577358,1.2758384398841,0.364959224149193,0,0.726297183021903,0.402252944217038,0,0,1.51486719894261,5.6739560550202,NA
"2285","47157",4.48921823764608,3.51333451229978,1.88352708444907,1.14454004392617,0.876162289530486,1.66997318474894,2.53047297146309,0.879234068673354,0.760998674637008,1.52267590824427,2.88156736877185,0.0362542972269759,0.842170222930957,0.79747123945726,0.523400414528196,1.26729286038148,1.45750531361195,1.74231417300717,1.33039158490466,1.01928142655075,1.01475456547987,1.63546354920738,0.3788349190065,0,2.15438265552992,0,2.8682557225793,1.34408369009354,0.781293070008759,0.413277325844696,0,1.07257848621352,0.713194089472297,1.38898626644009,3.39820334951222,0.448027921105486,0.645866694419417,0.70478207248756,0.942253526399391,1.17959395652777,0.957134062157677,1.86668283136672,0.789907983218418,NA
"2286","47159",0,0,0,5.25744058045737,3.96894916870393,0,0,0,0,0,0,0,16.4124142928942,0,6.04049081317163,5.28578228496291,0,0,0,0,1.2714836963649,1.52950742207417,1.68927955721257,1.65005446572981,0,0,5.66572359551389,1.16019077982942,0,0,0,1.15122905999044,0,1.65891600551627,1.83568235951275,0,0,3.8079942311334,NA,NA,NA,NA,NA,NA
"2287","47161",9.50379865884122,0,0,0,0,3.5182408882082,3.36908651324275,0,0,0,0,0,0,6.65293198326392,5.58859060454961,0,0,0,2.94307710540538,0,0,3.20224987358083,0,0,0,0,0,0,0,12.9983946295806,NA,NA,NA,NA,NA,NA,NA,NA,NA,NA,NA,NA,NA,NA
"2288","47163",9.50379865884122,0,0,5.30637648407709,3.82020029031739,0,2.40871840078947,0,4.61174395618929,2.88361398329574,0,0.520623039098653,0,1.63307100232435,2.23593624778732,0.547964027199843,0.540088849486386,3.53984977532219,0.445708273732379,0.819184317385367,0,2.03953499152218,0.413419017748595,0,0,1.14460605159616,0,0,0,0,0,5.40109912834973,0,2.49435065031253,0,0,0,2.37046102136377,2.4429480908009,0,0,4.44821501194041,9.15039980630418,NA
"2289","47165",5.77935627074738,0,0.382973108046399,1.1777184878206,2.33749944158933,3.28390794653535,1.25621683801131,7.15923893629735,0.287780456596417,0.78180908067627,2.6154386486919,0.51382306274818,0.583668251648538,0.651949962219932,0.481381995711853,0.971339876047577,0.612454422799009,0.583044850437071,1.1687502676353,1.12337369660102,0.525047266776722,0.491931853294132,0.697238977931588,0,0.875108018204313,1.0789653695264,0.554578670069307,1.20004173324473,0.933796633370907,1.25186566747843,0,2.73299631234161,1.65973299821748,0.976020798632852,0.74218419052244,0.796463569609411,0.402893028182971,0.93499533348376,0.368115915109921,0.914379759571933,0.888784122360852,1.52354678909822,1.17234236291946,NA
"2290","47167",2.32178982821869,0,0,1.91878126205247,1.80103618103577,0.856980292190446,3.14668120717594,0,3.65921363284564,0.515658265910371,0.925841675299843,1.71270796287493,1.19593888375357,0.759592184745659,1.11207641828681,0.736050005313144,0,0.418459435934374,1.85714554303454,0.498364480528071,2.53188583141494,0.480105020580533,0.915943620018316,0,0.482334596300929,0.53970196886484,0.625291240648237,0.730833262658955,14.8832245594449,0,0,0.785266852178803,0.189766111687664,0.608818943130635,0.69151006130104,0.270835888548444,0.325131849490861,0.77815099456851,0,0,0.691348956163306,20.722392770152,0.420997687564478,NA
"2291","47169",0,0,12.798633678712,2.30246326940689,1.53859573316247,1.19037165346054,0,1.02724430169925,3.01303386468595,2.67505961199897,0,0,0,2.44492685252952,0,2.69250303665507,0,0,0,0,1.38623043059375,3.21830734370139,0,3.04362994880746,0,4.52362197414025,1.77851022267564,10.1829326202326,0.344290198838455,0,0.470403611670963,12.1805872973639,0.10461059459279,26.4433881205758,3.42367716600741,0.0125877557602083,0.00996076964900934,NA,NA,NA,NA,NA,NA,NA
"2292","47171",0,0,0,0,0,0,0,0,0,0,0,0,40.6838341098687,0,0,0,0,0,0,0,0,0,0,0,0,0,0,0,0,0,0,0,0,0,41.9273073131734,0,0,0,NA,NA,NA,NA,NA,NA
"2293","47173",0,0,0,0,0,0,0,0,0,0,34.1314925026599,0,11.0440446642171,0,0,0,0,0,0,0,0,0,0,0,0,0,0,0,0,0,0,0,0,0,0,0,0,NA,NA,NA,NA,NA,NA,NA
"2294","47175",0,0,0,0,0,0,0,0,0,0,0,38.5206446780483,0,0,0,0,0,0,0,0,0,NA,NA,NA,NA,NA,NA,NA,NA,NA,NA,NA,NA,NA,NA,NA,NA,NA,NA,NA,NA,NA,NA,NA
"2295","47177",0,0,0,0,0,0,9.82330751988082,0,5.48292375749834,0,3.04583908718777,0,0,0,0,0,0,0,11.617050537154,0,0,0,0,5.83499917516642,0,0,7.748267387362,0,0,0,2.29032290645557,0,0,0,NA,NA,NA,NA,NA,NA,NA,NA,NA,NA
"2296","47179",15.495240879053,1.62692392339814,0,1.71752522673217,0.764332113990536,2.81157895558885,0,0,0,5.06301235940493,0,0,1.23910451840998,0.625867322950169,0.655143193482538,2.04466633877855,1.9801888414634,1.20844553348214,2.64092142506165,0,2.10735214699766,0,0.795317284186593,0,0.478919239158911,0.563740043061365,0,0,0,0,0,0,0,18.7650056017575,8.34436258143917,2.81850741376889,0,0,0,0.878732645650232,2.00520244204312,0,0,NA
"2297","47181",0,6.38923392032348,0,0,0,0,0,0,0,0,0,0,0,0,0,0,0,0,0,0,0,0,0,0,0,0,0,41.9273077940175,0,0,0,0,0,0,NA,NA,NA,NA,NA,NA,NA,NA,NA,NA
"2298","47183",0,0,0,0,0,0,0,0,32.9830606146736,0,0,0,0,0,0,0,4.67108532596717,0,0,0,0,0,12.3268094084076,0,0,0,2.70908798075016,2.47439786318096,10.2294516375555,2.96469351452922,0,0,1.6271157692911,1.06735978303285,0,0,0,0.898634472392021,NA,NA,NA,NA,NA,NA
"2299","47185",0,0,0,0,0,0,9.82330751988082,0,0,0,0,0,0,0,13.9919232825094,0,0,0,5.19977453288726,0,0,0,0,0,0,0,0,0,0,0,0,0,0,41.8188076778693,9.50243137323553,4.20367892724694,0,0,10.8882672630656,0.980218471844042,NA,NA,NA,NA
"2300","47187",1.24222754510594,1.56316403099683,0.212251758890105,0.380345701522066,1.95202753565836,0.374560380629177,0.590410617240783,0,3.40613993921935,1.80151494601564,4.40908729688575,1.4382991216891,0.94882756490524,0.876718679074987,0.0883269945846304,0.826031951974514,0.451016794184596,0.0575054691071609,0.752761762545268,1.04813402626046,0.550786684372549,0,0.472232198462144,0,0,0.66411793576921,3.26495447480716,3.22146963940451,1.98868693177854,0.361749392224858,0,1.6025191392883,1.27776058840684,0.645374417864312,2.5366196365959,0.298605883561255,0,1.36116043984642,0.474337150398176,0.847394042978393,0.550830640954858,1.57000442881526,0.806783306734868,NA
"2301","47189",15.495240879053,1.62692392339814,2.97245179092786,2.09434639307688,3.62545086260558,0,2.46442136196406,0,3.44787627430359,1.4860392491877,3.46289233978082,1.45637330924491,1.4701192321984,1.26947552787702,0.424048576629522,1.63350211767512,0.402175631751161,0.620191182317184,0.657193855627749,0.710140036899424,0,1.19147962786656,0.335507340821454,0,2.18098792151615,1.3608615868416,2.16198214086252,1.90220293519284,0.665288388667924,0.309702583643284,0,1.52677546171397,0.186244007007242,0.422627804442019,6.98659599877411,2.02851777379915,0.364176360154596,0.106038185028844,0.311950279507024,0.668854267320705,1.12499556087197,0.702791585393961,0.470002052551228,NA
"2302","48001",0,0,0,0,0,0,9.82330751988082,0,0,5.01853497278549,0,0,0,3.72607015774294,6.18380119691049,0,0,0,3.60276891003962,0,3.20542805114612,5.06673459364445,1.82991147716656,1.40371548277913,0,0.57382899918677,2.28639426089333,1.64854351889726,1.52868704002309,0,1.392684203197,0,0,1.16091445060779,NA,NA,NA,NA,NA,NA,NA,NA,NA,NA
"2303","48003",0,0,17.7241089402367,0,4.41769088569938,0,0,0.686590448807602,0,0.872787070778485,0,1.30526866483758,0,8.73720923335793,0,0,0,0,0,0,0,0,0,0,0,0,0,0,41.279939638342,0,6.38842228527464,0,NA,NA,NA,NA,NA,NA,NA,NA,NA,NA,NA,NA
"2304","48005",9.50379865884122,0,5.82730717907272,0,3.19429032513475,0,0,3.67546924683887,2.16158446214623,0,3.36221818123719,0,0,0.728202568168851,0.792761276702038,0,0,0,3.37284957618358,0,5.12679016143373,3.79365914680394,0,0,0,5.51208985606722,0,1.84310832517952,0,1.60833041030382,0,0,5.76033010680322,1.45151651666216,1.58467524798304,0.33918818346108,0.318695165565857,0,0,NA,NA,NA,NA,NA
"2305","48007",0,0,2.86085361663031,0,0,0,0,0,0,0,0,0,0,0,0,0,0,0,0,0,0,0,0,0,0,0,0,0,0,0,NA,NA,NA,NA,NA,NA,NA,NA,NA,NA,NA,NA,NA,NA
"2306","48011",0,0,0,0,0,0,0,0,0,0,34.1314925026599,0,0,0,0,0,0,0,0,0,NA,NA,NA,NA,NA,NA,NA,NA,NA,NA,NA,NA,NA,NA,NA,NA,NA,NA,NA,NA,NA,NA,NA,NA
"2307","48013",0,0,0,0,0,0,0,0,0,0,0,0,0,0,41.7112502165461,9.50106751445282,4.20362073548821,0,3.92489528551578,1.50936652957461,1.25425817587274,0,0,0,0,2.06607090698376,0,5.4660120883384,0,3.77552765829112,0,0,0,0,0,0,7.66850307302254,0,7.49541356007656,0,0,0,0,NA
"2308","48015",0,0,5.35623193094833,0,0,0,6.84919013907213,0,0,2.27243366036959,0,2.0922108623335,1.96596771440447,0,1.77499711107328,0,3.35145081017853,1.49625324046168,1.31821405860328,0,0,0,0,0,0,0,0,0,0,0,0,0,0,41.7808638570947,0,0,0,0,0,NA,NA,NA,NA,NA
"2309","48019",0,6.38923392032348,0,0,0,0,0,5.40378702260529,4.78377014297649,0,0,0,0,0,0,0,0,23.2149304410333,0,0,0,0,0,0,0,0,NA,NA,NA,NA,NA,NA,NA,NA,NA,NA,NA,NA,NA,NA,NA,NA,NA,NA
"2310","48021",0,6.38923392032348,0,5.76834489338417,2.01542302939932,1.5371626606635,0,2.38912109261564,2.13462161214769,0,0,0,1.19982329279491,5.00985635441419,2.12957186844753,0.866875477193662,3.47310913840767,1.64015872450234,0,0.445658538678625,0,2.53520351406158,2.98369092684162,1.73978986500199,0,0.712879453392203,0,1.91156318690781,0.802242286434946,0.837003208944275,1.69023752762964,0,0.432980533805533,0.467308133762413,0,4.61544503764024,3.03997822680022,3.45582712842724,0.293128857588551,0.750563342955554,0.700832389144221,NA,NA,NA
"2311","48025",9.50379865884122,0,0,0,2.96787517096382,0,0,5.95141833389684,0,0,0,0,0,3.59750476967829,0,0,0,0,0,0,9.68318402757161,0,0,0,0,NA,NA,NA,NA,NA,NA,NA,NA,NA,NA,NA,NA,NA,NA,NA,NA,NA,NA,NA
"2312","48027",6.27085302149185,1.07379776249238,0.382988809269709,0.332094636123457,1.60027414738343,0.960458581938878,0,2.77135271186385,2.5621124358481,0.561754993905095,1.26211057414742,0,1.66603481852131,0,2.51473287116487,0.739110167661549,0.723514141737902,2.30474848895823,0,1.4861633856011,2.02351174031784,0,1.14731108682202,0.580575430264899,1.0016838388659,1.83288724948209,0.404233856030385,0,0,2.27784328967241,2.57489259468701,1.87171315963402,1.60626430316452,0.698566433679792,0,0,1.51706548908139,1.45575579047255,1.92067627958554,0,0.827280890920155,0.211650520961561,0,NA
"2313","48029",2.7462981693423,1.64750143497747,0,1.3165513340377,2.33004482970739,0.890603032060026,1.0548023624872,1.14518882969099,0.720665003598288,2.45087507751496,1.26828636592538,1.31399341686773,3.95388617689544,1.50982603973063,0.782548105603498,1.23215709267479,1.16652360278424,1.20517178818689,1.38313815788795,1.08612255536671,1.20814401557412,0.982093778807749,0.435209875099291,0.429354194366448,1.61356136930443,0.625563424478569,0.950543171757371,0.788590768311641,0.570025467565026,0.368706596019258,1.44209465469723,2.48384840152689,4.12871643146945,0,0,0,0,0.777639923630263,2.00933586717956,0,3.73856126301127,3.27874592581073,0,NA
"2314","48031",0,0,0,0,0,0,0,0,0,0,0,38.5206446780483,0,0,9.49618068282153,0,0,0,0,0,0,0,0,0,20.1184410418489,0,0,0,0,0,7.27121830342606,0,0,0,0,0,0,0,0,0,0,0,NA,NA
"2315","48035",0,0,0,0,0,12.3954918704862,0,0,0,0,3.09820050848904,0,0,0,0,0,0,0,0,NA,NA,NA,NA,NA,NA,NA,NA,NA,NA,NA,NA,NA,NA,NA,NA,NA,NA,NA,NA,NA,NA,NA,NA,NA
"2316","48037",0,0,0,0,5.8621602337794,4.56895436484149,0,2.72540367464544,8.99767871460624,0,0,0.834620567224201,5.1734056292393,0,0,1.63651485313047,1.58052266822666,1.5006008861658,2.70704178451225,0.396747173292452,0.734487930738596,0,0,2.22248021976572,3.58955183328027,3.02662965084741,0.903091613329761,0.257512332685695,0,1.76441237757842,0.526553327329273,0,0.327148103626696,0,0.482552587003693,0,0.817329073016204,0,1.36529056823442,5.62864283240293,2.22543686565076,0,0,NA
"2317","48039",1.6850824659663,5.20330851439487,0,2.43957328321084,0,3.75118871582148,0,0.985789187306068,3.46021688971775,0,1.46548207839408,1.36598376600112,1.89269180406791,0,1.88577226025783,0.477790609466396,0,0.96464754956415,1.41591406078595,1.65205506086227,0.859291840904076,1.10719935215042,1.15085066117422,0.772827698099718,1.10382179946294,1.09795638792307,1.4155039452002,0.16517466317642,0.930663938666175,1.55315523234663,1.03224284480683,3.72773887522434,1.65258357993314,0,1.46762943421901,0.202750612300629,0.784635291412552,0.672622601074222,0.55454099875409,1.60919011358336,1.90263228047878,0.328258174803749,0.582073066740051,NA
"2318","48041",0,2.3705768629988,2.08428303102416,2.25753527250292,0.807175352452244,2.12723953023786,0.847502613201528,0.401676702145143,1.38815409225817,1.92734776634753,0.914654389211294,0.703859392637919,0.524473164610731,3.21821522908593,0,0.460872855008557,1.68425917603455,0,1.29222770783113,2.87694955711997,0,1.2956870458496,0,0.885569788092226,0.319116357123991,2.2409413855462,0.87826664842523,0,0.188265640733488,0,0.752063772995851,1.20762241009077,1.38828365130621,0,0,0.459270876622133,0,3.67056680658219,2.91917238739631,4.13658446416172,2.00129440725297,0,0,NA
"2319","48043",0,0,0,NA,NA,NA,NA,NA,NA,NA,NA,NA,NA,NA,NA,NA,NA,NA,NA,NA,NA,NA,NA,NA,NA,NA,NA,NA,NA,NA,NA,NA,NA,NA,NA,NA,NA,NA,NA,NA,NA,NA,NA,NA
"2320","48045",0,0,NA,NA,NA,NA,NA,NA,NA,NA,NA,NA,NA,NA,NA,NA,NA,NA,NA,NA,NA,NA,NA,NA,NA,NA,NA,NA,NA,NA,NA,NA,NA,NA,NA,NA,NA,NA,NA,NA,NA,NA,NA,NA
"2321","48047",0,0,0,0,0,0,0,0,0,0,0,0,NA,NA,NA,NA,NA,NA,NA,NA,NA,NA,NA,NA,NA,NA,NA,NA,NA,NA,NA,NA,NA,NA,NA,NA,NA,NA,NA,NA,NA,NA,NA,NA
"2322","48049",0,0,0,2.80455791705411,0,0,0,0,0,0,0,13.2228547382026,0,10.3425173402056,0,0,0,4.04623518478766,0,3.40197552456133,0,1.37067899854898,0,0,1.54395312591924,0,0,2.37501078324367,0,0,0,11.2063884699271,0,0,0,11.212553468107,3.62939947808706,0,0.677399443777056,0,0,0,0,NA
"2323","48051",0,0,0,0,0,0,9.82330751988082,0,0,12.1475712573807,0,0,1.59548162565338,0,0,0,0,5.83845539895117,0,2.46583917739345,0,0,0,0,3.04157862596269,3.17705024331143,0,0,0,0,3.43478288006297,0,0,3.84051424427076,3.22498099940438,0,0,NA,NA,NA,NA,NA,NA,NA
"2324","48053",0,0,0,0,0,0,9.82330751988082,6.54543167428919,0,0,2.78938565602297,0,0,0,0,4.09787215043353,0,0,4.13543204767154,0,0,0,0,4.56850036770438,0,4.04716344210273,0,0,2.88412392374414,8.64959873081235,0,1.13727209156568,0,0,0,1.35608011240491,0,2.04668534261274,5.87594089574444,0,1.27998891376546,0,3.20322283238486,NA
"2325","48055",0,0,0,0,0,7.2728236210439,5.45943948707598,0,2.89660242275458,2.23719935149373,0,0,1.83358900343864,0,0,0,0,0,5.59375915400165,0,0,0,4.90817542093484,3.88057202245632,0,2.51220727353261,0,0,2.17552700336153,0,0,0,8.46226579045004,0,8.71861270807668,0,0.728410426035124,NA,NA,NA,NA,NA,NA,NA
"2326","48057",0,3.45810439938785,0,3.89806010231901,1.55543123520751,1.30856376702843,0,1.16166367387079,0,0,4.36398906797366,1.35536483998663,0,0,1.22865869802616,1.27906248794275,0,1.46473126725326,0,5.9812750406433,0,0,2.0342290942693,0,0,0,0,1.91213545530013,2.26036175377149,0,6.18845579090577,0,3.70033253201692,0.972103734505237,0,0,0,1.10764682023785,1.32694465893576,1.49130924996612,NA,NA,NA,NA
"2327","48059",0,0,0,0,0,0,0,0,0,0,0,0,0,0,0,0,0,0,0,0,41.9273037904936,0,0,0,0,0,0,NA,NA,NA,NA,NA,NA,NA,NA,NA,NA,NA,NA,NA,NA,NA,NA,NA
"2328","48061",0,0,0.999064419386289,2.6062987970835,2.25778758116328,0,4.14807653477992,0,2.63170788634918,0,3.82229336245224,4.80813023794954,1.36670795672203,2.25403084344023,1.21652028893106,1.46470359386016,0.665819520789521,0.916111782957594,2.54582458009503,0.972619412847524,2.61129013438302,0,1.2739894481054,1.33325479363761,0.843978463892258,0.893434018291171,0.511098550881557,1.11829197379424,0,0.818762937132562,0.829386097852584,0.989707381178571,0.967083196453118,0.912641663940979,1.11168637899903,0,1.00193658776536,1.165407323237,1.52545439381449,1.1825884083318,0.9356034222197,1.10355761018361,0,NA
"2329","48063",0,0,0,0,0,7.2728236210439,0,4.90026697475059,0,0,0,0,7.32296897593052,0,2.54416284604453,0,0,0,0,0,0,0,0,0,0,0,0,0,0,0,0,41.9211291872647,0,NA,NA,NA,NA,NA,NA,NA,NA,NA,NA,NA
"2330","48065",0,0,0,0,0,0,0,0,0,27.462168420246,0,0,0,5.25123564483977,0,NA,NA,NA,NA,NA,NA,NA,NA,NA,NA,NA,NA,NA,NA,NA,NA,NA,NA,NA,NA,NA,NA,NA,NA,NA,NA,NA,NA,NA
"2331","48067",0,0,5.35623193094833,0,0,0,3.72919312407338,3.33875227267659,0,0,0,0,3.36106363258551,0,0,0,0,5.30058090984125,0,0,4.25151964023864,0,0,10.5998376238111,1.678559599481,0,2.05867653223524,0,0,0,0,0,0,0,0,0,18.5126472471196,8.49273591361465,0,0,NA,NA,NA,NA
"2332","48069",0,0,7.55196450982824,1.66479855188028,1.25521213803063,1.04852451697342,0,0,0,0,0,2.89993443130465,6.2579217055448,0,0,0,0,0,0,0,0,0,0,0,0,0,0,0,0,0,41.9248696040253,9.50377728135046,0,0,0,0,0,0,0,16.511187357379,0,0,7.41098330450715,NA
"2333","48071",0,0,0,5.25744058045737,0,3.70150115844827,0,5.07257416264558,5.26549952708887,1.21086964735163,0,1.71683774264494,0,0,0,6.43011458883809,1.80516058818396,2.12736708373425,1.13291020656636,0,2.32419444410654,0,0,1.02973352150417,1.13942395293914,0.620442318759304,0.668830645124197,0,0,0,1.26554646287364,6.74216541707518,0,0,0,0,0,0,0,3.4648092495503,4.04100421196244,3.26551271654281,2.32504798727164,NA
"2334","48073",0,0,0,5.25744058045737,10.0114307946397,0,1.50912925859528,0,0,0,0,0,0,0,0,0,0,35.9960841038769,5.27880537401461,0,2.07261651329797,0,0,0,0,0,7.67316780956014,0,0,0,0,5.75047600265297,0,0,4.26659617021153,1.75097109758368,0,0,NA,NA,NA,NA,NA,NA
"2335","48075",0,0,0,0,0,0,0,0,0,0,0,0,0,0,0,NA,NA,NA,NA,NA,NA,NA,NA,NA,NA,NA,NA,NA,NA,NA,NA,NA,NA,NA,NA,NA,NA,NA,NA,NA,NA,NA,NA,NA
"2336","48077",0,0,0,9.34328727054725,0,0,0,0,0,3.79206615673752,0,0,0,4.63913936255659,0,0,0,0,0,0,0,0,0,0,0,0,0,0,0,0,0,0,0,NA,NA,NA,NA,NA,NA,NA,NA,NA,NA,NA
"2337","48079",0,0,0,0,0,0,0,0,0,0,0,NA,NA,NA,NA,NA,NA,NA,NA,NA,NA,NA,NA,NA,NA,NA,NA,NA,NA,NA,NA,NA,NA,NA,NA,NA,NA,NA,NA,NA,NA,NA,NA,NA
"2338","48083",0,0,0,0,0,0,0,0,0,0,NA,NA,NA,NA,NA,NA,NA,NA,NA,NA,NA,NA,NA,NA,NA,NA,NA,NA,NA,NA,NA,NA,NA,NA,NA,NA,NA,NA,NA,NA,NA,NA,NA,NA
"2339","48085",0,1.3440524798713,1.15130980810215,1.58320708086774,2.24939705322554,2.82881949282795,1.21885883709846,0,1.6634741834143,1.4595557310725,1.32720624823659,1.09484008051959,1.49948154351662,1.49035300791296,0.851851948647933,0,1.65492594411739,1.56228378274281,1.21254412960645,0.792291035622705,1.13195723700248,0.753468682618221,0,0.222859587356788,1.41592893566373,0,1.12150948012662,0,0.427441806309072,3.90929802443143,1.17290444629385,1.83406100606639,1.87269508318698,0,0.796813018081058,0.488607440823019,0.758020124886245,1.01914342032615,1.22795191315085,0.985385292210448,2.83385725526749,1.0805194804901,0.274041206657086,NA
"2340","48089",0,0,5.35623193094833,0,0,0,1.95137851543535,5.54009768054977,0,0,1.2742762322628,0,0,0,0,0,0,6.89370116885182,0,0,4.95848944503213,0,3.2727028532446,0,0,0,0,0,0,0,11.8063812578093,0,0,0,NA,NA,NA,NA,NA,NA,NA,NA,NA,NA
"2341","48091",5.3593048205652,5.07103436978264,2.99043120833807,1.05543618424206,0.865002043133176,0,0,1.86788158058412,0,1.17430821822261,3.56918429983595,3.02091403550783,2.33829762173923,0,0.575998859897527,2.70744854076073,0.999723751560927,2.27589289780861,0,1.19518617591886,0,0.429649261492194,0,2.83464893290029,0,0,0,0,0,0,4.13158323327305,4.26943797222337,1.6970351210198,0,0,0,1.3992117876841,4.38603605638966,2.53342518372221,1.02848132228315,2.50503451794,0,0,NA
"2342","48093",0,0,5.35623193094833,0,0,0,3.72919312407338,0,0,3.60738333660856,0,0,0,0,0,0,0,0,0,0,0,38.4290402252479,0,0,0,0,0,0,0,0,0,0,0,0,0,0,0,NA,NA,NA,NA,NA,NA,NA
"2343","48095",0,0,0,0,0,0,0,0,0,0,0,0,0,0,0,0,0,0,0,0,0,0,0,0,NA,NA,NA,NA,NA,NA,NA,NA,NA,NA,NA,NA,NA,NA,NA,NA,NA,NA,NA,NA
"2344","48097",0,0,0,5.25744058045737,0,0,6.93247823176038,0,0,0,0,0,0,0,0,0,0,0,40.1269212120948,0,0,1.48067989330256,0,1.34506409301804,NA,NA,NA,NA,NA,NA,NA,NA,NA,NA,NA,NA,NA,NA,NA,NA,NA,NA,NA,NA
"2345","48099",0,0,0,0,0,0,0,0,20.1118374377734,14.120821935637,3.07975172570146,0,7.80693630489542,0.866107376300682,3.18444217362787,0.501896443016482,6.14349256927567,0,0,0,5.92843323313993,1.84554350026195,0.153235312570108,0.554938595145762,0,0,1.58627098654321,0.412470800502462,0,4.43932702014199,0.239321465672817,0.222311274828481,0,0,0,13.2323700861898,0.50894699517151,0.249988839226554,0.21398806502644,0,NA,NA,NA,NA
"2346","48101",0,6.38923392032348,0,0,0,0,0,NA,NA,NA,NA,NA,NA,NA,NA,NA,NA,NA,NA,NA,NA,NA,NA,NA,NA,NA,NA,NA,NA,NA,NA,NA,NA,NA,NA,NA,NA,NA,NA,NA,NA,NA,NA,NA
"2347","48103",0,0,0,0,0,0,0,14.0040270250776,0,0,0,0,0,0,0,0,0,0,0,0,0,0,0,0,0,0,0,0,0,0,0,0,0,0,0,0,0,0,0,0,0,0,0,NA
"2348","48107",0,0,0,0,0,0,0,0,0,0,0,0,0,0,0,0,0,41.9261852895783,0,0,0,0,0,0,0,0,0,0,NA,NA,NA,NA,NA,NA,NA,NA,NA,NA,NA,NA,NA,NA,NA,NA
"2349","48111",0,0,0,0,0,0,0,14.0040270250776,0,0,5.20437410910821,0,0,0,0,0,0,8.74414249846937,17.4080702405808,0,0,0,2.3201029346209,0,0,2.72922757305595,0,1.43123723564825,NA,NA,NA,NA,NA,NA,NA,NA,NA,NA,NA,NA,NA,NA,NA,NA
"2350","48113",2.13676621093628,0.711903626228035,2.83466459291025,1.58906919760625,1.52651645639864,1.5064466368247,0.931453265808961,1.09183912974202,1.40182866464938,1.61617013905599,1.49754847036624,1.23836562154107,2.27918551963302,0.0785916157758136,0.469767384721373,1.17875849441828,0.72724708925171,1.29994618037822,1.2820665331964,1.28112984783076,0.911305746858306,0.730838406954578,0.995650712679963,1.22119518243355,0.897221084170596,1.38269621608852,1.44688994628997,1.06804768688951,0.82696913655541,0,1.74410607995645,0.834562986621983,0.760253686599054,0.827228039174332,1.18517181554904,0,2.69576000104504,0,3.23862038151503,1.80771653966937,1.49093383206616,1.65619666447903,1.46385151561538,NA
"2351","48115",15.495240879053,0,0,0,0,0,5.66661716763461,0,4.60816555119534,0,0,0,0,0,0,0,6.93843818906497,0,0,0,15.0134836771253,0,0,1.32745839898472,1.22214562493395,0,4.66164041046901,0,0,2.75852274273042,0,0,0,3.24757996559801,0,2.22737002776572,0,0,NA,NA,NA,NA,NA,NA
"2352","48117",0,0,0,5.25744058045737,0,0,0,0,0,0,0,13.6022344910757,0,10.354551865641,5.27984219350881,0,0,0,0,0,0,3.4791729676352,9.82874324687077,0,0,0,0,1.7252531083664,0,4.32975918652242,0,5.05546284622803,4.67791404121901,0,0,2.62618010751647,0.610701008110478,0,3.03217972172831,0,1.69718926299269,0.546704688829117,1.07968516516372,NA
"2353","48119",0,0,0,0,0,0,0,0,0,0,0,0,0,0,0,0,0,0,0,0,0,0,0,0,0,NA,NA,NA,NA,NA,NA,NA,NA,NA,NA,NA,NA,NA,NA,NA,NA,NA,NA,NA
"2354","48121",0,1.91815201635421,2.22357120462329,4.0645172517651,4.76980025645891,0.698020915970767,0.87853593755805,0,1.89987831106919,0,2.32489816116267,0.904269787880322,0,1.48791599884848,1.56924913218841,1.3277947861567,0,2.61619261461331,0,1.15680032048555,0.828679513624955,1.37590598312063,0,0.632180917862347,1.26184010991442,0.873801408306261,1.12207227838304,0.38500978946055,0.0583684433926868,0.325574842028522,1.5534779018139,3.22985361097412,1.33605642716849,0,1.32185876658567,0.642102651172839,0.712065294463984,0.809916595450582,0.666009080577607,1.20723756482617,1.52915653480241,0.932629274345666,0.284442640418776,NA
"2355","48123",0,0,5.35623193094833,0,3.29763030713821,0,0,0,7.9485620128933,0,0,3.11442654304844,0,1.31419228968246,0,0,0,2.01651024323907,0,2.61997416584518,0,0,2.69632948645412,0,0,7.53440748594267,0,0,1.52107859154971,0,0,0,2.28621530090157,0,0,0,0,0,0,0,0,0,NA,NA
"2356","48125",0,0,5.35623193094833,0,0,0,0,0,0,0,0,0,0,0,0,0,0,0,0,0,0,0,0,0,0,0,NA,NA,NA,NA,NA,NA,NA,NA,NA,NA,NA,NA,NA,NA,NA,NA,NA,NA
"2357","48127",0,0,0,0,0,0,0,0,0,0,0,0,0,0,0,0,0,0,0,0,0,0,0,NA,NA,NA,NA,NA,NA,NA,NA,NA,NA,NA,NA,NA,NA,NA,NA,NA,NA,NA,NA,NA
"2358","48129",0,0,15.4888179113023,0,2.75829230449123,0,0,5.43824865255985,0.754577585351439,4.21147654668185,0.930226927079325,0,0,0,0,0.671154631997581,0,0,0,0,4.16040878556813,0,0,0,0,0,0,0,0,0,0,34.113876050952,0,0,NA,NA,NA,NA,NA,NA,NA,NA,NA,NA
"2359","48131",0,0,0,0,0,0,0,0,0,0,34.1314925026599,0,0,0,0,0,0,9.82324590033365,0,0,NA,NA,NA,NA,NA,NA,NA,NA,NA,NA,NA,NA,NA,NA,NA,NA,NA,NA,NA,NA,NA,NA,NA,NA
"2360","48133",0,0,5.35623193094833,6.76984580054302,0,0,0,0,0,0,0,0,0,0,0,0,0,0,0,0,0,0,0,0,0,0,0,0,0,0,0,0,0,0,0,0,0,0,0,0,0,0,NA,NA
"2361","48135",15.495240879053,10.2352506009987,3.63545540101884,0.774795824471481,0.611978110274697,4.96617089939123,0,1.40376572345274,0,1.31649479037616,0,3.1987727128187,0,0.347427887253519,1.06999205164004,0,0.832398425127697,0.470124354449554,1.06687052210393,3.82315895624043,1.44292920268099,0,0,0.84250469838032,0.46229562730359,0.531345230910822,2.94239257095775,0,0,1.86753153430055,3.49539990563933,1.00643142441173,1.31794595280102,0,0,1.32389470209035,1.43141543548114,NA,NA,NA,NA,NA,NA,NA
"2362","48139",0,6.38923392032348,1.32186925243369,0,2.64792629846018,2.27527759759982,0,1.27829795100198,2.95035832015499,0,2.92003121276207,0.434085084289447,0.813701551716546,1.18215201281493,0,2.44510109876835,2.31319125605353,2.96459175359866,2.10327814901561,1.68673339983294,0,0,1.11752263493787,0.813071686359234,1.11393548236762,0.241649872198317,0.265548098110415,0,2.3835287305568,3.37598527365073,2.83442080935256,0.231220192770658,1.97784409373566,1.04367823726028,0,1.00637273045178,0,1.9754100891806,1.03489714404782,0,3.77683715797634,0,0.541264814720902,NA
"2363","48141",3.23994950919703,0.896677032477162,3.68158390421274,5.00567364199302,0,2.46129583262559,0.836631568484241,0,2.46864419323392,0.729014224724224,3.03949948802262,1.46233212600204,2.22782558648376,1.05152740367786,1.74783240139987,0,1.72098554727379,2.96579901943801,2.15136947438811,1.47395889398863,0.803581998190637,0.994753782674517,0.336130617799113,1.9391340105466,1.91113942212632,2.13914399094068,1.0057805895331,0.677583993754128,0.732324865608372,0.257305377275506,1.42071396138119,2.65043628059345,0.914176972048069,0,1.95145145594532,0.561706826212759,0.691304222715429,0.740606470595539,0.834998974241994,1.08366236270436,1.11925841638197,0.768945080564761,0.379197565268438,NA
"2364","48143",0,0,0,0,0,7.2728236210439,5.45943948707598,6.46638968292253,3.76064673936118,1.25994937805356,0.985435743351709,0,0,1.00045179524045,1.1428670884415,0,2.85845930651427,0,0,0,0,0,0,0,0,0,0,0,0,0,0,0,0,0,0,0,0,0,0,0,0,0,NA,NA
"2365","48145",0,0,0,0,0,0,0,0,0,0,0,0,0,0,0,0,0,0,0,0,0,0,0,0,0,0,0,0,0,0,0,0,0,41.9273077940323,9.50379865884122,0,3.13125374550534,0,0,0,0,0,NA,NA
"2366","48147",0,0,0,0,0,0,0,0,0,0,0,38.5206446780483,0,0,0,0,10.2859663852401,0,2.72387693051919,0,0,0,0,0,0,0,16.604888182565,0,3.26839475013848,2.28403032250305,4.83204053270722,1.16578129140292,0,1.7575284320997,0,0.877903762827761,0.935256971071148,0.997595713129374,0,0,1.37504070067809,0,1.78780477205261,NA
"2367","48149",0,0,0,0,0,0,0,0,20.1118374377734,14.120821935637,0,10.4641422702731,0,0.769528602131066,0,0,0,0,1.42332880871597,0,2.48328292259435,0,0,5.22174122513738,2.09839467582897,3.21248561929684,0,0,0,0,0,0,0,0,0,0,0,0,0,0,0,0,0,NA
"2368","48153",0,0,0,0,0,0,0,14.0040270250776,0,0,0,0,0,0,0,14.0010617912474,0,0,0,0,0,0,0,0,0,0,0,NA,NA,NA,NA,NA,NA,NA,NA,NA,NA,NA,NA,NA,NA,NA,NA,NA
"2369","48157",0,3.99748331170185,0,4.97907976506839,1.41026602656982,0,1.3150073499172,0,3.17060761092039,0,2.06785953017179,1.65449101523754,1.85309069971593,0.634172154695573,2.21318822593414,0,3.71719670461272,0.654276515272339,1.40471269621517,0.885363925460465,0.46504015027295,0.186087938325961,0,2.78971635052814,0,1.07494958284823,3.50890971828313,0,0.822595951493027,0.715109766839682,0,2.53704412767415,0,0.540815808842975,0.507153353430042,1.2863729859409,0.209231979192211,0.732392666455962,2.18057673450655,1.60600669903551,1.18351878086125,2.12440573074618,1.71076763864066,NA
"2370","48159",0,0,0,0,0,0,0,0,0,0,0,0,0,0,0,0,0,0,0,0,0,0,0,0,0,0,0,0,0,0,0,0,0,41.9273077940323,0,0,NA,NA,NA,NA,NA,NA,NA,NA
"2371","48161",0,0,9.4989667055933,0,0,0,0,0,0,0,0,0,0,0,0,40.6713221540044,5.34633099667425,2.69781578059822,0,NA,NA,NA,NA,NA,NA,NA,NA,NA,NA,NA,NA,NA,NA,NA,NA,NA,NA,NA,NA,NA,NA,NA,NA,NA
"2372","48163",0,0,0,0,0,0,0,0,0,0,0,0,0,0,0,0,41.9244115001901,0,0,2.8608534791136,6.1774875497306,0,0,1.19811380787415,2.29888079091246,0,NA,NA,NA,NA,NA,NA,NA,NA,NA,NA,NA,NA,NA,NA,NA,NA,NA,NA
"2373","48165",0,0,0,0,0,0,0,0,0,0,0,0,0,0,0,0,0,0,0,0,41.9273037904936,0,0,0,0,0,0,0,0,0,0,0,0,0,0,0,0,0,0,0,0,0,NA,NA
"2374","48167",6.59115890569944,0,1.4207752838354,4.83267815054688,0,1.62712249602429,3.23932194932339,0,2.59141905737046,1.44065615373279,1.10099731927265,1.01456900714674,0.488677549040388,7.22603983084711,0.821129427361353,0,0.614731407324107,0.574306035081938,0.852110496452258,1.4397522679242,0.644895262740498,0,1.16390466018605,0.845421310221986,0.541040337653587,1.27669774760856,1.11898138302596,0.798558044699173,0.339780728857821,0.92318847018524,0.823737161739379,2.1513354258682,1.11541085497448,0,1.23467046087821,0.149557123842328,0.56642210371394,0.543896134611962,1.81295477772853,2.34805020927864,1.76728230047208,1.2196223131019,0.512289133975053,NA
"2375","48169",0,11.0886817491692,0,0,NA,NA,NA,NA,NA,NA,NA,NA,NA,NA,NA,NA,NA,NA,NA,NA,NA,NA,NA,NA,NA,NA,NA,NA,NA,NA,NA,NA,NA,NA,NA,NA,NA,NA,NA,NA,NA,NA,NA,NA
"2376","48171",0,0,0,5.25744058045737,0,3.70150115844827,0,0,0,0,0,0,0,0,0,0,0,0,0,0,0,0,0,0,0,0,0,0,0,0,41.9273077936306,9.50379865883971,0,3.13125374550534,NA,NA,NA,NA,NA,NA,NA,NA,NA,NA
"2377","48173",0,0,0,0,NA,NA,NA,NA,NA,NA,NA,NA,NA,NA,NA,NA,NA,NA,NA,NA,NA,NA,NA,NA,NA,NA,NA,NA,NA,NA,NA,NA,NA,NA,NA,NA,NA,NA,NA,NA,NA,NA,NA,NA
"2378","48175",0,0,0,9.34328727054725,0,0,0,2.47451458884449,0,0,0,0,4.48316147874709,0,0,0,0,0,6.98961078482786,0,0,0,0,5.68025651972219,0,0,0,0,0,0,0,0,NA,NA,NA,NA,NA,NA,NA,NA,NA,NA,NA,NA
"2379","48177",0,0,0,0,0,0,0,14.0040270250776,0,0,0,0,0,0,0,0,0,0,0,0,40.6838303402812,9.483541910963,0,10.2320519214177,5.3326858957523,0,1.34216997144098,2.26429692519742,0.991878897091123,0.463414900402532,0.916038598961428,1.82197036794366,1.31959657960354,NA,NA,NA,NA,NA,NA,NA,NA,NA,NA,NA
"2380","48179",9.50379865884122,10.5047469657613,0,4.86266562975009,0,1.49499050922369,0.680373284012013,0,0.726522587074956,0,0,0,0,6.68325763594776,0,1.78580511182194,0,0,4.34158261701269,2.48200835679942,4.70352887077432,3.2528451951362,1.41356930043631,0.761153385342098,0,0.354207454192576,1.53277279451084,2.01304326465003,4.05157952712173,0,0,2.36372477118962,NA,NA,NA,NA,NA,NA,NA,NA,NA,NA,NA,NA
"2381","48181",0,0,0,0,0,3.98175475735187,12.0239528626354,0,1.3002368315518,3.0126688872408,0.817208804424318,0,0,0.83871581008942,0.960013323259014,1.08744567130818,0,2.56423590557537,0,0,0,0,4.02307444434373,0,0,0,0,0,0,0,0,0,30.9898618634956,0,2.34706757187185,1.68004211379346,3.82115786115082,3.71971206370806,2.04750654726727,2.09902386027504,1.27739263554856,2.82790775829058,NA,NA
"2382","48183",0,0,9.4989667055933,2.83328513797813,0,0,0,1.88241176947193,0,6.16876506479405,0,6.36937704142658,2.57420707675295,0,0,3.72467366689371,3.95102976499985,1.03571595591331,0.581472606690113,0.794944310104399,0,0,1.65763235327955,0.754704819578193,0.835292111973652,0.448470393395178,0.479206055514892,0.519177400087895,0,0,0.872621796648063,5.76534214552663,0,0,2.12288715032541,2.51700735116995,1.63063796733029,0,1.84499448655786,2.91538505887724,2.44499494383349,0,0,NA
"2383","48185",0,0,0,0,0,0,0,0,13.2287174018193,0,0,0,0,0,0,9.82038967976664,11.3227389897686,0,2.1524515828511,0,1.56722862474242,0,0,0,4.45726618708078,2.10268425362269,0,0,0,0,0,0,12.146616292117,0,0,3.57290898831945,1.43814358287443,0,3.44024318353576,0,1.90789059202865,0.887469802422113,0,NA
"2384","48187",9.50379865884122,7.64133496367432,0,7.00493586433919,0,0,1.48477605678039,2.1143557348572,1.31567220488768,1.22256096045546,1.68504791798885,1.52308279548543,1.37447850134858,0.844113790601553,0,4.32360048702605,1.99891826175751,0.284441582809116,0.263075326317791,0,0.590481566958549,0,0.443301107396277,0,2.2749724807413,0,0,4.07501883684636,0.912385963779857,1.60763705652574,2.08790604364924,0.612122461009765,0,1.75293395343461,0.592046582276233,0.616355424873496,0,6.97120154171243,0,0.434491486271512,1.57365724977956,0,0.392425132611964,NA
"2385","48189",0,0,0,0,0,0,0,29.9739980515775,0,0,1.18548515817829,0,0,0,3.31203305165127,0,3.59690862891673,0,0,0,0,0,0,0,6.92845417235814,0,12.8438390086624,2.25649129209149,0,3.56686757449753,0,0,0,5.04189554728297,0,0.8630183489736,0,0.861624104489,2.63375536099237,0,NA,NA,NA,NA
"2386","48193",9.50379865884122,0,0,2.83242606908575,0,0,0,0,0,10.0108584718657,0,0,0,0,0,0,0,0,0,0,0,0,0,0,0,0,0,NA,NA,NA,NA,NA,NA,NA,NA,NA,NA,NA,NA,NA,NA,NA,NA,NA
"2387","48195",0,0,0,0,0,0,0,0,0,0,0,0,0,0,0,0,41.9215156064661,0,11.0886749901622,0,0,2.01498830002912,0,1.89418786235924,0,0,2.2670053033739,0,NA,NA,NA,NA,NA,NA,NA,NA,NA,NA,NA,NA,NA,NA,NA,NA
"2388","48199",0,0,0,0,5.8621602337794,4.56895436484149,4.57656308721202,0,2.5430430747761,0.710322366020897,0.651917859255318,0.643484131254058,0,7.11707366911044,0,0.876717915327179,4.64628258286567,0,0,1.51973729099374,3.34392824738226,0,0,0.865184048293245,0.233116781069037,0.788496604476187,1.75832751387192,0,0,4.58520636050972,0.316747262637592,0.867848185884705,0,0,0,0,2.27330190157581,2.03409232358995,0,0.709088284532622,2.04158432748149,0,0,NA
"2389","48201",0.653936275561217,4.8788350629524,2.77861019809122,0.720864501668414,0.881540150203112,5.95478922787308,1.65941422462646,0.606201962224732,5.05720117206108,1.46512197389452,1.38611559807047,0.746611649789146,2.48643535533342,1.77198159308963,0.909973138424607,2.89424724830377,0.757962958140359,0.961555231465006,0.209347647895604,0.366640953424483,0.571428138223205,0.75820979850487,0.950618450694874,0.778384310603191,1.04526505528163,0.950214069376642,0.871953399251596,0.948813381140481,0.398213396318394,0.735025467734382,1.00098018977156,0,1.15197018304588,0,1.92940238596918,3.19126501996882,1.62450109257395,1.37907974007013,0.96829362277792,0.738816015581895,0.716200575575644,NA,NA,NA
"2390","48203",0,0,0,0,0,12.3954918704862,6.93505151349271,0,0,1.439220469395,2.62915486235155,3.3714340727221,0,0.858277527697842,0,1.71905227339002,1.73195981125229,0,10.3020349375881,1.3198153455663,0.325649312988574,1.36593563794425,0.499814488889558,0.498966771395285,0.793623314635972,3.25220365437137,0,1.00140394563072,1.44519365985512,0,0.495256124611357,3.756423549058,0,0.228744648637527,3.873194808231,2.00712906591454,1.22553772027551,2.44994796032151,0,NA,NA,NA,NA,NA
"2391","48205",0,0,0,5.25744058045737,7.25145641180397,0,0,0,0,0,0,4.35894826532783,0,0,0,NA,NA,NA,NA,NA,NA,NA,NA,NA,NA,NA,NA,NA,NA,NA,NA,NA,NA,NA,NA,NA,NA,NA,NA,NA,NA,NA,NA,NA
"2392","48209",0,0,2.47629837115093,0.698103498909544,1.28683338247082,0,0,2.24431901857543,12.4271658023977,1.32782817991967,0,0.994539895385279,0.5562143819635,0.751939293992409,0.996945460626593,0.431691575176907,3.12123432961589,0.422006040785031,0.404892614080274,0.606223990618342,0,0,3.10884908198131,2.81801392300088,1.48067676337966,1.66134615268718,0.716501716357668,0,1.194122220477,0,2.36965789446417,1.39541115182368,0,0.201300044183349,0,0,2.20828674600161,2.11489127743373,1.38905209883231,0,0.635724264335314,0,0.367441606819171,NA
"2393","48211",0,0,0,0,0,0,0,0,0,0,0,0,0,0,0,0,0,0,0,0,0,0,0,0,0,0,0,0,0,0,0,NA,NA,NA,NA,NA,NA,NA,NA,NA,NA,NA,NA,NA
"2394","48213",0,0,0,0,0,0,9.82330751988082,0,15.7519474187268,0,2.66611565097987,1.97887221318286,1.59290614668459,0,0,0,0.925821457398754,1.12256866104329,0,1.55127007872734,0,0,9.87673070299335,0,2.61790517690257,0,0,1.34918016094555,0,0,0,1.3368462657371,0,5.53452235876349,0,0,NA,NA,NA,NA,NA,NA,NA,NA
"2395","48215",0,0,11.2372369210734,2.54044179912337,1.71346697171943,4.27728032669904,3.80880757021288,0.315256933137382,2.56414576399636,1.70107061745268,2.81776196587035,2.40648363328911,0.81723049010991,0,1.33842560617563,1.43101749737139,1.50271516537386,1.05960103153303,0.651841838182761,3.04975136846921,0.700321875910772,0,0.592599843583162,1.46957142009327,0.647547743684166,0.85289958131317,0.628906747909109,1.22060095462928,0.581827852716305,0.707868568288036,0.746031312104372,0.681012251727737,1.08804815394181,1.1348229540077,0.519314714612296,0.674909406034549,0.287089226697547,0.785749178458994,1.53505693146506,1.74655023235231,0.847818038698972,0.165967307738845,0.171352961169794,NA
"2396","48217",0,0,5.35623193094833,3.68219830428101,0,4.37771758157285,0,0,0,1.78341928442142,0,4.1391026101401,0,0,0,0,0,3.29806009324262,3.46592796808084,0,0,0,2.86884447828473,2.70235297221965,4.39705775101469,1.64454413586978,0,0,0,0,1.90033154254362,0,0,0,4.0196318655921,0,NA,NA,NA,NA,NA,NA,NA,NA
"2397","48219",0,0,3.7296424389009,0,2.65522829892066,0,0,0,0,0,0,0,0,22.2445852574097,0,0,0,3.64728905299909,0,1.58667679630805,1.50423093492017,0,0,1.61802353649783,0,0,0,2.92815603608908,0,0,3.51958079246656,3.056771922319,2.418662450932,1.89420663460556,0,0,0,0,0,3.43643771841748,0,0,0,NA
"2398","48221",9.50379865884122,4.20373720110854,0,2.05881324952678,4.77053039577742,0,0,2.12369965582379,1.01649788918283,0,0,1.2181293835081,0,1.60312353881541,1.71891063623861,1.67769572576565,0,0,3.19598069781835,0,0,3.19335125921153,0,0,0,0,0,0,0,0,0,0,0,35.4688967639409,9.37124327178943,0,3.13003036489917,0,0,NA,NA,NA,NA,NA
"2399","48223",0,0,0,0,0,7.2728236210439,0,4.90026697475059,0,0,0,3.26836589498935,0,0,0,0,0,0,0,0,0,0,0,0,0,0,0,0,0,0,0,0,0,0,0,0,0,0,41.9273077940313,0,0,NA,NA,NA
"2400","48225",0,0,0,0,2.15491637715522,4.25519229302578,0,0,0,0,0,0,4.35747339579467,4.40759793011319,0,0,NA,NA,NA,NA,NA,NA,NA,NA,NA,NA,NA,NA,NA,NA,NA,NA,NA,NA,NA,NA,NA,NA,NA,NA,NA,NA,NA,NA
"2401","48227",0,0,0,0,0,0,0,0,0,0,0,0,0,41.5359066678638,15.4878286608717,0,0,0,0,0,0,0,0,0,0,NA,NA,NA,NA,NA,NA,NA,NA,NA,NA,NA,NA,NA,NA,NA,NA,NA,NA,NA
"2402","48231",0,0,0,0,0,12.3954918704862,3.78015714040949,0,0,6.62772456214801,0,0,0,0,13.0474815230519,0.630014093368711,0,0.404297193551166,0.780762905820298,0,1.84343237204982,0,1.68465668967859,0,0,0.72138164056005,4.50450641813704,1.97326047977135,1.63053981113513,0,0,0,0.565098313655924,1.38421466245128,2.38054318117071,0,0,2.52135198976621,0.805405558521408,0.783738767964438,0,NA,NA,NA
"2403","48233",0,0,0,0,0,0,0,0,13.2287174018193,0,0,12.5723631806354,0,1.75739966140395,0,1.36321708344147,1.32303686518553,0,0,1.62648974233673,1.73616429493107,0,3.46472831641249,0,0,1.53574656374467,0,0,3.88967096183096,0,NA,NA,NA,NA,NA,NA,NA,NA,NA,NA,NA,NA,NA,NA
"2404","48237",0,0,0,0,5.8621602337794,4.56895436484149,0,0,0,0,0,4.59653072350118,0,0,0,0,0,0,0,0,0,0,0,0,0,NA,NA,NA,NA,NA,NA,NA,NA,NA,NA,NA,NA,NA,NA,NA,NA,NA,NA,NA
"2405","48239",0,0,0,0,0,7.2728236210439,5.45943948707598,0,0,0,2.92065418475138,0,0,0,0,0,0,0,0,0,0,0,0,0,41.7300377597777,0,0,0,0,0,0,0,0,0,27.4621684192143,9.03597566470271,7.58024621640171,0,NA,NA,NA,NA,NA,NA
"2406","48241",0,0,5.35623193094833,3.68219830428101,0,0,0,0,0,0,14.8144349092411,2.91121382160423,0,0,0,0,0,0,7.45161487603736,0,0,8.88878889752547,0,1.17334182840379,0,0,0,0,10.7590828372168,0,0.878626934568146,0,1.4357851561754,0,0,NA,NA,NA,NA,NA,NA,NA,NA,NA
"2407","48245",9.50379865884122,0,0,0.988668790976745,0.957402430516174,3.66776494415665,3.09794079441863,1.24258219287605,0,4.14273031740044,1.50862537890213,2.76368900365841,0,3.96259299357741,0.18488867654256,3.02255791518178,0,1.16709584581516,0.880712283509434,0.758295375169874,0,3.68602595150381,0.887804850632486,0.704039576800784,0.338105644004004,1.56501689891027,1.53385842648002,0,1.00684470570698,1.81577431166705,1.95571776985183,2.50531604380546,0,0.241130088804843,1.83632255820854,0.161525593044318,1.66922737056419,0.844763734718741,0.599487097258643,0.178327862171138,1.05167099985942,0.104697801607962,0.7113115383448,NA
"2408","48247",0,0,0,0,10.2861407168863,0,0,0,0,0,0,NA,NA,NA,NA,NA,NA,NA,NA,NA,NA,NA,NA,NA,NA,NA,NA,NA,NA,NA,NA,NA,NA,NA,NA,NA,NA,NA,NA,NA,NA,NA,NA,NA
"2409","48249",0,6.38923392032348,0,0,0,0,0,0,0,0,0,0,0,0,0,0,0,0,0,0,0,0,41.9273037393614,0,0,0,0,0,0,9.82330751988082,6.54543167428919,0,NA,NA,NA,NA,NA,NA,NA,NA,NA,NA,NA,NA
"2410","48251",0,0,2.86085361663031,0,6.02791593649466,2.9327456607122,0,0,0,4.11779814457938,4.3952205338369,0.688430073991545,1.68519073113929,0.960263657717894,0,1.34997253659936,0.467958393779932,0,1.15963216849716,0.650428611585718,0,0,2.93268765005269,2.87292522462226,2.43472062371642,0,1.2213364841807,2.7449101490353,0,1.42826329551504,1.36976577248953,1.30621956102315,1.63519551725226,1.13689647816022,0,0.374833566726867,1.59400330528032,2.03448947959569,0.790721617487328,0,4.70732920433104,0,0.285677525229116,NA
"2411","48253",9.50379865884122,0,0,0,0,0,0,6.69541526687344,0,0,4.88498330278129,0,0,0,0,11.2815328888541,11.3905462013735,0,0,0,11.857411987452,0,0,4.88690154314004,0,2.15843225332537,NA,NA,NA,NA,NA,NA,NA,NA,NA,NA,NA,NA,NA,NA,NA,NA,NA,NA
"2412","48255",0,0,5.35623193094833,0,0,0,0,0,0,0,0,0,0,0,0,0,0,0,41.9005464815887,0,0,0,0,0,0,0,0,0,0,0,0,0,0,0,0,0,0,0,0,NA,NA,NA,NA,NA
"2413","48257",0,0,0,0,3.15138939200099,0,3.20093117031631,2.75343172254742,7.58244809834106,1.22443585299667,0,0,3.97797084055929,1.40275683251443,1.83248490836001,2.56769320372983,0.862536839515891,0,0.777622127461026,1.59355548243324,0.411434559128039,0,2.36743883694684,1.8620717576092,0,0.873895889106118,1.72180278049219,1.24700563715154,2.68457156978556,1.34172103308436,2.56763231039024,0,0.697040845628355,0.235113956584198,1.97117490177553,0.759868562565144,0,0.288271723623139,0,1.17387067305949,NA,NA,NA,NA
"2414","48259",0,0,0,9.34328727054725,3.00006474094972,3.93666513569559,1.38332299757641,0,0,0,1.31810135223992,0,1.90083354609378,2.03106385672802,0,0,0,0,2.97879821916166,0,3.39038959392357,0,2.75152320284971,4.37255430949384,0,0,0,0,0,0,0,6.62191132133806,0,5.32261528570806,0,0,0,0,0,0,0,0,0,NA
"2415","48265",0,0,5.35623193094833,0,0,0,0,0,0,0,0,0,0,0,38.4292029874159,9.43706125761951,0,0,0,0,0,0,6.69541451235408,0,0,4.88498330208679,0,0,0,0,0,0,0,0,NA,NA,NA,NA,NA,NA,NA,NA,NA,NA
"2416","48273",0,0,0,0,5.8621602337794,0,4.26509821608114,0,0,0,0,0,0,0,0,0,0,33.3021655806971,0,11.0402777511765,0,2.19492394268107,0,0,1.79174054404492,0,0,2.45084120685537,0,2.64521962146427,0,0,0,0,6.99782632187069,0,0,NA,NA,NA,NA,NA,NA,NA
"2417","48275",0,0,0,0,0,0,0,0,0,0,0,0,0,0,0,0,0,0,0,0,0,0,0,0,0,0,0,NA,NA,NA,NA,NA,NA,NA,NA,NA,NA,NA,NA,NA,NA,NA,NA,NA
"2418","48277",0,0,0,0,0,0,15.9172924009947,0,0,0,0,0,7.25359517797238,0,2.6017817301254,0,0,3.88413841672314,0,0,0,0,0,0,0,0,0,0,0,0,39.4864057898836,0,0,0,0,0,37.7447207668099,0,0,1.37611654427977,0.738673310828991,0,0,NA
"2419","48279",0,0,0,0,0,0,0,0,0,0,0,0,0,0,0,0,41.9215156064661,0,0,0,0,0,0,0,0,0,0,0,0,0,41.5359066678638,0,0,0,0,5.86215645572325,0,0,NA,NA,NA,NA,NA,NA
"2420","48281",0,0,5.35623193094833,0,0,0,3.72919312407338,0,0,0,0,5.0361079348242,0,0,0,0,0,0,0,0,0,0,0,0,40.6827767462528,0,0,0,5.25734948726209,0,0,NA,NA,NA,NA,NA,NA,NA,NA,NA,NA,NA,NA,NA
"2421","48283",0,0,0,0,0,0,0,0,0,0,0,0,0,0,0,0,0,0,NA,NA,NA,NA,NA,NA,NA,NA,NA,NA,NA,NA,NA,NA,NA,NA,NA,NA,NA,NA,NA,NA,NA,NA,NA,NA
"2422","48285",0,0,0,0,0,12.3954918704862,0,0,0,0,0,0,5.54091544786513,0,0,0,4.97252142184595,3.90357999211149,0,0,0,0,0,0,0,0,0,0,0,0,0,41.4294202711655,0,0,0,0,0,0,9.82330727371458,0,0,0,0,NA
"2423","48287",9.50379865884122,0,0,0,0,0,0,0,0,0,0,0,0,0,0,0,0,0,0,0,0,0,0,0,0,0,0,0,0,0,0,0,NA,NA,NA,NA,NA,NA,NA,NA,NA,NA,NA,NA
"2424","48289",0,6.38923392032348,0,0,0,0,0,0,0,0,18.1259203952684,0,0,0,0,0,7.26938359365574,5.4589697391175,0,0,0,0,0,0,0,0,0,0,0,0,0,41.4296050626499,0,0,0,NA,NA,NA,NA,NA,NA,NA,NA,NA
"2425","48291",0,0,0,0,5.8621602337794,0,0,0,0,5.46005000151352,0,7.6798635145906,0,2.07629343182731,0,8.2464128616602,2.73684733124632,0,0.578820773114419,0.551485181984956,1.12589570834248,0,0.682824658797631,2.2592029261771,1.51236195876471,0,2.77843918009429,1.84376029264116,0,0.537954569936701,2.13542151985263,0,0,0.628548249901487,0,0,1.1712817549451,2.79151332326417,1.4133872212633,1.29449021361272,2.24577938619029,0,0,NA
"2426","48293",0,0,0,0,5.8621602337794,0,0,4.2688406547888,0,0,0,0,11.2539361376334,0,1.95155897782764,2.98224942926287,2.29843883213494,0,0,0,0,0,0,0,0,0,0,0,0,0,0,0,41.861444018195,9.50307751693079,0,0,0,2.96787512576178,0,0,NA,NA,NA,NA
"2427","48295",0,0,0,0,0,NA,NA,NA,NA,NA,NA,NA,NA,NA,NA,NA,NA,NA,NA,NA,NA,NA,NA,NA,NA,NA,NA,NA,NA,NA,NA,NA,NA,NA,NA,NA,NA,NA,NA,NA,NA,NA,NA,NA
"2428","48297",0,11.0886817491692,0,0,0,0,0,0,0,0,0,0,0,0,0,0,0,0,0,0,0,41.9272780171825,0,0,0,0,0,0,0,0,0,0,0,0,NA,NA,NA,NA,NA,NA,NA,NA,NA,NA
"2429","48299",0,6.38923392032348,0,0,0,3.29105432191909,0,0,0,0,0,0,0,13.5607776457036,0,0,0,0,0,0,0,0,0,0,0,0,0,0,0,0,0,0,0,0,0,0,0,0,0,0,0,NA,NA,NA
"2430","48303",0,2.3705768629988,0.576837619283814,2.83063611767575,3.74735622675578,0.598422426977106,2.49187005900439,2.05768144738685,4.1864974776276,2.72675768812497,0.735604319488448,0.711099249966994,1.52270696241074,1.0968389097941,1.6988883626837,0,0.710096986645141,1.53060332377033,1.33772503227855,0.987282921679795,1.33979034117407,2.19763064071529,0.542490107743258,0.671028027222912,1.84594274318177,1.60022338738316,0.268574708822969,0.536053400346247,0.512854646547549,0.756703805565748,0.722636017039439,1.39218815158824,0.825071340216217,0,0.216676729011511,0.165235268391437,0.497474844113587,0.372611223430491,1.39022230574293,3.2190624283222,1.25394538835966,0.831759172288027,0.508023490446457,NA
"2431","48305",9.50379865884122,0,0,0,2.96787517096382,0,0,0,0,4.78423888557447,0,0,4.2177377561886,0,0,0,0,0,0,0,0,0,0,0,0,0,0,0,0,0,0,0,0,0,0,0,0,NA,NA,NA,NA,NA,NA,NA
"2432","48307",0,6.38923392032348,3.73038711983005,0,0,0,0,0,0,0,0,0,0,0,0,0,0,0,0,0,0,0,0,0,0,0,NA,NA,NA,NA,NA,NA,NA,NA,NA,NA,NA,NA,NA,NA,NA,NA,NA,NA
"2433","48309",0,3.45810439938785,0,1.04756025011084,1.22091999982143,0.243276053535139,0,0.600578952880905,1.05138449078592,1.94948976566833,1.57057853074384,0.37569030806636,0.368038143992165,0.379335717122407,0.820407250732591,1.34494687011742,2.74388717639947,0,1.65203285947797,0.778386334649516,0.381726177110541,0.786153312352006,0,1.42460051227441,0,1.19658033280397,0,0,0,1.14863587960821,1.39326163624241,4.32474190789195,0,0,0,1.22652797344427,5.91258309960464,0,0.862862115292622,0.789006295042423,1.49699932669551,0,0,NA
"2434","48313",0,0,0,0,0,0,0,0,20.1118374377734,0,0,0,0,0,0,0,0,0,0,0,0,0,0,0,0,NA,NA,NA,NA,NA,NA,NA,NA,NA,NA,NA,NA,NA,NA,NA,NA,NA,NA,NA
"2435","48315",0,0,0,0,5.8621602337794,0,0,0,0,1.99304860613921,4.11220593967307,0,0,6.00833380046155,1.15386511327053,0,0.8932685535786,0,NA,NA,NA,NA,NA,NA,NA,NA,NA,NA,NA,NA,NA,NA,NA,NA,NA,NA,NA,NA,NA,NA,NA,NA,NA,NA
"2436","48317",0,0,0,0,0,0,0,0,0,0,34.1314925026599,0,0,0,0,0,0,0,0,0,0,0,0,0,0,0,0,0,0,0,0,0,0,0,0,0,0,0,0,NA,NA,NA,NA,NA
"2437","48319",0,0,0,0,0,0,0,0,0,0,0,0,0,0,0,0,0,0,0,0,0,0,41.9273077812492,0,13.0012304148536,0,2.81010318507039,1.08100734528481,0,0,NA,NA,NA,NA,NA,NA,NA,NA,NA,NA,NA,NA,NA,NA
"2438","48321",3.73187737416727,0,2.98995263637046,3.34743709776718,0.877310917667071,0.759543291974155,0,5.90813283091718,0.532465336692275,2.61788567799495,1.77053018359987,0.900302460176151,0.27564389496795,1.34990602772289,0,0.303351769925029,0,0.863005724101909,0.530116146655238,2.45879355972225,0,0,0,1.64677646493466,0,0,0,0,7.73870471923219,1.57022632844295,0,1.09570746404506,1.97559513295435,0,0,0,1.29375138596074,0,0,0,5.73173487293659,0,4.3584791673818,NA
"2439","48323",0,0,0,0,0,0,0,0,0,33.1870148289224,5.2072751788073,0,0,1.92442848372786,0,3.60744674866649,0,1.59085049554066,1.47721238387639,0,0,1.56844917948082,0,0,4.35082670572122,0,0,0,5.97915522428366,0,0,0,1.6031458085821,0,0,0,0,19.2017866934137,0,0,1.42409776084136,0,NA,NA
"2440","48325",0,0,0,0,10.2861407168863,0,0,0,0,0,0,0,0,13.1895028222309,0,10.4561759775275,2.82756753583983,3.55738152093821,1.26241354596618,1.99257362231841,0.845485365858886,0,0,0,2.26804329861247,0,0,0,0,0,6.61433747070547,0,0,4.69027496362654,0,0,0,0,2.42198078563214,0,0,0,0,NA
"2441","48329",0,11.0886817491692,2.86173001875628,3.56663482877551,1.26313049365261,3.80479471840889,0.743238631194636,0.643907952017426,1.77282404695951,0,0,3.69118010389289,0,1.15835055707949,0,1.76118772197341,1.73552622346159,0.559948862097272,0,0,0.692211948317303,0,0,3.93416370418789,2.59161256697183,4.11817815837967,0.770071550833174,0,0.608834388536835,10.1166037036087,0.32321860817197,0.502054928660171,0.441534854841717,0.21676294206198,0.235271105388831,0.551750375068628,0.339308836845117,0.427523080251497,0.53506406485673,1.88741672476575,1.94927259165422,0,3.96996025845442,NA
"2442","48331",9.50379865884122,0,0,0,0,0,0,0,0,0,0,0,0,40.3152028812225,0,0,15.4877133154875,0,0,0,0,1.51895549645034,0,0,0,3.38065632736329,0,6.32857678940935,2.29417860512323,0,0,1.54830382002115,0,0,0,0,3.63115311591857,0,7.07958331585275,0,0,1.96064072989213,1.7941102965611,NA
"2443","48335",0,0,0,0,0,0,0,0,0,0,0,0,0,0,0,0,0,0,0,0,0,0,0,0,0,0,0,NA,NA,NA,NA,NA,NA,NA,NA,NA,NA,NA,NA,NA,NA,NA,NA,NA
"2444","48337",0,0,0,0,0,0,0,0,0,0,0,0,0,0,41.8189999421519,0,0,12.7985988120376,0,0,0,0,0,0,3.70017567771936,0,0,0,0,0,0,0,0,0,0,0,0,40.6837506305553,NA,NA,NA,NA,NA,NA
"2445","48339",4.99617597613597,1.73292417599568,2.33285028323467,2.19306350934705,1.0761974913704,2.45305164819712,0.270743350983921,1.99451607149348,1.36874700063409,1.76327795644583,0.85167314335711,0.978801565420436,1.02998780697306,0.596632232594994,1.04324670744663,3.04812740707217,0.996275122118327,1.44454561529462,0,1.25511883054398,0,1.04764066739557,3.0342820243007,1.54429757834028,0,2.23254980521111,0,0.380278981897414,0,1.08745861013687,3.45756148959177,1.8486996216586,1.70417056274045,0.507609177593482,0,1.15753024965812,1.58887020904821,0,2.13982826319149,1.40446283566127,0.249872968136421,0,0.328830383766786,NA
"2446","48341",0,0,17.7241089402367,0,0,0,0,2.41274107086718,1.28090274900417,6.72568447989282,4.50140220795338,0,0.430982405379227,0,5.33278737192695,4.67472709156503,1.47601197787841,2.537771906152,2.88625418258253,0.672004920393428,1.25215821357404,1.36801965634941,1.61723093146796,0.661150211801064,0.900097969685927,0.388686658767122,3.77761016765446,1.11573568392864,1.08830275352824,0.046028015717812,1.44773070832694,1.03663753081729,0.595633892001372,1.67645801581174,0,NA,NA,NA,NA,NA,NA,NA,NA,NA
"2447","48343",0,0,0,0,0,0,0,0,0,0,0,0,0,0,41.8189999421519,9.50243289040387,0,0,0,0,0,0,6.6954152655695,0,5.12958958247789,0,0,0,0,0,0,0,0,0,0,0,0,41.4690163957648,3.72853965652736,0,NA,NA,NA,NA
"2448","48345",0,0,0,0,0,0,0,0,0,0,0,0,0,0,0,0,0,0,0,0,0,NA,NA,NA,NA,NA,NA,NA,NA,NA,NA,NA,NA,NA,NA,NA,NA,NA,NA,NA,NA,NA,NA,NA
"2449","48347",0,0,0,5.25744058045737,0,0,6.93247823176038,2.49685142386652,10.2002631338045,2.44755626203246,0.563204556461148,0.918913048302055,1.23935259009006,1.55265738794141,0,2.28158969710055,0,5.44975573897478,0.277048425300915,1.86840152498124,1.59634120816845,0.885247706141836,0.991102060502145,2.02544939680638,0.148307664486536,0.299802793455494,0.794385667728578,0.348511466162108,2.45321587298599,0.762892136291034,0,1.93837335263578,0,3.05709844573216,0,2.70075283809542,0.460456924822011,1.70494444271203,0,0.277258530651382,NA,NA,NA,NA
"2450","48349",0,0,9.4989667055933,0,2.29404865780024,0,1.76313103217287,0,1.73600559988566,0,0,0,12.0841034797129,1.29241316450203,0.926574628369037,0,0,2.99135364234568,0,1.5236166855596,1.49128897133459,0,0,0,2.88404032337826,1.00919465577916,1.00596419967993,0.971805175867228,1.83037196452296,0,0,0,2.30590218383903,0,1.41618620798469,0,0,0,NA,NA,NA,NA,NA,NA
"2451","48351",0,0,0,0,0,0,0,0,0,0,34.1314925026599,0,0,0,0,0,0,0,0,0,0,0,0,0,0,0,0,0,0,0,0,0,0,0,NA,NA,NA,NA,NA,NA,NA,NA,NA,NA
"2452","48353",0,0,0,0,0,0,0,14.0040270250776,0,0,NA,NA,NA,NA,NA,NA,NA,NA,NA,NA,NA,NA,NA,NA,NA,NA,NA,NA,NA,NA,NA,NA,NA,NA,NA,NA,NA,NA,NA,NA,NA,NA,NA,NA
"2453","48355",0,19.8478462045306,6.01411308118141,3.1985860559905,2.09149551741465,1.18835396429107,0.341641245286736,0,3.96042546367065,0,1.74772813669903,0.275911560067983,1.60593409713663,1.53499413300876,1.44181924070985,1.33798091025044,0,0.859344653829941,0.673534808089278,0,1.11509075887131,0,1.11413465586395,1.63829529659369,0,1.77672282746263,0.878884935956818,0.438344493986862,0,0,0,0.812281936016802,0,1.45762739165535,3.34703765295527,0,6.48843342385206,0,0,2.23048043958667,2.65984384694324,0.589129075765275,0,NA
"2454","48357",22.6278264790165,0,0,14.9498998193168,0.419807497105418,0,0,0,0,0,NA,NA,NA,NA,NA,NA,NA,NA,NA,NA,NA,NA,NA,NA,NA,NA,NA,NA,NA,NA,NA,NA,NA,NA,NA,NA,NA,NA,NA,NA,NA,NA,NA,NA
"2455","48359",0,0,0,0,5.8621602337794,0,0,0,0,0,0,0,0,0,0,34.1138836330724,0,0,0,0,0,0,0,0,0,0,0,0,0,0,0,0,0,0,0,0,0,0,0,0,0,0,0,NA
"2456","48361",0,0,0,0,0,0,23.0745554639166,0,3.31003786189024,0,0,0,13.0913793649048,0,1.59812962226548,0.968009473845094,0.290755296013305,0,0.968849934521495,3.74359296717009,0,0.316363404143308,0.320278143728968,0.343175896203175,1.14918216929339,1.27237993734747,0,0,2.82025712843053,0.566456255220799,2.17469209064248,0,0.505498449893322,0,0,0,5.43720211331133,0,0.822821495841477,0,0,0,NA,NA
"2457","48363",0,0,0,0,5.8621602337794,4.56895436484149,3.16624559721627,0,0,0,5.9554765189898,0,0,0,0,0,0,0,0,0,0,0,0,0,0,0,0,0,0,41.926727958639,0,0,NA,NA,NA,NA,NA,NA,NA,NA,NA,NA,NA,NA
"2458","48365",15.495240879053,0,2.21227495849444,0,0,0,0,0,9.7979852001437,6.55141423953499,3.78892441458817,0,0,4.36980922330801,1.05256064672474,4.26304017379417,1.319226383048,0.548818602287399,0,0,4.59804899638105,0,4.40022894949649,0,0,0.163254018432115,0.360098056167509,0.427902006628783,0,7.91852188358156,4.49606745055799,0.73957521444815,0,0.217993998515264,NA,NA,NA,NA,NA,NA,NA,NA,NA,NA
"2459","48367",0,0,5.35623193094833,0,6.11435931958675,0,0,0,0,0,3.28784672697301,3.45904245118104,0,0,0,0,8.91845293563162,4.1243227314426,2.72331346976732,0,0.867751688481197,0.818431377261219,0.82469797668213,0.863425369148054,2.6278800826066,0.829550179563074,0,0,0,0,1.46666734620259,1.8306839527658,1.97975657265453,0,0,1.88030755978481,7.81042537930828,0,0,3.99471609404494,0,2.42432412748117,NA,NA
"2460","48369",0,6.38923392032348,3.73038711983005,0,2.14548227446624,0,0,0,4.63473795077689,0,0,4.06596529904086,0,0,7.27053849996409,NA,NA,NA,NA,NA,NA,NA,NA,NA,NA,NA,NA,NA,NA,NA,NA,NA,NA,NA,NA,NA,NA,NA,NA,NA,NA,NA,NA,NA
"2461","48371",0,0,0,0,0,12.3954918704862,0,0,5.0091669917709,0,0,0,0,0,0,0,7.70037198491177,0,9.664262516505,0,2.17450993016473,0,0,0,4.09048257024901,0,0,0,NA,NA,NA,NA,NA,NA,NA,NA,NA,NA,NA,NA,NA,NA,NA,NA
"2462","48373",0,0,12.798633678712,0,0,4.45273898819296,0,0,1.1373886938505,0,0,0,0,3.0319111793274,0,0,7.26937158820882,0,6.01917094358187,0,0,0,0,1.58083382866252,0,6.09863239875314,0,0,0,0,0,2.41160684779577,0,3.20574656820241,0,0,0,NA,NA,NA,NA,NA,NA,NA
"2463","48375",5.3593048205652,0,0,0,0,4.74235797855618,0,5.88304812733842,9.30327719709775,0,2.51759232202064,1.19179419497731,4.96963854891058,0,0.214505471664213,1.2360300427715,2.19020297625403,0.192120535586622,1.33096353065025,0.754232608099401,0,1.83265317226158,0,2.84056496422553,1.82680730995658,1.60867410917574,2.99027145700696,1.46040334237294,1.82632641528828,1.22050056948901,2.28073122433718,1.13059901274006,3.35264594634447,2.11240260625966,0.270204870188259,2.15115242496558,1.04093748998316,1.9214744981481,1.81582093368555,2.40666985385503,1.49030228265069,0.825797659198044,NA,NA
"2464","48379",0,0,0,0,0,7.2728236210439,0,0,0,0,0,0,0,0,0,0,0,0,0,0,0,0,0,0,0,NA,NA,NA,NA,NA,NA,NA,NA,NA,NA,NA,NA,NA,NA,NA,NA,NA,NA,NA
"2465","48381",0,0,0,0,3.15138939200099,0,8.33077162496748,0,5.62201405703694,6.07196034229026,0,1.82000027843912,1.15725231476864,3.30593485997783,0.563717977058712,0,1.03872369284977,3.03859286439455,0.93170762227695,0.86388977657538,0.821132827995473,0,1.91616522763687,0,1.63443918256968,2.94920597912999,0.814858514967808,1.10380321200428,1.51088702078903,0.472694617854981,0.314981743578426,1.31271716873037,2.00147236021095,1.90004726356011,2.10464499185345,0.973065501413819,2.02112583835282,0.849646158560909,1.13563164173461,1.71910865248277,1.66128578675493,0.97237122281014,0.592674815896746,NA
"2466","48387",0,0,0,0,0,0,0,0,0,0,0,0,0,0,0,0,0,0,NA,NA,NA,NA,NA,NA,NA,NA,NA,NA,NA,NA,NA,NA,NA,NA,NA,NA,NA,NA,NA,NA,NA,NA,NA,NA
"2467","48389",0,0,0,0,0,0,0,0,0,0,0,38.5206446780483,0,0,0,0,0,0,0,0,0,0,0,0,0,0,0,41.9184479525812,0,0,0,0,0,0,NA,NA,NA,NA,NA,NA,NA,NA,NA,NA
"2468","48393",0,6.38923392032348,0,0,0,0,0,0,0,0,0,0,0,0,0,0,0,0,NA,NA,NA,NA,NA,NA,NA,NA,NA,NA,NA,NA,NA,NA,NA,NA,NA,NA,NA,NA,NA,NA,NA,NA,NA,NA
"2469","48395",0,0,0,0,5.8621602337794,0,0,0,0,0,0,0,0,0,0,0,0,0,0,0,0,0,0,0,0,0,0,0,0,0,0,0,0,0,0,0,41.9273077940323,0,0,0,0,0,NA,NA
"2470","48397",5.3593048205652,0,0,1.92526119191058,1.7697660057397,5.85252654452109,1.0936310035843,0,0.819474748984052,0,0,1.08319586582568,3.65090909796683,0,2.24319669202715,3.72175367449771,0,3.76407766425294,0,5.5237309048031,0,0,0,0.634376343502875,0,0,4.14705106844387,0,0.617900782804704,1.19523805693698,0,2.94373694694301,1.1088073137012,7.44067320944864,0,0,2.29032220864445,0,0.653751725754284,NA,NA,NA,NA,NA
"2471","48399",0,0,0,5.25744058045737,0,0,NA,NA,NA,NA,NA,NA,NA,NA,NA,NA,NA,NA,NA,NA,NA,NA,NA,NA,NA,NA,NA,NA,NA,NA,NA,NA,NA,NA,NA,NA,NA,NA,NA,NA,NA,NA,NA,NA
"2472","48401",0,0,5.35623193094833,0,0,0,0,4.58415299195226,0,7.38348165201226,2.48481867832247,1.77028021206644,5.03044752545087,0.911682221451927,0,0.716029555294431,0.726813321179097,0,0,0,2.945386549796,0,0,1.95042946550763,11.539313255867,1.71148971042565,0.603225175758923,0,0,0.537732484774625,0,0.824635793691723,0,0,3.55249345946176,0,1.80196304554356,0,3.21376465048567,1.41900997736635,0,0,0,NA
"2473","48403",0,0,0,0,0,0,0,0,0,0,0,0,0,0,0,0,0,0,NA,NA,NA,NA,NA,NA,NA,NA,NA,NA,NA,NA,NA,NA,NA,NA,NA,NA,NA,NA,NA,NA,NA,NA,NA,NA
"2474","48405",0,0,12.798633678712,0,0,0,0,0,6.84360124753242,3.71595891356708,0,0,0,0,0,3.913571599307,5.62284215235652,0,0,0,0,0,1.91270051255879,2.29983358001402,0,0,0,0,0,0,15.162592787002,0,0,0,NA,NA,NA,NA,NA,NA,NA,NA,NA,NA
"2475","48407",0,0,0,0,0,0,0,0,0,0,37.6298754659942,0,0,5.35300990654846,0,3.29754808133193,1.35211031182822,0,3.26621540992725,0,0,0,0,0,0,0,0,0,0,0,0,0,0,0,41.8461925266018,0,0,NA,NA,NA,NA,NA,NA,NA
"2476","48409",9.50379865884122,0,0,0,0,0,0,0,10.279691019091,6.96111399174092,3.90786589368923,0,0,8.3872078062446,0,0,0,0,0,3.03112813207514,0,0,0,0,0,0,0,8.32687605627957,11.0421695527528,0,2.1601296476085,0,0,1.68275117690629,0,0,0,0,0,5.66977079125247,NA,NA,NA,NA
"2477","48415",0,0,0,0,0,0,0,0,0,0,0,0,0,0,0,0,0,0,0,0,0,NA,NA,NA,NA,NA,NA,NA,NA,NA,NA,NA,NA,NA,NA,NA,NA,NA,NA,NA,NA,NA,NA,NA
"2478","48419",0,0,0,5.25744058045737,0,6.80245581390704,0,9.64098836045579,0.989732871343686,0.735230373058671,0,0.627172735604546,2.54958704757068,3.52086765961789,3.70739916388907,1.05618007724471,0,0.55548747262712,1.12261195283843,1.72452412866891,1.42488734202691,0.554821355736419,1.86391008823321,0,0,2.49524857279413,0,4.38659250128983,0.238015287675596,0,2.28615921193891,0.199367987941969,0.606962120818219,0,1.21316753517077,2.82334499117366,0,0,0,NA,NA,NA,NA,NA
"2479","48421",1.9528485272007,0,0,0,2.68260280593416,0,0,1.14196328345873,1.23904574959204,2.49007886139089,0,0,1.23184340216205,2.49421146661004,0,1.21755412855126,0,NA,NA,NA,NA,NA,NA,NA,NA,NA,NA,NA,NA,NA,NA,NA,NA,NA,NA,NA,NA,NA,NA,NA,NA,NA,NA,NA
"2480","48423",0,2.81288405043665,0.999171278744313,2.01922082878285,2.04497626724796,0,1.17483069233762,0.295698068246785,1.23570057793884,0.32746254687237,1.73355624909229,3.62424050014225,1.12603441400551,0,1.17567503565495,2.85456333919484,0.795924566672865,0.560353106875284,1.0892898591909,0.899723270733705,0.549714148299131,0,1.08743070043087,0.487239707178102,1.35103993152401,1.14273134368545,1.15320723316075,1.39905470930556,0,0.83612135384953,0,2.26914752778251,0,0,0.421445562467947,0.970208648592406,2.64517146646775,0,1.58723311588875,1.0148143997689,0.975779615825615,0,0,NA
"2481","48427",9.50379865884122,0,0,0,0,6.49174112276038,2.64419704386239,0,0,1.79261544710041,1.71509809770342,0,0,0,0,0,0,0,0,0,0,0,0,0,0,0,0,0,0,0,0,0,41.9273072620081,9.50379865596679,0,0,0,0,0,NA,NA,NA,NA,NA
"2482","48429",0,0,0,0,0,0,0,0,0,0,0,0,0,0,0,0,0,0,0,0,0,0,0,0,NA,NA,NA,NA,NA,NA,NA,NA,NA,NA,NA,NA,NA,NA,NA,NA,NA,NA,NA,NA
"2483","48437",0,0,0,0,0,0,0,0,0,0,0,38.5206446780483,0,0,5.35446033612427,0,3.29759447209957,0,0,0,0,0,0,0,11.8063836123818,0,5.83950859220481,0,3.07496976201445,0,4.34209391272443,0,0,0,0,0,0,0,0,NA,NA,NA,NA,NA
"2484","48439",2.46128932439719,1.89631215867731,1.79706218616935,0.763999281804636,0.964974170430685,0.931372462465815,0.738137816739826,6.01798290073438,1.63796282619572,0.562928800788775,1.20245705800388,1.69859281156676,0.574445576590565,0.380366984262186,0.960370903830478,1.89013969696582,1.99250175022946,1.25777039522382,1.56698964697019,0,1.69225637589185,1.75558706357607,0.987254020402079,1.08105261067379,1.72264734424485,1.2727356061756,0.787262736872055,0,0.199691016724315,1.54927348891518,0,4.45284837826773,2.48201840469092,1.75270454622277,1.22148548056341,0,0.690009555532265,0.692174208100219,1.68952480311437,0,1.69674540782606,1.37306673772837,0.93631290955802,NA
"2485","48441",9.50379865884122,4.20373720110854,11.5387900454028,2.00443140318745,1.99175933708236,0,1.85567417381641,2.09595205157308,1.50449350122052,1.35282987217029,0,2.13935177734474,0,3.7041501605454,1.00580790185221,0,0.896648270295384,1.98630292745627,0,1.34184539965561,1.13061665339047,2.19481741332728,6.51333096554795,1.96349566317336,0.188376021646202,0,1.62498645868079,2.13602314361855,0.905417004282169,0,0.983219716456752,0.475313359546915,2.68842053855478,1.69338444588385,0.981747492866112,1.77031972369108,0.462373178905971,1.15960308413989,0.0552817182814691,NA,NA,NA,NA,NA
"2486","48445",15.495240879053,0,2.21227495849444,0,0,0,0,0,0,0,0,0,0,36.4750662885892,0,0,2.85874118464142,0,0,6.49774969642603,0,0,0,0,0,0,0,0,0,0,0,0,0,0,0,0,41.9099064169642,0,0,0,0,NA,NA,NA
"2487","48449",0,0,0,5.25744058045737,0,6.80245581390704,4.43225397283887,0,0,0,1.3634612093569,1.48005205192854,0,0,0,2.40422766866557,0,5.16397342520523,2.08037506104735,0,4.19196216527026,0,0,0,0,0,2.12939456356114,2.54978761440146,0,6.59967659788242,0,NA,NA,NA,NA,NA,NA,NA,NA,NA,NA,NA,NA,NA
"2488","48451",15.495240879053,0,0,1.93835324499262,3.28667193303104,1.37670737559402,3.38471359446909,0,0.843797918986906,5.09221745280095,1.70898762368782,0.469537362238474,1.24894753187185,0,0.412512030065723,3.01694479747045,0.424780018310614,0.837813458889723,0,1.7469122282945,0,0.492696323226626,0,0.663026235664746,0,0,0,0,0,0,6.59661921792003,0,5.23805778561233,3.52512288865218,0,0,8.88243024151627,4.47659847187094,0,11.5813642310378,0.27178722526883,NA,NA,NA
"2489","48453",3.11902509001814,0.716088773353726,0.908566723881562,1.35585187768822,2.36390987529605,0.987805832470055,1.01478432888609,0.280731918058267,1.76756714594438,0,4.76587396237474,0,2.64110538304673,1.52670927893337,0.449462833773996,0,1.29483925277648,1.12118460000628,1.21508444291485,1.29991509642545,1.41125957992821,0.745941588139555,1.92654853968671,0.963250154092614,1.57601166104883,1.81943251478539,0,0.315190697394743,0.300223887727744,1.37804207207035,1.34092468369483,1.83300711757237,1.46860755514507,0,0.348310310720213,0.348730311261102,1.25737881651464,1.95441892115725,2.88549717308134,0.642859691667656,0.62143831602592,0.799190183887714,1.12708286478747,NA
"2490","48455",9.50379865884122,0,0,0,0,3.5182408882082,0,0,0,0,5.30233497787429,0,10.5262758145689,0,0,0,0,1.83784249479577,0,0,0,0,0,0,0,0,0,0,0,0,0,NA,NA,NA,NA,NA,NA,NA,NA,NA,NA,NA,NA,NA
"2491","48457",0,6.38923392032348,0,0,0,0,0,9.57367424640801,0,0,0,0,0,0,5.53901959884852,4.98565594270037,0,0,0,0,0,0,0,0,0,0,0,0,0,0,0,0,0,NA,NA,NA,NA,NA,NA,NA,NA,NA,NA,NA
"2492","48459",9.50379865884122,0,0,2.83242606908575,0,0,0,0,7.46645412147987,2.95270223274476,0,0,0,3.83845011163339,0,1.78283263797311,0,0,0,0,0,0,6.46330454062067,9.89593045236814,0,2.13298467523451,0,0,0,0,0,3.86846909637611,4.04076741391917,0,0,0,NA,NA,NA,NA,NA,NA,NA,NA
"2493","48463",0,0,5.35623193094833,0,6.11435931958675,0,0,0,0,2.45199494155542,0,0,3.3886269430368,3.03959113527599,0,0,0,0,0,0,0,0,0,0,0,0,0,0,0,0,0,0,0,0,0,0,0,0,NA,NA,NA,NA,NA,NA
"2494","48465",0,11.0886817491692,5.35776793515118,0,0,0,0,0,0,0,0,0,16.5013934420941,8.29464294266473,0,3.11251601337582,4.35870719107756,1.58103050108757,1.25974292181013,0,0,0,0,0,0,0,0,0,0,0,0,0,41.3719001961011,0,0,0,0,0,0,0,NA,NA,NA,NA
"2495","48467",0,0,0,0,0,0,0,14.0040270250776,0,0,5.20437410910821,0,3.28972208384641,0,2.49451968730262,4.11330829118571,0,0,4.10814945637818,0,0,0,0,0,2.31784348508276,0,3.20072150597915,0,0,2.85477078313472,0,0,0,0,0,0,8.58569147848103,0,0,4.99869780456291,3.60666535887634,0,0,NA
"2496","48469",0,0,0,0,0,7.2728236210439,12.9942923277486,0.771103687086755,2.06516404367215,2.66414568751591,1.49875911407453,0,0.760299559005021,3.63542487062026,1.90255830867012,1.26424599416121,1.10555125043995,0.436999390693139,0.145529628853405,0.626293339761937,1.04740110748101,0.392972728360117,0,0,0,1.71228765902537,0,1.25773501325842,0.69711759506214,5.81916404220273,0,3.70828432906602,0.977789867868134,1.10970406505033,1.48923038708585,0,1.18788839964777,1.21384353212169,0.499420905271117,0,0,NA,NA,NA
"2497","48471",0,0,0,9.34328727054725,0,2.48247901225698,0,0,0,4.40611031632662,3.8571288587319,0,3.78314128522546,1.95479129011966,0,3.54438299459526,0,0,0,1.41069358406262,0,3.58158721429766,11.0282858076648,0,5.22972833844454,1.61505541845103,0.142658967839756,1.15350211993713,0,4.93486934698352,0,2.05916192677188,1.23472732024819,0.968884629187556,0,2.02257382648539,0.577773674542691,0.881144835915416,2.38528042073919,1.59560305667011,0,1.70856741637285,0,NA
"2498","48473",0,0,9.4989667055933,0,0,4.10640348441828,3.22008455744105,1.26112452435505,0,1.01690206449814,1.96335826752419,0,0.992256879560499,1.02769662471209,1.05661890317363,1.07095438405206,1.06989088718737,2.06413980718192,1.87823335241359,1.65066998312861,0.734359183903504,0,0.718895630815332,0,0,3.31016444982992,0,0,1.30803930203885,1.33443377742109,0,2.77131274144286,0,1.33027895711233,1.29633233692288,0,0,0,NA,NA,NA,NA,NA,NA
"2499","48477",9.50379865884122,0,2.1407961319414,0.85164248459129,5.41721548315168,0,0,0,0,1.24500035715291,1.48509493277358,2.40930655710827,2.91863447503452,3.41244726178313,0.872476077285551,0.370210274427652,0,0,2.94104577268052,0.87303804483556,1.2994683547182,0.41938903305185,0.827194500581101,3.51128781337182,2.32526497440325,0.837953675425447,1.69504717801377,0,4.91374209100773,1.58566159710683,0,2.74524753076788,0.426014788496103,0.205025308988039,0.213939116979515,0.120591079303918,0,0,NA,NA,NA,NA,NA,NA
"2500","48479",0,0,6.48807626759561,1.7857521187412,4.98815777839496,2.57707652147714,1.59335051812978,1.2881698891628,2.18255068550672,0,3.21026336094307,0.320273097618088,2.60451832944823,1.87736808820528,2.51508613355244,0,1.08422790712291,1.59006456771106,0.843862299072993,0.383278161492604,1.56009206211531,0.396266284599528,0.822235492548695,1.44104101647772,1.35355185302407,0.500605789758864,0.672278330112844,1.19909026152654,1.12732679912474,0.0890433999663774,1.30852851187102,2.42904327313064,0,1.48891438877758,0.17288294122164,0.449449973032946,0.0989001550848517,0.34688776739725,1.2470814666533,0.807788817103222,0.900069156960175,3.06972838027582,0.974737175499286,NA
"2501","48481",0,0,9.4989667055933,0,0,0,0,7.27133135187641,0,1.69406252725705,2.78482950611942,0,0,0,4.92020833631297,4.11460815211231,0.791583393881417,0,3.46832853116101,0,0.959544337825457,0.478360872930315,0.502643459260495,0,2.48860853850363,0,1.38226089902943,0,0,1.7062741391242,0,0,0,0,2.14561799833545,0,0,0,4.04716833222625,0,0,0,7.6015152425468,NA
"2502","48483",0,11.0886817491692,0,4.17203478218357,0,0,2.68523316003899,0,0,1.46088164013272,1.53605469206026,0,NA,NA,NA,NA,NA,NA,NA,NA,NA,NA,NA,NA,NA,NA,NA,NA,NA,NA,NA,NA,NA,NA,NA,NA,NA,NA,NA,NA,NA,NA,NA,NA
"2503","48485",2.86260695800588,0,3.50628951870845,1.78558145157751,3.48850933171891,4.09657701106855,0,1.64696637180777,0.592668719768768,2.21077463045334,1.27394527756748,0.24183752092145,0.485746218394285,0,0.297424849103975,0.361261702737257,0,1.20755234668226,2.18502155807354,0.767295757518438,1.48262365108739,0,0,0,0.956770772115913,0,1.50524883343446,1.7323219766915,1.73973413786469,0,3.02273405782465,0,0,0,0,0,2.94740203012924,3.27080426708654,2.83010249213778,0,0,0,0,NA
"2504","48487",0,0,0,0,0,0,0,0,0,0,0,0,0,0,0,0,0,0,0,0,NA,NA,NA,NA,NA,NA,NA,NA,NA,NA,NA,NA,NA,NA,NA,NA,NA,NA,NA,NA,NA,NA,NA,NA
"2505","48489",0,0,5.35623193094833,0,0,3.32949567636171,0,5.33822893993984,0,0,0,3.83111618372885,0,0,0,0,0,0,0,13.5811689601527,0,3.17695959563101,0,0,2.07627127817087,2.0027138998743,0,0,5.65554721587997,0,0,0,0,0,0,0,0,0,NA,NA,NA,NA,NA,NA
"2506","48491",5.87139386101264,0,3.44865146136611,1.62250392378762,1.84818533232376,0,0.679495180182108,0,1.31744959880774,2.25505436973833,3.42017508732094,1.73876189708739,0,1.01472203962396,0,0.719260738343225,1.19609186160043,2.1227294813103,1.24882198004359,1.35831550839585,0.541167164117918,0.699155070581573,0.356919962983347,0.953411881323322,0.82689329356121,2.57180114899693,1.22026079008217,0.939691418249406,0.706690536051478,0.175069915446147,0.372215967474208,1.82661624637223,3.05211415285581,4.09383530130653,0.663734000847754,5.07728051992097,1.79698542219408,0,0.739313354155835,0.263487048575117,0.399920924719941,0.655070857516927,0.386883216544676,NA
"2507","48493",0,0,5.35623193094833,0,0,3.32949567636171,0,5.33822893993984,2.04516750363198,0,0,0,1.73938458756498,1.87800396865692,1.86752182288957,1.7032857015919,0,1.45853343860611,0,0,0,4.16428258181761,9.7265071532184,0,1.5463927673077,0,0.619132589528602,0.643373301448103,1.39013967118267,0,0.844901846688121,2.6591005914919,0,0,1.82707939142262,0.928128392104619,0,1.02805533936773,0,0,NA,NA,NA,NA
"2508","48495",0,0,0,0,0,7.2728236210439,5.45943948707598,0,0,0,0,0,0,0,0,0,0,0,0,0,0,0,0,0,NA,NA,NA,NA,NA,NA,NA,NA,NA,NA,NA,NA,NA,NA,NA,NA,NA,NA,NA,NA
"2509","48497",0,0,9.4989667055933,0,0,0,0,0,0,0,8.03775108653638,6.28643380587454,0,0,0,0,6.48221407673727,2.64332907659021,2.01579766129214,0,0,4.21208591171529,1.22563443188883,1.08421678018265,0,1.00405406023616,0,0,0,3.58847349552217,0,0,11.187603121195,0,1.5320466309286,NA,NA,NA,NA,NA,NA,NA,NA,NA
"2510","48499",0,0,0,0,5.8621602337794,4.56895436484149,3.16624559721627,0,0,1.95178341493758,0,0,0,2.92562199294265,0,0,0,0,0,0,0,0,19.8137499615937,0,0,0,0,0,0,9.82184675914746,6.54529039571334,3.79139210172821,0,0,NA,NA,NA,NA,NA,NA,NA,NA,NA,NA
"2511","48501",0,0,0,0,0,0,0,0,0,0,0,0,0,0,0,0,NA,NA,NA,NA,NA,NA,NA,NA,NA,NA,NA,NA,NA,NA,NA,NA,NA,NA,NA,NA,NA,NA,NA,NA,NA,NA,NA,NA
"2512","48503",0,0,0,0,0,0,15.9172924009947,0,0,0,0,0,0,0,0,0,0,0,0,0,0,41.7112497406303,0,0,0,0,0,0,0,0,0,0,0,0,0,0,0,0,0,0,NA,NA,NA,NA
"2513","48505",0,0,9.4989667055933,0,0,0,0,0,0,5.19995015470061,8.70951188522593,0,0,0,0,2.3124551488341,0,0,0,0,0,0,0,0,0,0,0,0,NA,NA,NA,NA,NA,NA,NA,NA,NA,NA,NA,NA,NA,NA,NA,NA
"2514","48507",0,0,0,0,0,0,0,0,0,0,0,0,0,0,0,0,0,NA,NA,NA,NA,NA,NA,NA,NA,NA,NA,NA,NA,NA,NA,NA,NA,NA,NA,NA,NA,NA,NA,NA,NA,NA,NA,NA
"2515","49003",0,0,12.798633678712,2.30246326940689,2.96826577340223,0,0,0,3.26864289931598,0,0,1.25696130954287,2.53954480854167,0,0,0,0,1.9590562249057,0,0,5.91894257387063,0,28.3948130304157,0,NA,NA,NA,NA,NA,NA,NA,NA,NA,NA,NA,NA,NA,NA,NA,NA,NA,NA,NA,NA
"2516","49005",5.3593048205652,0,3.95210594395606,0,2.58781779213532,0,0,8.13807416722886,0.749558340650059,1.74969461438257,1.43063287643407,0.833056202112566,1.53332158147643,0.367377328718097,0.374846123208157,1.57137859399386,0,1.3332647979068,0,0.52845622608935,0,NA,NA,NA,NA,NA,NA,NA,NA,NA,NA,NA,NA,NA,NA,NA,NA,NA,NA,NA,NA,NA,NA,NA
"2517","49007",0,0,0,0,5.8621602337794,0,0,0,0,0,0,0,0,NA,NA,NA,NA,NA,NA,NA,NA,NA,NA,NA,NA,NA,NA,NA,NA,NA,NA,NA,NA,NA,NA,NA,NA,NA,NA,NA,NA,NA,NA,NA
"2518","49011",5.60367441330749,0.59136752759772,0.854906695371525,0.730534112463271,1.8657653094162,1.43973965247684,1.50197622205903,1.11848710902171,0.920491396988442,0,2.46696434573206,2.30835376663995,1.60884423692868,0.477522071389092,1.06774009945552,0.347913904602745,0.453087186292666,0.693341067923459,1.09841525353021,1.53111393412372,0.722291829318029,0.607944018788982,0.865067374712186,0.762575602953568,0.402165798753176,1.01143034930742,0.469876308556889,1.02087363845849,1.08377671257604,0.190121224281044,1.20758212981685,1.04524259374689,0.43323016753173,2.61184570799199,1.41921977926904,0.188988104589533,0.372632690655073,0.962723996811736,0.411781115037152,1.77356091518094,0.691892668458511,0.944040241624735,0,NA
"2519","49013",0,0,0,0,0,7.2728236210439,0,4.90026697475059,0,0,0,0,0,0,NA,NA,NA,NA,NA,NA,NA,NA,NA,NA,NA,NA,NA,NA,NA,NA,NA,NA,NA,NA,NA,NA,NA,NA,NA,NA,NA,NA,NA,NA
"2520","49015",0,0,5.35623193094833,0,0,0,0,0,0,0,13.0113996646906,0,0,NA,NA,NA,NA,NA,NA,NA,NA,NA,NA,NA,NA,NA,NA,NA,NA,NA,NA,NA,NA,NA,NA,NA,NA,NA,NA,NA,NA,NA,NA,NA
"2521","49017",0,0,0,0,0,0,0,0,0,0,0,0,0,0,0,0,0,NA,NA,NA,NA,NA,NA,NA,NA,NA,NA,NA,NA,NA,NA,NA,NA,NA,NA,NA,NA,NA,NA,NA,NA,NA,NA,NA
"2522","49019",0,0,0,0,0,0,0,0,0,0,0,0,0,0,0,0,0,NA,NA,NA,NA,NA,NA,NA,NA,NA,NA,NA,NA,NA,NA,NA,NA,NA,NA,NA,NA,NA,NA,NA,NA,NA,NA,NA
"2523","49021",15.495240879053,0,1.13611065526251,2.63846497417236,1.44574716884242,0,0.643268953180163,0,0,0,0,0,0,8.93281085833299,0,0,0,NA,NA,NA,NA,NA,NA,NA,NA,NA,NA,NA,NA,NA,NA,NA,NA,NA,NA,NA,NA,NA,NA,NA,NA,NA,NA,NA
"2524","49025",0,0,0,5.25744058045737,0,0,0,4.20585389023139,0,0,0,0,0,0,NA,NA,NA,NA,NA,NA,NA,NA,NA,NA,NA,NA,NA,NA,NA,NA,NA,NA,NA,NA,NA,NA,NA,NA,NA,NA,NA,NA,NA,NA
"2525","49035",4.02705305265212,1.12523921447169,1.44080326795799,1.18100149601424,1.55407813647306,2.03799339812343,1.41864622384128,1.11354135176099,0.953650865239071,0,2.09674722409345,1.65729316931852,2.5354973810328,1.81046896310795,0.619430289906018,0.477144310815109,0.800264898624218,0,2.69775211627243,1.05660960926966,0.939347241911992,0.514710109602133,0.501151599900433,1.67383223067594,1.55974612489397,1.28638341384729,1.38969403775809,0.968502408592289,0.761368845376626,0.580512538038457,1.11968218311168,1.32695206934107,1.21309210534532,1.05083354351919,1.24442142261362,0.598577327586686,0.85759507522714,1.20777819983822,1.18548196880536,1.14791778860003,1.06066555698464,1.21734147498077,0.751016478457428,NA
"2526","49037",19.617755579559,0,0,0,8.61265135896033,0.871615813385861,0,0,0,0,0.99083121338007,0,0,4.5288188976539,0,2.05420020754269,0,0,0,13.0935971493647,1.0099232627796,2.75421198295526,3.3985739993819,1.79429903393808,0,0.830339853499964,0,0.92477860583487,1.03427489142637,0.763475887741315,0,0,0.565069740341221,0.678580778140819,15.9390008942529,5.49871253329836,2.28195555316471,NA,NA,NA,NA,NA,NA,NA
"2527","49043",5.46768632676049,2.15187242437892,0.610220024780567,0.437831360076061,0.488770589222188,1.7800155350365,1.7114272303878,1.10283272503712,0.333321502771921,0,2.24725863112731,1.25802793687517,0.551614957186228,1.75225620531569,0.261678823305684,0.332579123019953,0.568068970071603,0,2.09860606092174,0.398588897493893,0.430324535365556,0.233746480083929,0,0,0.401712279664415,0.797949770183857,1.70016651238967,0.779317700895959,4.78090615256353,1.17401863737784,1.43104822704243,0.414977648309951,1.5438760056227,0.743123632297061,0.375795280308322,0.201007333834671,0.227608816128756,0.539306595129702,2.49219872438701,1.29340512420869,0.630528640665951,0.308380609834436,0.315801161526245,NA
"2528","49045",0,0,1.95162457285785,1.65483862258168,1.47473507496357,3.80047550670882,1.03769827096184,0,2.50603713140645,0,0.778880589681624,2.33128018435567,0.748861215285202,1.43339701777406,1.98903100656454,0,0.608868237875885,0,3.37429999666749,1.90710168311263,0,1.63864889633666,0,1.58255926425343,0.536004970931971,0,0.633847637292806,2.08913327205884,0,0,0.884156757780673,3.66659638201041,0.846963984493422,3.61301311404516,1.1643360601912,0.985311547137284,0.888249928665524,2.05875393767063,0.768100027401675,1.10337415607167,0.36274178572559,0.745909152462815,0,NA
"2529","49047",0,0,0,0,0,7.2728236210439,0,8.77495803435303,0,2.13632071263238,1.71497544290739,0,0,0,0,0,NA,NA,NA,NA,NA,NA,NA,NA,NA,NA,NA,NA,NA,NA,NA,NA,NA,NA,NA,NA,NA,NA,NA,NA,NA,NA,NA,NA
"2530","49049",8.23078188037706,1.59932456617357,2.60092547107205,2.28340554275138,0.617833393141386,1.1060030754655,4.75502047115221,1.32453018319527,1.99553045912477,0,4.02604726418439,4.00796052490105,2.35649003174791,1.5052553690841,0.29556441835627,0.514124320932607,1.22708551647825,0,0.737713842021066,0.625371756494175,1.05385227634367,0.577845481869926,0.898626888648705,1.22808733159186,2.47162904089651,1.03516170402922,0.834280437125812,2.08504113709711,2.09522239068407,1.07217255273084,1.793086090263,1.39272484211887,1.75966617872111,1.51297455778428,1.26351021326369,1.13733356699716,0.718592123245026,0.771609625648913,1.21991243926142,0.768679553574663,0.616739109678143,1.18825147506062,1.14225473841086,NA
"2531","49051",4.15216491595613,2.85548276479402,0,2.0248708397758,2.73785648538315,2.27279980110759,0.722975709211993,1.08035328642334,1.20562363272322,0,2.18723070255652,1.54173297830605,0.186074259994538,1.46253531824767,0.182041228758247,0.19181998761063,0.428111728313384,0,4.02347828989319,0.567274667576797,1.32757268032616,0,0,0,0.341551517197949,0,3.51884369895726,1.28076032399992,3.97016374999172,1.74919635249723,0.354705346131359,1.25776874889464,0.595269370702493,0.896545460136572,1.81377371870988,0.600932044514408,0.605643894087071,1.52468465345514,0.306568867740215,2.14695477737236,0.300048742127769,0.901140296644595,1.78586397760487,NA
"2532","49053",0,0,3.38680551355391,0.909305238542674,3.05708770122281,0,4.00169185387327,0,0,1.79164808500722,1.32510497351701,0.439896148914666,0,1.94063465828384,2.39368907588444,0,0.447263283213516,3.82186448559171,0,0.363673180374598,0.369791937117903,0.79257215734321,0.870972616039477,0,11.3282074312137,0.815799982989715,NA,NA,NA,NA,NA,NA,NA,NA,NA,NA,NA,NA,NA,NA,NA,NA,NA,NA
"2533","49057",1.4818919181257,0.857249930934062,2.48105582185975,2.86404033813932,3.28873987686906,2.22669176631131,0.452580793100297,10.6276448849529,0.192399606350224,0.148050370794914,NA,NA,NA,NA,NA,NA,NA,NA,NA,NA,NA,NA,NA,NA,NA,NA,NA,NA,NA,NA,NA,NA,NA,NA,NA,NA,NA,NA,NA,NA,NA,NA,NA,NA
"2534","50001",9.50379865884122,2.89939156114278,0.931860810253451,2.13392828317166,0.600387447571252,1.10879187231781,1.07166280143065,0,3.27776881196389,0.513737114260382,0.974634967662107,2.68980463842332,0.799180011261593,2.14180336023241,0,2.15277449047653,0,0.895795293260429,0,1.38888141464394,0.380680426298185,0.423644268314283,0,0,0,0.963610188803781,4.59809367439856,0,0,0,0,0,0,0,0,0,0,0,0,0,0,0,0,NA
"2535","50003",0,7.6934445400499,1.80841073695112,0,2.27026954230866,0,0.517416805087712,0,1.27688950267304,0,0,2.09442206684625,4.21047430932862,0.899361626460152,0.772331667570716,1.37737611128477,0,2.55677139958006,0,0,0,0.853083894715859,0,0,1.72959796959245,0,8.11289035188875,0,0,0,0,0,1.88076096620752,2.2469130002278,2.26542740659166,0,6.56068592801004,0,0,2.81888324149112,0,3.24686801638132,0,NA
"2536","50005",0,0,0,5.25744058045737,0,0,0,0,5.09017922955181,4.32093511767359,0,2.70982570475408,2.16908141759996,0,3.28351544277952,0,0,0,0,0,3.01083127594446,0,0,0,4.58195072394755,0,6.69970683683208,0,0,0,0,0,3.32432023741149,0,0,0,0,0,7.04512262635682,0,0,0,NA,NA
"2537","50007",4.92937631517187,2.0392120838191,2.5346415705337,2.48534449052835,1.47498296286211,1.25284850081403,0.904009532730264,0,2.55988178366462,0.848511109384438,0.893074519967969,1.4618435232625,2.80121518334451,1.37350904199597,0.656260560655633,1.00332520096141,0,1.26255481812389,0,0.822791161269776,0.805143175806534,0.554504171238205,0,0,0.555676114549642,0.139566381301038,1.06791426532504,0.22151402157108,0,1.92075940389213,0.692990787845156,0.723003097547507,0.37634874653418,3.36625646558508,1.67514463201899,1.17214003235028,0.529812921512813,0,0.546943292535664,0.308507152759162,1.08420919187739,0.422420701332794,0.968738216515318,NA
"2538","50009",0,0,0,0,0,0,0,0,0,27.462168420246,0,0,0,0,0,0,0,0,0,0,0,0,0,0,0,NA,NA,NA,NA,NA,NA,NA,NA,NA,NA,NA,NA,NA,NA,NA,NA,NA,NA,NA
"2539","50011",0,0,2.86085361663031,2.28345580269797,3.60228003002534,1.40964949202017,2.27402945662771,0,3.42345028360556,1.45409659525339,0.640868347833076,2.84414200978751,0.990793973970259,1.75622695482182,0.793350905929539,1.47592859440085,0,0.734625986735064,0,13.9734727111181,0.185386183945219,0.271754099331367,0.117534753481362,0,0.263502853264476,0.326038022510003,0.431188222466544,0.293617770617496,0.784725581273185,0,0,0,0,0,1.96984212663012,0,0,0,0,21.2939766506696,0,0.96873003200818,0,NA
"2540","50013",0,11.0886817491692,0,0,0,0,0,0,0,0,0,0,0,0,0,0,0,0,0,0,0,0,0,0,0,41.9273077843841,0,NA,NA,NA,NA,NA,NA,NA,NA,NA,NA,NA,NA,NA,NA,NA,NA,NA
"2541","50015",9.50379865884122,7.64133496367432,2.07425218773497,1.42908288933537,3.245450207467,2.4911416554312,0,0.634408456614351,0,0.703764993297712,2.3216673655851,0,0,0.965376866001946,1.04868531843117,0,0,0,3.71935165894887,0,1.90522889179172,0,0,0,0,2.99186686503288,0,0,0,0,9.46806586662716,0,2.70501860415268,0,0,0,0,0,0,0,0,16.49283522571,NA,NA
"2542","50017",0,0,0,0,0,0,0,0,9.85568560923158,0,0,0,0,0,0,0,0,20.1110625946745,0,0,0,0,0,0,0,0,0,0,0,38.5206412986672,0,0,0,0,0,7.27278984491749,0,0,0,0,0,0,9.75346268196441,NA
"2543","50019",0,3.45810439938785,0,2.04404960564744,1.78082260793466,0,0,3.41491064641502,0,0,1.73037995454463,0,0,0,0,0,0,0,0,0,0,0,0,0,0,41.8167621108679,0,0,0,0,0,0,0,0,0,0,0,0,0,0,0,0,NA,NA
"2544","50021",3.73187737416727,1.98724770320809,0,0,0,1.47517969249543,0,0,0,10.7274211879792,3.48010961477364,5.25966786801493,4.43539276250045,1.27842087699126,0.338123642926156,0.913637961540183,0,0.975581340310754,0,0.435877300860136,0.528906300488921,1.86396218268866,0,15.0137263280978,0.536008587723394,0,0.164760131973446,0.1639255334206,0,0.231259821826712,0,0,0,0,0,0,0,0,16.7633411753594,8.24968815166682,10.2697762910733,0,0,NA
"2545","50023",5.3593048205652,0,3.95210594395606,2.83285553840337,2.13768280468993,0.868326099556362,1.51246244644923,0,2.0654038231571,0,2.06789662324391,1.96883746004375,0,0.608649990521103,0,1.39426387042221,0,0,0,5.12666995120756,0,0,1.13586232758636,0,0,1.49389126761568,1.68003573883307,1.72608365539425,0,0,1.75665403592231,0,0,0,0,0,0,0,12.5455512429424,0,0,9.24647580563217,0,NA
"2546","50025",0,0,2.32034806090572,0,0,2.12396816793012,2.14386787090268,0,0,5.0182095451607,1.66239030405817,2.02612552775541,2.18455277568065,2.6234359348893,1.41814432324939,0.913638479638749,0,1.14951784329754,0,2.61413856681687,1.29827221289527,0.314772126010794,0.624368528831247,0,0.360353665910218,0.839139225425294,1.45748207772998,0,0,1.3960664151124,1.49854321651127,0,0,0.947985480923079,1.05849951488182,1.15089598881372,1.19729838148716,0,0,0,0,2.35254764306891,0,NA
"2547","50027",5.3593048205652,2.05714277085987,0.941068745934685,0,0.382113998634913,0,0,0,0,0,4.67388195075338,0,2.54795975189446,2.08888364003122,0,3.10255883430039,0,0,0,1.66674756296039,0,4.06515547303688,0,0,6.37366914782573,2.35952169216709,0.908646471848537,2.22386658972198,0,0.620161917348854,0,0,0,1.23131422343866,0,2.05725498416142,0,0,0,0,3.89746406251107,3.71313129077047,2.91850485334867,NA
"2548","51001",0,0,5.35623193094833,0,0,0,3.72919312407338,8.64018730534858,1.85136275183134,0,3.28904663144416,0,0,2.65159982467936,0,0,0,0,1.5679947764824,5.13710823209061,0,0,0,0,6.00332190052716,9.32114201631302,3.00143339883721,3.41414933714375,2.59365132209396,0,1.25343515557642,2.75255291253699,3.27379951167574,4.66655981256221,2.88797494397338,0.424071293886086,1.25222477668283,0.247605600799497,1.42921690563737,1.58225945922446,1.94086131394857,1.65815417224537,0.794530015542528,NA
"2549","51003",0,0,5.35623193094833,3.68219830428101,2.59998000568502,6.82674283865035,0.569982228265236,0.89390964023038,0.783974382425905,0,0.810321512224709,1.33003203456865,0.483059355596288,2.51043089323731,0.958519911812515,1.76147222551833,1.19067227334047,0.734017171009393,0,1.13519700744333,0,1.38422302520458,0.509965089752351,1.63997347958468,0.559105361265696,1.1262067527044,0,0.611979699891568,2.57225258846409,3.00552354384448,1.03468691299232,1.34296744178426,0.404526494199043,0.394876634082925,1.22041030657274,0.430673211334781,1.38308505055865,0.485752844032565,9.00797871872551,0,0.456551520335947,0.611405541986745,0.40089232581114,NA
"2550","51005",0,0,5.35623193094833,0,0,0,0,0,0,0,0,26.4263396604212,0,0,0,0,0,0,0,8.40558135055834,0,0,0,0,0,0,0,0,0,27.4612052785961,0,0,0,0,0,NA,NA,NA,NA,NA,NA,NA,NA,NA
"2551","51007",0,0,0,0,5.8621602337794,0,7.74257507341186,2.51891579352119,1.77691531109933,0,0,1.37630907371526,1.44114514198,0,1.61630443797674,0,0,0,0,3.27688980705037,8.73867778603509,0,0,1.40397942264277,0,1.39514664672332,0,0,0,0,0,0,0,0,0,25.8241302585512,0,0,0,NA,NA,NA,NA,NA
"2552","51009",0,0,0,0,0,7.2728236210439,0,4.90026697475059,0,5.56664504457804,1.99353536377894,0,0,0,0,4.15052794963092,0,2.09682732094837,0,1.84312772399489,0,0,0,0,0,0,0,0,0,0,0,0,0,0,0,0,0,41.9267312856252,5.35930159578739,2.69871978104121,0,1.53357174090505,0,NA
"2553","51011",15.495240879053,0,2.21227495849444,1.67427872632714,2.69839701871522,0,0,0,0,0,0,0,0,0,0,35.1186623992001,6.73359119324773,0,0,5.29571885786594,0,0,0.769687425304638,1.5880342357687,0,0.901151478576494,0,0,NA,NA,NA,NA,NA,NA,NA,NA,NA,NA,NA,NA,NA,NA,NA,NA
"2554","51013",3.46855837618909,0.482173049835116,1.75543729002901,1.15977893485952,1.17433832643522,1.46883504927454,1.04886596816871,0.229274382266556,2.05555792113717,1.63262798086425,0.91624339103644,0.679491263975712,1.41276956269104,2.72073376481324,1.69257968633525,2.22186772214292,0.946177362088431,1.2846321074882,1.44057122903504,1.53228498896455,0.659921081262059,0.905002928510778,0.417842546431524,0.756540314956977,1.3868651895773,1.3764211239218,1.47402584813209,2.13933243448522,0.630811292577226,1.04222816470802,1.17807355974317,0.696915987789075,1.09352216782647,1.27807637453644,0.788674893678619,1.38357791097661,0.855937998207452,1.35725822082568,1.52297920870087,0.971372396412471,1.00590825961832,1.4958639248995,0.765597370404496,NA
"2555","51015",9.50379865884122,7.64133496367432,5.66248140766404,1.15943368609047,0.875661081930192,0.757851239823763,2.09414573040581,0,1.3405782034265,1.33948136843177,0,0,0,1.00869261499251,1.21860389685148,0,4.51220307095674,0,2.37235560262175,3.82559204413682,1.48694360802665,1.80480559955588,0.517138988792176,0.959458621766478,0,0,1.78726370420693,1.30944366899025,1.3515980477346,0.665102922679325,0.654363346827583,0.659565843189132,0.686750533794319,NA,NA,NA,NA,NA,NA,NA,NA,NA,NA,NA
"2556","51019",0,0,9.4989667055933,0,0,0,0,0,0,5.19995015470061,0,0,4.7047034229118,0,3.25173180914389,6.96232139811974,5.57932149016886,0,2.14799718886395,0,0,0.646745425733412,0,0,0,1.75004005196162,0,2.65474484222801,0,2.56131432017982,2.23163170963256,1.87641025291003,3.05130341295916,1.23157001746009,0,1.03167047509752,0,2.23706226600509,3.23023021900888,2.71440835070708,0.737401109053786,0,0.634965373285452,NA
"2557","51023",0,0,0,0,0,0,9.82330751988082,14.9640921946343,0,1.67434412816056,2.53351144859055,0,5.32926848807622,0.702623027291635,0,1.70747976340289,0,0,1.9631551932052,0.704361250501962,0.74644171257521,0.778880914845473,0,0,0,0,0,2.87730580483481,0,3.85271922416623,3.14000519960841,0,2.10497086734051,0,0,0,0,3.23967409939626,0,0,0,0,0,NA
"2558","51025",0,0,0,0,0,0,0,0,0,27.462168420246,9.035975664712,0,0,12.6975259109164,0,0.925734801963848,0,1.53373674193277,0,0,0,1.31042685157468,0,1.96968048604597,0,0,0,0,3.83834213669527,0,0,4.04388381382309,0,0,NA,NA,NA,NA,NA,NA,NA,NA,NA,NA
"2559","51027",0,0,0,5.25744058045737,0,0,20.8636050641704,0,0,0,0,0,0,0,0,0,0,12.7303064615708,0,6.10432551710784,6.79878279936025,0,0,0,0,0,0,NA,NA,NA,NA,NA,NA,NA,NA,NA,NA,NA,NA,NA,NA,NA,NA,NA
"2560","51029",0,0,2.86085361663031,2.28345580269797,0,0,3.75374785339894,4.66927510330098,0,1.03707050024904,3.52600485865697,0,1.38065265021906,1.29576779213122,2.3919647621801,0.544004196999177,0.517996516305991,0.519838086232212,0.548348587232123,0,0.716131803786735,0,3.96341560856714,0,2.72747264609315,0.795065764931129,6.25475285547213,4.187960618909,0,0.753831100777747,7.07486543971498,5.41474647281628,0,0,NA,NA,NA,NA,NA,NA,NA,NA,NA,NA
"2561","51031",9.50379865884122,0,0,0,0,0,4.64153255959367,4.33414123910855,0,7.39833600428656,3.12976090002312,0,0.960671058126516,0.890842597825617,0,0,0,0,0,0,5.21434901504219,0,0,0,0,5.76058348838205,0,0,4.2674105480572,0,0,3.27017329131637,0,0,NA,NA,NA,NA,NA,NA,NA,NA,NA,NA
"2562","51033",0,0,0,12.6099043814729,0,0,3.25630894370275,0,0,0,1.6782640477025,3.52533219301063,3.08289034182668,0,2.1819845222144,0,0.946682442717216,2.75507315463258,2.4667215094655,0.713953713963582,0,0,0,0,1.21365542566696,4.39997937981371,2.70241887852539,4.93704368888796,0,0,0.575085723199301,NA,NA,NA,NA,NA,NA,NA,NA,NA,NA,NA,NA,NA
"2563","51035",0,0,0,0,0,0,9.82330751988082,0,5.48292375749834,0,0,0,0,0,0,0,0,0,0,0,0,0,0,0,0,0,41.9261557547373,0,19.8478448591833,3.23938773774598,0.984000550852508,0.751022026998568,1.3047539671911,2.35573025201818,NA,NA,NA,NA,NA,NA,NA,NA,NA,NA
"2564","51036",0,0,0,0,0,0,0,0,0,27.462168420246,14.8677285764154,0,0,0,0,0,3.03862009355914,0,6.63680519466618,2.41695212846266,1.7621910133251,0,0,0,0,2.14528476482264,2.47202114318664,0,0,0,0,3.40936617532088,0,0,3.83959397563549,0,0,0,0,0,0,21.5064236140222,0,NA
"2565","51037",0,0,0,0,0,7.2728236210439,0,8.77495803435303,0,0,1.99311002562231,4.98843515058123,0,0,0,0,0,0,0,0,0,0,0,0,0,0,41.5775099440118,9.49940209145552,0,3.13123387937422,NA,NA,NA,NA,NA,NA,NA,NA,NA,NA,NA,NA,NA,NA
"2566","51041",1.4818919181257,0.857249930934062,0.649070606021515,0.577508014867634,0,0,0,8.18329919322089,11.8924913515269,4.28810898566209,2.24807174262435,1.81168453727058,1.51751997219471,0.156631864006833,0,1.64052719183499,1.45888236339072,1.12779732616727,1.75750293884623,1.82972681069582,0.4150529433906,0.133925328035366,2.01697772904854,0.867360223575643,0.867711316010677,1.58431096773481,1.20645971993788,0.0620538403703844,1.25670884823663,0.959168906958137,0.658253253975931,2.99181045430602,1.24293528454362,0.909583378519527,0.845446850987551,0,1.57341123696938,0.686759539534911,1.63374460349489,1.39307736286349,1.80629082024351,0.371687094711167,0,NA
"2567","51043",9.50379865884122,0,0,0,0,3.5182408882082,0,0,0,0,0,11.8409101465151,3.74002974906134,0,0,0,0,0,0,0,8.11608360460646,0,0,0,0,0,7.2544473880053,0,4.89974561826274,3.40200365227245,0,0,NA,NA,NA,NA,NA,NA,NA,NA,NA,NA,NA,NA
"2568","51045",0,0,0,0,0,0,0,0,0,0,0,0,0,0,0,0,0,0,0,0,0,0,41.927307691768,0,0,0,0,NA,NA,NA,NA,NA,NA,NA,NA,NA,NA,NA,NA,NA,NA,NA,NA,NA
"2569","51047",0,0,0,0,0,0,0,8.40581537701601,0,9.7328363826479,2.7752008833367,1.84801732486659,1.40494521330259,0,0,1.29087019878499,1.40108493850606,4.10063569255538,1.16304166301244,2.8335969087886,1.51088903367814,0.643003657528517,2.28514453419552,0.518486732079794,1.93489435137201,1.3381184448017,2.77629034120082,1.35543541854646,2.29709833332281,3.24327536589748,1.47003008177979,1.66641786856636,0.788940243537593,0.612933578227156,0.967691139922221,1.22181612066312,1.58336498508202,0.360769492672469,1.43366319967541,2.37832898131444,1.52373453318527,1.2643635057136,0.415423751351727,NA
"2570","51049",0,6.38923392032348,0,0,9.87689438448399,0,0,2.32477949537284,0,0,0,0,0,0,4.33296081894701,8.12292185632934,0,0,0,0,0,0,0,0,0,18.3737083940837,0,10.7926260545322,0,0,0,0,NA,NA,NA,NA,NA,NA,NA,NA,NA,NA,NA,NA
"2571","51053",9.50379865884122,0,3.13125374550534,6.22243827239325,0,0,1.14897002723071,0,0,0,0,0,4.33815273110315,0,0,13.7336337374322,0,0,2.45383747130131,1.07441355544155,0,0,1.18514297527714,0,3.03035725154349,0,6.70230029415005,NA,NA,NA,NA,NA,NA,NA,NA,NA,NA,NA,NA,NA,NA,NA,NA,NA
"2572","51057",0,0,0,0,0,0,5.56338728423038,0,4.8017916216657,6.30824580508734,0,0,0,1.71911510715222,1.78565440182851,0,5.14504699318891,6.1049850452386,NA,NA,NA,NA,NA,NA,NA,NA,NA,NA,NA,NA,NA,NA,NA,NA,NA,NA,NA,NA,NA,NA,NA,NA,NA,NA
"2573","51059",4.27245694643975,0.581335329553986,3.94744081240593,0.299345933449949,3.64937986102705,2.06568125143238,1.68098467166436,1.58677535827851,0.775048321788693,1.56515563335726,1.32271085744686,1.36162639873793,0.443664972598164,1.13865376548049,1.77150356140738,1.1996746686359,0.985651372847075,2.85478884681724,1.78254395127625,2.85787466815069,0.862910709249311,1.86031366583221,0.458399919788935,0.925333000167273,0.780015692917941,1.04692587905058,1.6459517017167,1.77648870356691,1.08645875259086,1.31386325587267,1.42591387042878,0.79026224894133,1.23074363887301,1.45137237496729,0.950872690094943,0.728962141489358,1.74196096294818,1.03103052002834,0.95459221797189,1.61012315246983,0.801694987136396,1.51769064213387,1.34387539068222,NA
"2574","51061",19.617755579559,4.71170345068653,0,0,1.00467349647106,0,1.15091636775662,1.28739168459978,1.37234822963774,0,1.4404181883265,8.27628491721729,0,1.95583858134533,1.59926497582123,0.926569694951646,0,1.33772185559398,0,0.525536498389687,1.75802501586297,1.82303185666981,0.593215817040286,1.69229362728322,1.05053910137449,3.70471793319875,2.59768429491244,2.31186035191099,2.04328503192283,1.30024805644088,1.12840038312953,1.3182988472554,1.23040904350156,0.527309869601349,0.268197237027198,2.33941327421346,0,0.716515952459817,1.0481976741121,NA,NA,NA,NA,NA
"2575","51063",0,0,0,0,0,0,0,0,0,0,0,0,0,0,0,0,0,0,41.9271145325661,0,6.38923382735244,0,0,0,NA,NA,NA,NA,NA,NA,NA,NA,NA,NA,NA,NA,NA,NA,NA,NA,NA,NA,NA,NA
"2576","51065",0,0,0,9.34328727054725,0,0,0,0,0,0,5.39973538284713,4.93961712165591,0,5.42649094027593,3.63238342394493,0,3.24529213726079,3.36143966681526,0,2.34079805189912,1.02813393838848,0.945294930511254,6.62196245926938,5.59426961073226,0.343059403797933,0,0.259632171365631,0,0.323148813462825,0,0.287786778632915,1.2197092796604,0,0,0,1.05527506612196,0,0,0,2.69094567051896,5.39425198374695,0,0,NA
"2577","51067",0,0,0,0,0,0,23.0745554639166,0,0,0,1.4394252768893,4.0432841904826,1.16830262856984,0,0,1.06837562704859,1.14196497199611,1.21168117171647,0,1.36031582574833,0,0,1.79822434115639,0,0,0,0,0,5.82475906247871,0,4.7498118232734,0,5.55413569534343,0,0,0,1.93051977456144,1.98976415773534,0,0,2.16056660451934,2.09982247601016,0,NA
"2578","51069",0,6.38923392032348,0,5.76834489338417,2.01542302939932,1.5371626606635,1.87456213846013,0.54147295891358,1.97263461250256,1.78324589640128,1.20734449588947,1.46473013123248,3.77237849078693,0.775430523442754,1.76222577790399,1.52787076937806,0.174442524313161,0.34657857935342,0.185908485894298,1.05160115404608,0.483112114274082,0,1.32762565139494,1.81391328250528,0,0,0.8613607249987,1.41021649012343,0.505152547677961,0,3.46064763163638,0,1.07215734848563,1.04254149776625,1.99933385171961,1.83625936661238,3.86127477687505,0,1.6546489996795,1.23760713492456,NA,NA,NA,NA
"2579","51071",9.50379865884122,0,0,0,0,3.5182408882082,3.36908651324275,0,0,0,0,0,0,0,0,0,0,0,0,0,0,0,0,0,0,0,0,0,NA,NA,NA,NA,NA,NA,NA,NA,NA,NA,NA,NA,NA,NA,NA,NA
"2580","51073",0,0,0,0,3.15138939200099,7.89022194927775,0,1.47102020612228,0,1.2085448545448,0,0,1.62260722710205,1.80434864770465,3.46790546053744,4.0862228825878,1.0154676644384,0,1.54352974491963,1.45684426181627,0,0,0,0,0,0,3.23684625305105,0,0,0,0,0,0,9.76779969474586,0,0,0,5.11101715083003,0,3.69153963119641,0,2.69914201118417,4.30532918413537,NA
"2581","51075",0,3.45810439938785,0,0,0,4.53152861852895,2.04406202479424,0,1.63425737852769,0,2.95440212841498,0,2.64609351291299,5.37607970964688,1.57929350516309,2.95216604334827,0.923699546052296,0,0.789829199028711,0,2.70935700912724,2.63635592731695,0.398112241151415,0.37141450095493,0.367388091126787,3.91283307417442,0.953407971355875,0,0.863455561939461,1.159234069994,0.299827477463223,0,2.17673226415403,0,0.422441520407939,0.922873965722586,0.994782920191186,0,1.18317676699823,1.26543761028552,0,0.721897729153102,0.783984659944266,NA
"2582","51077",0,6.38923392032348,0,0,0,6.10305376245841,NA,NA,NA,NA,NA,NA,NA,NA,NA,NA,NA,NA,NA,NA,NA,NA,NA,NA,NA,NA,NA,NA,NA,NA,NA,NA,NA,NA,NA,NA,NA,NA,NA,NA,NA,NA,NA,NA
"2583","51079",0,0,0,0,0,0,0,14.0040270250776,7.62821650343069,3.99286884027603,0,0,0,0,0,0,5.70677278141335,0,0,0,8.99509651394805,2.97274725363383,0,0,0,1.96245284230809,2.03327421100477,0,0,0,0,0,4.44192817211747,0,0,0,0,9.90025236705477,NA,NA,NA,NA,NA,NA
"2584","51081",15.495240879053,0,0,0,1.98689756136669,0,0,0,3.21344782907648,0,3.32519585616115,2.78535084175057,2.1894093190559,0,3.14322535709419,5.94200366328314,0.852903774053508,0,1.26641965767042,0,0,2.28531537670413,1.60853075769778,0.797529232276849,4.25304275430522,0,0,0,3.36991261648736,0,1.12295214006375,0.564986170004279,0,0,0,1.97599442005875,NA,NA,NA,NA,NA,NA,NA,NA
"2585","51083",0,0,0,0,0,0,0,0,0,0,0,38.5206446780483,0,0,0,9.34262721002288,3.00003508132683,3.93666018766753,0,0,0,0,0,0,3.57429905999429,0,7.82391786658158,4.90079555011446,0,1.30377503367802,3.23700269868855,0,0.867187880315271,0,0,0,1.45333130334949,0,2.20243864018349,0,0,NA,NA,NA
"2586","51085",9.50379865884122,0,3.13125374550534,0,0,2.23673333972869,2.15902433248161,1.96030971781208,1.70123886091071,0,2.77058159516592,4.53948378024456,0,0,0.784084738455602,4.45066545541592,1.87693258513183,3.45434901848486,0.77324770601695,2.22771626931444,0,0.269913668040683,3.44487668748455,0.248579798693849,1.87197723404923,1.90458051704803,1.67438509599686,0.828052651469211,1.07334940657197,0.298105098936822,0.615517941024918,0.333791542563232,0.190599486844652,0.678494540292466,0.542037908358857,0.959413261840749,0.365349682377571,1.60047111827872,2.00549134484318,4.78268057751812,0.268312015607666,0.912428051150846,0.831988760766317,NA
"2587","51087",4.15216491595613,2.17870759871374,2.87358526130087,0.366374274013507,2.18354963096089,0.833485380053327,2.27668408776006,0.915821244883869,3.5900232241378,2.55147173655777,1.15221977241575,2.62363532500058,4.91548659894213,1.16668858322639,0.617543132852672,2.45439455687426,0.863475618681521,0.933245342297893,0.742255508575626,0.84289354083161,0.370860894504954,0.654604408518635,1.37698845784385,0.870503558724209,1.84159580107072,1.39288306716588,1.00023765182806,0.874345128748077,0.479972520199217,0.807622039098908,2.24553760288828,1.16970885539012,0.364849887067125,1.1424042944055,0.907465769951368,0.818154556617267,0.607921555447981,0.395045886275763,1.16454171444795,0.910806650106839,1.20801618046627,1.21574295635854,0.432365433679151,NA
"2588","51089",0,6.38923392032348,0,3.09723040497987,0,0,0,2.84566894721925,0,3.02772657342824,0,6.93160548309487,0,0,0,0,0,4.454299355713,0,0,0,0,0,0,9.71583923175413,3.54112872679754,2.36699228681867,1.6985118885701,1.34345743621314,0,0,0,4.46776761623373,0,0,NA,NA,NA,NA,NA,NA,NA,NA,NA
"2589","51091",0,0,0,0,0,7.2728236210439,0,0,0,0,0,0,NA,NA,NA,NA,NA,NA,NA,NA,NA,NA,NA,NA,NA,NA,NA,NA,NA,NA,NA,NA,NA,NA,NA,NA,NA,NA,NA,NA,NA,NA,NA,NA
"2590","51093",0,6.38923392032348,0,0,0,3.29105432191909,0,0,3.44213375941588,3.01479916396194,6.4705548106243,4.05683382467971,5.72652468386018,0,1.74011781568428,0.379804281473689,0,0.402351919395171,0,2.26562521830351,1.85525648347522,1.21047757547924,11.3323002909712,0,0.572856315509855,0.983687477169474,2.08970987764411,0.420961826152866,0,0.307973071470936,0.35426821576055,0.214147448809915,0,0,1.00572006646898,0,2.57386688576636,0,2.78191260823123,0,0,0,0,NA
"2591","51095",0.754275636407293,0.669718736046794,0.687762343296022,1.21888857105317,0.877002674465263,1.45588529297775,0.72897265864687,0.446523649021416,2.38772114684411,0.854868922977495,0.277048478185996,0.976540772209266,0.997858191609657,0.880840815903047,0.154452750710923,0.170080901428709,0.585386975999982,0.230841814417341,0.560965172711468,0.343841411848615,0,0,1.37909059096684,3.14705720095064,2.2237508521079,1.86993427065059,0.526130082327792,0.949019751438502,0,2.3525611036744,0.471258597372794,0.955754199822855,0.488513808657044,0.512236898980156,1.09151171817593,0.583185607956654,0.630138709252815,0,2.29163606609833,1.54350142054855,0.744080480916165,1.41409180013299,2.56819652913727,NA
"2592","51097",0,0,0,0,0,0,0,0,20.1118374377734,0,0,0,0,0,0,0,0,0,0,0,0,0,0,0,0,0,0,0,0,0,0,41.9273077429001,0,0,NA,NA,NA,NA,NA,NA,NA,NA,NA,NA
"2593","51099",9.50379865884122,0,3.13125374550534,0,2.12945430775667,0,3.71529554144181,3.09823088462621,0,2.21769184106116,0,0.973963080508592,1.92587343106927,0.936830831859952,0,0.971846229738202,0,2.25792980034514,1.15139292185214,1.1301096492064,0,0,0,0,2.09851881754958,2.44907450881204,2.37064704340916,3.80510082151197,2.76831175263019,2.0530052027772,0.824109561626122,1.43427004925618,0,1.35039892856091,1.36497507893438,0,0.743569321625387,0,NA,NA,NA,NA,NA,NA
"2594","51101",0,0,0,0,0,7.2728236210439,0,0,0,0,0,0,0,0,0,0,0,0,0,0,0,0,0,41.9261852847691,0,11.0886807161832,0,0,0,0,0,0,14.4315670031509,0,0,NA,NA,NA,NA,NA,NA,NA,NA,NA
"2595","51103",0,0,0,0,0,0,0,0,0,0,0,0,0,0,0,0,0,0,0,0,0,0,0,0,0,0,0,0,0,0,0,0,41.9273077940323,9.50379865884122,0,3.13125374550534,2.30189591096804,NA,NA,NA,NA,NA,NA,NA
"2596","51105",0,0,0,0,0,0,0,0,0,0,0,0,0,0,0,0,41.9157250190408,0,0,12.798631843864,0,1.75878902255504,0,0,0,1.79526799665778,0,0,0,0,0,0,9.13672297224504,0,0,0,5.10918467465529,0,0,3.77541198755305,0,0,0,NA
"2597","51107",0,1.45525833584668,0.73138802672822,2.46391012810367,3.7844252845385,2.16804894631721,1.11166141563379,0,3.3085180780345,1.97541681482817,1.50138706204673,0.744629005970751,1.51352948586101,1.19551339938301,1.38910652679154,1.30764922254247,1.68150757411511,1.07077096789792,0.807330729509542,1.07386770126226,0.629917731394224,0.745181025573346,1.03489865473359,1.22831745836052,0.600086680691045,0.396511738810966,1.64883123677238,0.718659591709306,1.26821280713657,1.30800543572726,0.409258029011884,1.34113958644702,1.76094539057394,1.85196531217716,1.52252174418334,1.35825583832957,2.24158266330367,1.26945708259335,0.560933118925334,2.34530911924995,1.21235943708141,1.13725112923178,0.645650388906582,NA
"2598","51109",9.50379865884122,0,3.13125374550534,2.30189591096804,1.81496715534646,1.51259997529755,0,2.5581747476605,1.17701710736692,3.12055447999808,0,0,0.877965826983106,0.933959053299782,0,0,2.78327711795873,1.43579266721953,3.84254340436954,4.71263332842772,0,1.14920326787917,0,1.06761711766381,0.56569755390789,1.8124395077467,0,0,0,1.8204054271338,1.98672751711732,0.995887814453476,0,0.986058870019798,1.00286986708221,1.0278605943243,0,0,2.66316223657339,2.62338718690623,1.17323252721405,0,2.92644954090526,NA
"2599","51111",0,0,0,2.80455791705411,0,2.60546916009453,0,0,0,0,0,0,0,0,0,0,0,38.188150203612,0,0,0,0,0,0,0,0,0,NA,NA,NA,NA,NA,NA,NA,NA,NA,NA,NA,NA,NA,NA,NA,NA,NA
"2600","51113",0,0,5.35623193094833,3.68219830428101,0,0,0,0,0,0,0,10.0615272472067,6.92596790572987,0,3.05829458386185,0,0,2.23529760174485,0,0,2.67538408141477,2.57758774381218,0,0,0,0,0,13.3170289384399,0,3.05831473634402,0,0,0,0,0,0,0,0,10.2682414863669,0,5.8711407915857,NA,NA,NA
"2601","51115",0,0,5.35623193094833,6.76984580054302,0,0,0,0,0,0,0,0,0,0,0,0,0,0,41.6847639162908,0,0,0,0,0,0,0,0,0,0,0,38.520644678045,0,0,0,0,0,0,0,0,0,NA,NA,NA,NA
"2602","51117",0,6.38923392032348,3.73038711983005,0,2.14548227446624,0,0,0,0,0,4.62162279636412,8.07874592402606,2.59369303840751,6.26371233263349,0,0,3.02419618991408,5.42709565467663,8.4688542297051,1.1136571835855,0.330005132329993,0.287766967856285,0,0,0.797016571288358,0.257882908059887,0.677871123384097,0.430568865546921,0,1.82911523871206,0.655763751286376,1.35324359067115,1.97076746107515,5.90551654040935,3.34354385810341,1.07228885718607,0.438253891295099,0,0,0.744423554689451,0.30372181559162,0.764914729593226,0,NA
"2603","51119",5.3593048205652,0,0,0,0,0,0,0,0,0,0,0,0,0,0,41.7661708274605,0,0,0,0,16.5195045380148,0,0,0,0,NA,NA,NA,NA,NA,NA,NA,NA,NA,NA,NA,NA,NA,NA,NA,NA,NA,NA,NA
"2604","51121",0,0,0,0,0,0,0,29.9739980515775,0,1.42913053756393,8.06658907410311,0,0.472799017404371,0.433713974784057,5.08242994823877,0.327950985089879,0,0.294245175188936,0.315238534998187,0,2.5969196395135,0.94438198166245,0,1.02079958604437,2.02796942435746,0.969026030232005,0,0,0.564518194728627,0,2.42249946087452,0,0.990186797271541,1.02786003419739,0,0,0,4.60128307517561,NA,NA,NA,NA,NA,NA
"2605","51125",0,0,0,5.25744058045737,0,0,0,0,0,0,0,0,0,0,34.0596824579772,0,6.35947981109991,0,3.09663689861789,0,0,0,0,0,0,0,0,17.8895370260213,8.32514255654191,0,0,0,0,0,0,0,10.2796217365675,0,0,0,5.18014189848922,NA,NA,NA
"2606","51127",0,0,0,0,10.2861407168863,8.6221676366767,3.14918318354563,1.04402523114818,2.3708419215102,0,0,0,1.59937851375618,0,0,1.36744941672967,2.95850520502761,1.38584463359334,0,1.21187419591229,0,0,1.50471171832431,3.20701655407962,0,0,0,0,0,0,4.27363170464878,7.91983733805567,0,0,0,3.758610039029,1.67955882251979,NA,NA,NA,NA,NA,NA,NA
"2607","51131",0,0,0,0,0,0,9.82330751988082,0,0,0,0,0,0,15.8888717737763,0,0,0,0,0,0,5.55643957412026,0,8.61617625487797,0,0,1.99800395426961,6.40419617577931,3.32755457862642,3.75421057201643,2.10550083001023,1.60476191513335,2.26231921684114,0.27722031001694,6.30597534873139,2.87757619054893,1.41438220913652,3.56837722680469,0.352346091857202,NA,NA,NA,NA,NA,NA
"2608","51133",0,0,0,2.80455791705411,0,0,0,0,0,0,0,0,0,0,33.9881739445581,0,0,0,0,5.86163941604861,0,0,0,0,0,0,9.62389730977484,0,9.68710652298022,0,0,0,0,2.52848900248536,0,0,0,0,NA,NA,NA,NA,NA,NA
"2609","51135",0,0,0,0,0,0,0,0,0,0,0,0,41.2962124879009,0,0,0,2.80453199714483,2.50820638918377,0,0,0,0,0,4.41810501339234,7.72810602585112,0,0,0,0,4.37002382102671,2.02926596111648,0,0,0,1.94456583791324,0,2.32016311484758,0,0,2.60031450872753,NA,NA,NA,NA
"2610","51137",0,0,0,0,0,0,9.82330751988082,11.3231614908863,0,0,1.91809913059511,0,0,3.87584416036698,0,3.44375098870462,6.36419182761352,0,0,0.699832185899655,0.713974031623939,1.51082919730162,0.793509463306584,0.82611049775484,0.849383057032935,0,0.956055117105913,0,1.2125561109295,0,0,5.30471828586783,1.54375266666722,0,1.20754206496214,0,4.45458565146053,4.43408580672304,0.671059760025915,0,1.05196893902318,NA,NA,NA
"2611","51139",0,0,5.35623193094833,0,0,0,3.72919312407338,0,6.25229337529791,0,1.96642733092574,0,0,0,0,2.8320857871067,8.01120513061581,5.141158969176,0,0.897476221403519,0,1.61257714975838,4.51005305852829,4.61385553641979,14.5975110170483,0.285852423621762,0.302241373463268,0.172898732671079,0.171739314090771,0.850061516545128,0.440044201284297,0.398195518841232,0.323714121205873,0.778598628114635,NA,NA,NA,NA,NA,NA,NA,NA,NA,NA
"2612","51141",0,0,5.35623193094833,0,0,0,0,0,0,0,0,0,0,NA,NA,NA,NA,NA,NA,NA,NA,NA,NA,NA,NA,NA,NA,NA,NA,NA,NA,NA,NA,NA,NA,NA,NA,NA,NA,NA,NA,NA,NA,NA
"2613","51143",0,0,0,0,0,0,0,0,20.1118374377734,0,6.17432829160413,0,0,2.99708139056968,0,0,0,0,0,0,8.5858328829934,6.29109078772258,0,0,0,2.94884552021089,5.12559260633857,3.73882033440209,0,0,0,0,0,2.18609392399627,2.6105827309114,0,2.48908778405414,0,2.05994140975715,NA,NA,NA,NA,NA
"2614","51145",0,11.0886817491692,2.86173001875628,0,0,1.57963554519133,0,0,0,0,0,0,0,12.3002688046218,0,0,0,0,0,12.3778980203264,6.93354569003879,0,0,0,1.52560014905536,0,0,4.3310270898726,0,0,0,2.22407620528021,2.21275878118139,2.02857467009837,0,1.70522578129578,0,NA,NA,NA,NA,NA,NA,NA
"2615","51147",0,0,5.35623193094833,0,0,0,0,0,0,0,0,0,26.9231806163799,0,0,0,0,0,12.394321705017,9.60786500040019,1.7216312406405,4.31812755818547,0,1.29938997700161,0,1.23247457900985,0,0,0,2.29253836963484,0,11.2393957317409,3.34935096673587,1.32278365356808,1.33745001676586,0,0,1.54334896537857,1.00499640374512,0.720999716772976,1.50019160297795,0,0,NA
"2616","51149",0,6.38923392032348,1.95203238713263,2.75062118280983,1.06562250926588,0,1.78288001628476,4.72236952165234,1.26393558852815,0,1.48044868791889,1.38809145295375,0.448313919029241,0.457851616160471,0,0,0.707418658749527,0,0,0,4.31100088201999,0,0,0,0,0,3.77508255476603,0,3.93971002799086,0,2.87171458526675,0,4.30476772946398,0,1.62025623732472,1.46714951586305,0,6.11615583342162,NA,NA,NA,NA,NA,NA
"2617","51153",0,1.99427347744526,2.53323777134014,0.891771723054815,1.54867268248546,2.06509093742558,2.38639101308578,0.900447318853104,1.70451496930431,1.22060995063072,1.0311614922456,1.24035419994143,2.30755652709616,1.19046757897138,1.21752124549942,2.58939388146867,1.40499558354916,1.63068073702022,1.51151073973696,1.85724507614869,0,1.39347845826035,2.18832643376466,0.77448115533087,1.20403466511781,1.52839360166576,1.28864693643548,0.91071926038652,1.06301858521281,1.48773847290344,1.09831428736904,1.87224392565771,1.38439331240183,1.13148690238134,1.15157227542516,1.18110067842277,1.22912653040857,0.962699591465168,1.40990767674831,1.54618756700161,1.2659045106245,1.24997841180025,1.11676241682088,NA
"2618","51155",0,0,0,5.25744058045737,0,3.70150115844827,2.89003479136647,0,0,0,0,0,4.131442302913,10.3016494800225,0,0,0,0,1.72234825865411,0,2.28204193523255,0,0,0,0,0,0,0,0,0,0,NA,NA,NA,NA,NA,NA,NA,NA,NA,NA,NA,NA,NA
"2619","51157",0,0,0,0,0,0,0,0,0,0,0,0,0,0,0,0,0,41.9261852895783,0,0,5.35623186560988,0,6.11435931904303,0,1.87448631785745,0,0,NA,NA,NA,NA,NA,NA,NA,NA,NA,NA,NA,NA,NA,NA,NA,NA,NA
"2620","51159",0,0,0,0.978487275231224,0,1.19275160080386,2.63294075724487,0,0,0,3.13586860916111,0,0,1.76394691033369,0,1.93615295801193,0,28.9934782587024,0,2.00597065282749,0,1.36460478176389,1.00223076210209,3.98569040974372,0.718491023712092,0.144296474922921,0.0708618201673753,0,0.0907802128076114,0.235677534646581,0,NA,NA,NA,NA,NA,NA,NA,NA,NA,NA,NA,NA,NA
"2621","51161",0,0,5.35623193094833,0,0,3.32949567636171,2.86102729495087,0,9.02066853977669,0,0,0,2.7070469603358,0.882758189066874,0,3.49184497078376,0,0.770394642911758,2.89538472407418,0,0,1.38032895304923,0.727144147514284,0,1.7332024934611,1.78585012468768,0.868780432802052,4.56475032997895,1.78666172473003,2.3296394810932,0,0,0.760310071332923,0,2.88629429223062,1.94190901063621,0.901902258812861,0.418446745561543,1.20055861474846,0,NA,NA,NA,NA
"2622","51163",0,0,5.35623193094833,0,0,0,0,0,0,0,0,0,26.9231806163799,0,0,0,0,0,0,0,0,0,0,0,0,41.2962124630844,0,0,0,0,0,0,0,0,0,0,0,0,39.5119934492317,9.46337138037956,0,0,0,NA
"2623","51165",0,3.45810439938785,0,0,2.08260457966999,0,0,2.52869920719146,0,8.93887599010652,2.91356541713471,0,3.29674974808672,0.674523634976192,0,0.621418050737475,2.54423866928077,0.627068404738368,5.49760126813476,4.9927475750206,0,1.32341130533651,1.34658206748203,1.90719882436609,0.322520496415299,2.14733251149403,2.35511451133881,0,0.717279598134941,1.86809655163162,2.50128845325592,1.72137277257106,1.08649241474026,0.607932794352605,0,0.708393887858463,1.94289568690394,0.354594815533988,1.81749257165315,0.800816651138987,0.867806350955318,0.518202636877702,0.359210517805543,NA
"2624","51167",0,0,0,0,0,0,0,14.0040270250776,0,0,0,0,0,0,0,0,0,0,34.1313644282841,0,0,0,0,0,7.2726493182306,5.45942045437794,0,0,NA,NA,NA,NA,NA,NA,NA,NA,NA,NA,NA,NA,NA,NA,NA,NA
"2625","51169",0,0,0,0,0,0,0,6.00519500197952,0,0,4.92510476753584,0,0,0,0,4.58319976968401,0,4.04815635856985,0,0,0,0,0,0,NA,NA,NA,NA,NA,NA,NA,NA,NA,NA,NA,NA,NA,NA,NA,NA,NA,NA,NA,NA
"2626","51171",0,0,0,1.91234480540149,3.51323302986493,1.5147017620023,1.30337760387644,1.14599220825181,1.04406905466171,0,2.04522421228273,1.01424211367196,0,0,2.38366712684336,0,1.31647936340777,1.33665688326475,0,7.14257303931722,3.34930270341636,0.610206569310878,2.41099908903911,2.32636590177001,0,0.629372217699461,1.25835006943131,2.46632386939896,1.42587378268458,1.78561643154398,1.56361682260181,0.402637193753913,0.772314754276712,0.196933819484163,3.20642005825921,2.37786185509583,1.86304374270908,1.80477209554449,1.20085146066238,0.394108748326572,NA,NA,NA,NA
"2627","51173",0,6.38923392032348,0,0,0,0,0,5.40378702260529,8.58771032734258,7.02451728950721,1.37465920468348,0,0,1.78720206609523,0,0,0,0,2.11386117429459,0,2.88798096141322,0,0,0,0,0,0,0,0,0,0,0,0,0,0,NA,NA,NA,NA,NA,NA,NA,NA,NA
"2628","51175",0,0,0,0,0,7.2728236210439,9.66091208580522,2.726199041566,0,0,0,0,0,0,0,0,0,20.2351433835098,0,0,5.32088467479099,6.76152816746038,11.4906913208976,0.880836037288086,0.62349500733839,0.524983619367658,16.1761904893675,0.652159091235093,0,3.62049076480617,0,0,0,0.867324603303496,0,0,0.359657338706073,0,NA,NA,NA,NA,NA,NA
"2629","51177",0,0,2.86085361663031,0,0,0,0,9.57238124555155,2.30759645138965,1.6493966918231,1.27408186270139,2.09700935891994,5.61893664614814,3.33185393940788,0.815304769337049,1.005134991584,0.604379215038537,1.45037746785108,1.9473805867241,1.04728853489596,0.747243148026982,0.246235125844423,1.26207465346283,1.03805405253973,0.537967785295704,1.92425475968977,0.810123030421782,0.533707450856062,0.809340184458197,0.559527742728328,1.18016383217862,3.20757154666729,0.793626733961798,0.963369976158663,1.33433114698003,2.42142547489141,1.25156006716248,0.812073540489654,1.80124010148631,1.64219934649271,2.30243834372804,1.26266271622027,0.847145464685715,NA
"2630","51179",2.32178982821869,0,0,4.48881102966062,0,0,0,6.60710313011022,2.301068819466,1.76074213346355,0,0.670977786510632,2.85720228902607,0.880006428759241,0.558300284132821,1.61844902756462,0,1.61305055511594,1.59441930608879,1.7625821107385,1.15740307571697,3.0486141264083,1.36474562127948,1.87826372071964,1.4862510385364,0.881843255834393,1.52357609869527,0.860377960129148,0.836895803638026,0.282731624387485,0.601200418799527,1.08759411200627,1.50097965261536,0.593286069313026,1.77477463352818,0.573026515253731,0.342513566499575,0.47683688369007,1.88736872036338,1.39830379245097,1.3539680899947,1.04611639314551,1.83198383644607,NA
"2631","51181",0,0,9.4989667055933,0,0,0,0,0,0,0,0,0,0,0,0,0,0,0,0,41.9156954989373,0,0,0,0,0,0,0,0,0,0,0,0,0,0,NA,NA,NA,NA,NA,NA,NA,NA,NA,NA
"2632","51183",0,6.38923392032348,3.73038711983005,2.47378173269665,0,1.66843497029069,1.51720390900283,0,2.82720314314876,0,0,0,0,4.10659978488628,0,3.91822951678453,0,0,1.49017969173175,12.0139324729414,0,1.00311901947496,1.24995903579219,0,0,0.898320753405925,0,0,0.873277672678716,0,0,0,2.48177824179296,NA,NA,NA,NA,NA,NA,NA,NA,NA,NA,NA
"2633","51185",9.50379865884122,0,0,0,0,0,0,6.69541526687344,5.59755372781775,0,0,0,0,0,0,0,0,0,0,0,0,0,0,0,0,0,0,0,41.9272742540785,0,6.38923390796947,0,0,0,0,0,NA,NA,NA,NA,NA,NA,NA,NA
"2634","51187",9.50379865884122,0,0,0,2.96787517096382,0,0,3.20303860549177,0,0,3.14113399458686,2.80047912249766,4.35858365161394,1.60623547764264,1.26494720822585,4.87731425823222,0,1.2999014981911,1.17907576808215,0.563198488535264,0.569539949130115,0.602404790825521,1.29309541498535,0,0,1.78052886661464,0.96609689264004,2.88633580445656,4.74596742830275,3.36495983563,0.416420802275487,0.353953727062202,0.998483861295414,1.31505943105793,0.335882630777704,1.73736854961624,1.37912449009934,0,0.698597020166674,NA,NA,NA,NA,NA
"2635","51191",0,0,5.35623193094833,0,0,0,0,4.58415299195226,0,7.38348165201226,0,8.63684264387705,2.12703750039718,2.22282025419757,1.14615546073495,3.2396098549202,0,1.41932076569346,0,0,0,0.525659106976942,0,1.85323884584565,0,0,0,1.86025988397163,0,0,9.02103528337344,0,0,2.3808395424464,0,2.10090889493275,1.0057656194343,0,0,NA,NA,NA,NA,NA
"2636","51193",9.50379865884122,0,3.13125374550534,0,4.05305709885641,0,4.31761237520563,0,0,0,0,0,2.10389631821964,0,3.06084988882505,0,0,0,5.97910763481657,4.57206852653778,0,3.91346712159992,2.90068933327662,0,0.691649242181531,0.6746732933269,0,1.57232002286702,1.67850084395453,0.849178629409593,3.88367174791158,NA,NA,NA,NA,NA,NA,NA,NA,NA,NA,NA,NA,NA
"2637","51195",0,0,9.4989667055933,2.83328513797813,1.9331859052403,4.13834334486674,0,0,4.25875027611992,0.736046111215468,0.66626903439468,1.85171230129414,0,0.596323769410255,0,0,0,0,3.5271692859838,0,0,0,2.4829344606159,2.38751175119506,0,0,0,0,0,0,NA,NA,NA,NA,NA,NA,NA,NA,NA,NA,NA,NA,NA,NA
"2638","51197",0,0,5.35623193094833,0,0,0,0,4.58415299195226,0,10.178955409414,0,1.62291681588468,0,0,0,0,0,0,5.40905835025834,0,8.95624681051816,0,0,2.00368888475552,0,0,0,0,0,0,0,0,0,0,33.5986731228322,0,NA,NA,NA,NA,NA,NA,NA,NA
"2639","51199",0,1.45525833584668,2.12019393794825,0.868784878727617,0,0,0,2.32839581602837,3.67815557383967,2.13435223595171,0.879936377053317,0,1.47201058201549,0.726564148000379,0.747432509230899,2.98065587340573,0,0,0,1.66530135794353,1.7931755029406,3.42580357344322,1.4504168080563,0,1.16501760360214,0.568878710231896,0,3.7265894430199,0,0,0,0,0,1.2102475214254,0,0,2.83828814873293,0,2.96597393893688,0,0,2.6153299915331,0,NA
"2640","51510",2.32178982821869,2.52402779311963,0.882229513693689,3.42330708205141,2.1497955961991,0.890065345613096,1.93043126556047,0.348558332598958,1.32831475693917,0.651525431137491,0.334586105480452,6.98971821303751,2.66597253409376,0.995090352603995,2.48615805046334,3.3567441479073,1.35659867486814,0.408276781238177,1.55475550870383,0.823497960690048,0.582468968471391,2.14535608078366,0.674670117360277,0.390267854788468,1.18707221870109,2.53850391904892,1.65868750845783,1.29606769461785,1.51077110525922,1.45803562183554,0.395373903653698,1.21581417770628,1.10486312568147,0.881886252229484,0.512819075205839,1.1906092642475,0.882343165614933,1.60639911393071,1.76994563753693,1.44614777472317,1.25811122461791,1.27510648643785,0.956026297673098,NA
"2641","51520",0,0,0,0,0,0,0,0,0,0,0,0,0,0,0,0,0,0,0,0,0,0,0,0,0,0,0,0,0,0,0,0,0,0,0,0,41.9273077940323,0,NA,NA,NA,NA,NA,NA
"2642","51530",0,14.6904074042041,0,0,0,0,0,0,0,0,0,0,0,32.8909939571046,0,0,0,0,0,0,0,0,0,0,0,0,40.6838341087376,0,0,0,0,NA,NA,NA,NA,NA,NA,NA,NA,NA,NA,NA,NA,NA
"2643","51540",0,1.80342412118814,1.32168222958049,3.15454614637167,1.70319793170922,0.730795568663024,0,0.698379127091254,0.748466827775356,1.6151713737078,0.843743954560466,0,3.51353724862708,1.56915863114989,0,0.679855306953395,0,2.93355388395615,0.725199258276056,2.07187124424402,0,1.25246568953722,1.80730365536122,1.14073270070633,0,1.13430551373952,0.589089046799148,0,0,0,3.32179302842619,0,1.25885890670567,3.48427003827186,0.982428263383413,0.85898567353266,0.793997826834667,0.774767066357281,2.98751387814295,1.35180177711641,0,2.89748455056198,0,NA
"2644","51550",15.495240879053,3.13230367769245,1.87478794362049,2.65327504255079,8.50191859695109,0.543714977196284,2.02324499145256,2.53538187403078,2.03172678966691,2.27288333108631,2.50342085523949,0.965014374928625,0.611898550455821,0.353227900732362,2.22320116149008,0.23182107920332,0.945369747481218,0.730037021625188,0.76056706165174,0.668295254781205,1.40307896730464,0.579483782066928,0.454153245746103,0.645505460984494,1.20779031954115,1.43320339578152,0.722716837273007,1.77427465323874,0.679972657720355,0.990484024292935,1.75309761899447,0.460919300687468,1.21125942207361,0.900602039234797,0.903015262198726,1.78838945682769,1.42077352079205,1.83091774157757,0.832566023159823,1.74485095859149,0.507623452611155,NA,NA,NA
"2645","51570",9.50379865884122,7.64133496367432,3.95294212085414,0,4.0019449862338,4.32471411371282,0.537490246944554,0.454781973207443,0.427896924808638,1.70444721212582,0,1.39130981989516,4.42963362666314,0.378187648879733,1.32036100779493,0,0.60892826581445,0.648021278313412,0,0.861474769314136,1.01017323157385,2.71915460803506,0,1.53507832914203,0,0,NA,NA,NA,NA,NA,NA,NA,NA,NA,NA,NA,NA,NA,NA,NA,NA,NA,NA
"2646","51580",0,0,0,0,0,0,0,0,0,0,0,0,0,0,0,0,0,0,0,0,0,0,0,0,0,0,0,0,0,0,0,0,0,NA,NA,NA,NA,NA,NA,NA,NA,NA,NA,NA
"2647","51590",0,0,5.35623193094833,0,6.11435931958675,0,1.87448631785825,0,0,0,5.78918280070006,3.21324634707392,3.51150655258976,0,0.756741582084898,1.40051977956479,0,2.79351730497012,0.674096738291111,0,0,0.783382835151444,0.89533735727067,0,0,0,3.80458262302813,5.20859536926358,1.31410877561309,1.03218720608347,0,1.70090491927482,0,0.903517927907112,0.977399167333699,0,0,1.42361214137138,1.57922606425408,0,3.35152403819332,0,0,NA
"2648","51595",9.50379865884122,0,0,0,5.54335710734428,2.23726902727282,0,3.16673941608189,0,0,1.34846104629171,0,0,0,0,0,14.7886565552129,2.19309363259732,0,6.26569083720871,0,0,0,1.35866281681354,0,1.74517671920905,0.946869085808166,0,0,1.2090323935575,17.5142077024149,NA,NA,NA,NA,NA,NA,NA,NA,NA,NA,NA,NA,NA
"2649","51600",0,0,0,0,0,0,0,0,20.1118374377734,8.49011672233275,19.4985534589264,8.42396341799206,0.448674774283136,0.969103766688553,0.276213285693828,0,0,0,0.514819236926554,0,0,0,4.71591664313535,0,6.11365690708861,1.45588083045281,NA,NA,NA,NA,NA,NA,NA,NA,NA,NA,NA,NA,NA,NA,NA,NA,NA,NA
"2650","51610",0,0,25.869786149213,0,0.309033515700558,0,0,0.565958384689976,0,0,0,0,0,0,0,27.1667582371193,1.2270148628854,NA,NA,NA,NA,NA,NA,NA,NA,NA,NA,NA,NA,NA,NA,NA,NA,NA,NA,NA,NA,NA,NA,NA,NA,NA,NA,NA
"2651","51620",0,0,9.4989667055933,2.83328513797813,0,0,0,1.88241176947193,1.97972066878613,0,0,0,2.57289401964547,0,0,5.88864446238184,0,5.74277898637007,3.88043826098491,0,0,1.55107009164048,0.7724342708936,0,0.90019990248058,0,0,2.84025755197416,1.47493669108618,1.40160683614603,3.60201851587093,0,0,0,NA,NA,NA,NA,NA,NA,NA,NA,NA,NA
"2652","51630",0,0,0,0,0,0,0,14.0040270250776,12.907968820551,7.90475545831547,0,0,1.00748661249894,0,2.16012384588564,0,1.23401305271518,1.27448827477093,1.26194166243358,1.21530009948823,1.1584404713166,0,0,0,3.18776553592923,0,0,0,6.02074390373742,1.64398485520293,2.57911901762864,0,0.952974061542746,2.63630924258729,0.802282252925805,3.53757840420829,0.598653466321517,1.57281053445874,0.944266932859112,2.55879231877559,NA,NA,NA,NA
"2653","51640",0,0,0,0,0,0,0,0,0,0,0,0,0,0,0,0,0,0,0,0,0,0,0,0,0,0,0,0,0,41.9273077940323,0,0,0,0,8.93721585211568,1.29593384213334,1.94888463548771,8.32067512741643,NA,NA,NA,NA,NA,NA
"2654","51650",22.6278264790165,3.95377865165962,0,1.76870186267396,2.86533560558726,0.606812686875996,1.10410374023769,5.97369053987731,3.27291216442697,0.245121303199097,0.210693175643208,0.406844358124756,2.06819060434786,0,1.99361347620895,0.445399267579046,0.228220359576637,1.65177290235526,0.242881810670438,0.516693292636712,0.564626713055702,0.316799118681224,0.366334121294709,1.68315962058056,3.03186538336043,0.79470935822197,1.7656625815394,0.631448893379591,0,0.63169916020541,1.0310295889685,1.48679177971806,0,0.429388858090063,2.69419727173538,1.70467231539192,1.16139920004932,0.358645286589857,1.70892407124252,NA,NA,NA,NA,NA
"2655","51660",0,0,5.35623193094833,3.68219830428101,4.89633064771476,0,0,1.40806628271819,0,5.51196925295273,5.17689298403454,4.659688730369,0,1.12634762686405,0.675411815649958,0,3.0962481875302,0.99388571540525,5.09455514869991,4.39809149372029,0.288220877255615,0.714475142812147,0.868732089226976,0.640476869123702,1.94127519263558,8.31958800643725,1.13396326973688,0.137851883439228,0.645293621585839,0.469569681860894,2.14181082473855,1.10300182266024,0.353686138655913,0.602719104213037,0.0426660405182128,0.572468955762159,1.24878692391516,0.306859309242202,1.03074704865291,2.15773661542635,0.97278891135378,0.532147272146032,1.22950485227195,NA
"2656","51670",0,11.0886817491692,2.86173001875628,0,1.58996849537667,2.7090047902996,2.27046217655592,0.964924334313276,0,2.51049848131848,0,0,0.897614983559549,0,0,0,0,0,0,0,17.7116854500765,0,0,0,0,8.20126538464094,0,3.32419970434583,1.29825601110014,2.11593199746407,0,0,0,1.14322086914933,2.59690482695709,0,5.03053321947212,NA,NA,NA,NA,NA,NA,NA
"2657","51678",5.3593048205652,0,0,0,0,0,0,0,0,0,0,0,0,0,0,0,0,0,0,0,0,0,0,0,0,0,0,41.9273077940302,9.50379865884121,4.20373720110854,0,NA,NA,NA,NA,NA,NA,NA,NA,NA,NA,NA,NA,NA
"2658","51680",0,0,0,2.80455791705411,2.5082104064719,2.149713273145,3.44543762365827,2.6061262490178,0,0.937440116373051,0,0.974596578942114,7.94720457264605,0,0.548723620296602,2.80752497635748,1.58520490690676,0,0.698185538828924,0,0.414941792366472,0,2.42422438584189,0,0,0,4.62716991944576,0,3.07890403077047,0.659419833959622,0,1.19320295904229,0.611250427986721,0,0.751871586626827,0.863140498812473,4.44436907303118,2.96224992189586,1.16145887994792,0,NA,NA,NA,NA
"2659","51683",2.86260695800588,3.03158080064382,24.3515007414916,1.72192042589338,1.06071112457781,0.894793378296816,0.217545717691997,1.00754015291708,0.530950634725432,0.830149363526448,0.909788895975262,1.631163736249,0.388647193656424,0.692745478408611,1.01521100557618,2.12767134109257,1.89361249476027,0.520251647153541,2.81099604441359,0.551446701382141,0.451665439561764,NA,NA,NA,NA,NA,NA,NA,NA,NA,NA,NA,NA,NA,NA,NA,NA,NA,NA,NA,NA,NA,NA,NA
"2660","51685",0,0,0,0,5.8621602337794,0,0,7.74874105599061,0,2.22978629544078,0,3.37192543716498,4.0601094158422,0,0,2.70995005458741,0.838714064152732,1.57732299901677,3.47940056781474,0,2.11382333182606,2.28868236567519,0.402652822703157,1.12358270653543,1.42399659902492,2.00052951304714,0,0.316103554051525,1.6366549966454,1.00362228778632,2.2983601470742,0.310265128127985,2.04137546538902,2.09141905088994,1.37457363827802,1.22201794217498,NA,NA,NA,NA,NA,NA,NA,NA
"2661","51690",0,0,0,0,0,0,NA,NA,NA,NA,NA,NA,NA,NA,NA,NA,NA,NA,NA,NA,NA,NA,NA,NA,NA,NA,NA,NA,NA,NA,NA,NA,NA,NA,NA,NA,NA,NA,NA,NA,NA,NA,NA,NA
"2662","51700",0,3.45810439938785,2.3206362711029,6.22909738826586,3.96092947278351,0.696146120892486,2.18842293192452,0.464186888486942,2.09220621011243,2.22839194519587,1.30180883800741,1.16187444649893,2.80625926516885,0.66442038938444,0.611064932587155,0.597160252799436,0.615722294227699,0.877071710469189,0.945034843729561,1.72789963775358,0.739079221381148,2.34788058986473,1.06556254787348,0.396784322542241,0.392417776272516,0.616977119481629,0.451711986775269,0,0,0,0,3.14718525431567,1.80001204664595,1.71095323785646,1.47609577802707,0.643591948577323,0,1.24499231007927,2.51043579026612,1.1946989861248,1.64849788688448,0.995981888985846,3.064752260728,NA
"2663","51710",6.85371719797014,4.74473018987973,0,0.802181345389612,0,1.52225165284765,3.02495397591038,2.0432850533543,5.28465688465054,2.23493045764087,1.12526584768103,1.39249666733448,2.37857646542093,0.695221040467072,0.164345090156211,1.94392644932811,0.794408276103644,1.10122587768828,0.628473669031392,0.323759770163563,0,1.76817201894199,0,0,1.70641656367554,0.92780770811967,0.328069059670573,0.697219046837263,0.743104401273968,1.93360166490468,2.92365609795232,3.04059904318564,1.21375572340844,5.13546623929321,1.33981875258707,0.542490861096264,0.393095580394293,0.392337328899754,0.63258901456648,0.710344198071425,0.939462065157188,1.46541865221376,2.60246468569868,NA
"2664","51720",9.50379865884122,0,0,0,0,0,0,0,0,0,0,0,0,0,0,0,NA,NA,NA,NA,NA,NA,NA,NA,NA,NA,NA,NA,NA,NA,NA,NA,NA,NA,NA,NA,NA,NA,NA,NA,NA,NA,NA,NA
"2665","51730",0,6.38923392032348,0,5.76834489338417,2.01542302939932,0,0,0,0,3.19199271783377,1.14984078851138,4.20950666371034,0,1.4848595709819,0,0,0,1.8903398438967,0,0,0,5.34364120755857,0,4.09947405615609,0,0,0,3.20101394197088,0,1.09925911752434,0,2.32492488035778,2.20367632435569,0,3.68480752765173,NA,NA,NA,NA,NA,NA,NA,NA,NA
"2666","51735",0,6.38923392032348,0,0,0,3.29105432191909,0,0,0,0,0,6.57158000150638,0,4.84485405402439,3.39292893657787,0,0,0,0,0,0,0,0,0,0,0,0,0,0,0,0,0,0,0,0,0,0,0,0,NA,NA,NA,NA,NA
"2667","51740",3.73187737416727,0,0,9.38172676527974,0.780412770541478,1.76273633320957,0.487591745697054,3.7370314396974,0,0.333422033496101,2.87140635199573,1.45378016754116,0.797418370961253,0.998493641307706,0.244573491683411,0.509125014152281,0.828369110394268,1.49617084593908,0,1.03625274653215,0.370682078731157,0.803787810660108,0,0,8.63683299367314,3.89471502870604,1.22110899635951,0.383475315416891,0.514261487609255,0.841846261403502,1.04591064962857,5.68668967957967,0.132903598698222,0.914273708540374,1.23254249050211,0.293171487109754,0.98968683648831,0,NA,NA,NA,NA,NA,NA
"2668","51750",0,0,0,0,0,0,0,0,0,0,0,0,0,0,0,0,0,0,0,0,0,0,0,0,0,0,0,41.9273077940322,0,0,5.35623193094833,0,0,0,0,0,0,0,0,0,NA,NA,NA,NA
"2669","51760",4.15216491595613,1.4780739077947,0.529840712948342,1.34070002831222,1.22600774214361,1.91843219912726,0,0.375501593995077,2.67071613985672,6.09067185361566,5.10750353515716,2.7450862058119,0.301998313127883,0.516480068749153,0.413068892798547,0.776247501511364,0.66181704819646,1.35690135405698,0.998927017381238,0.686582336775544,1.49232127204939,0.89857257680328,0.224518257673958,1.27039685883031,1.52202558971559,1.15421511133232,2.17938100042386,0.500982882026449,0.949218955448437,0.374438616801024,0.8704831856755,0.819046207271752,2.12105193765937,1.43771445880295,0.293434483988854,0.76821722495117,1.06033726226995,1.54515349372395,2.30464496261746,1.49440224034251,1.53883161029212,1.04443099200287,NA,NA
"2670","51770",9.50379865884122,12.9267450208514,0,0,2.89565943512741,0,4.54674054767612,0,0.586815497019626,0.571045463165071,1.16123343392212,0.604535536922504,0.645605178457679,0.698635674771863,2.19336538945394,0.72075283666639,0,0.748471871739997,1.56714078597681,0,0,0,0,1.73003526246257,3.94718125724229,1.80239147919358,6.55644985954045,0,0,0,1.49642699564711,12.6441066792346,4.99255641499895,1.34230978465063,0,0.130441395682901,0,NA,NA,NA,NA,NA,NA,NA
"2671","51775",0,0,0,0,0,0,0,0,0,0,0,40.1518466589088,0,3.45541880641236,4.39725817485851,0,0,0,0,3.63680663479751,0,0,0,2.35246360477242,4.39973424324709,1.78570567078267,5.22252523597098,7.77889217101467,0,0,0,0.385256342461835,NA,NA,NA,NA,NA,NA,NA,NA,NA,NA,NA,NA
"2672","51790",0,0,0,0,0,0,0,0,20.1118374377734,0,0,5.2963937607928,3.67234077907856,2.59846160038585,0,4.90692106597978,2.45305114198954,0,0,0,0,0,0,2.91885630352106,3.49344892886364,0,0,2.69847855720523,0,0,NA,NA,NA,NA,NA,NA,NA,NA,NA,NA,NA,NA,NA,NA
"2673","51800",0,0,0,0,0,0,0,20.9954278164577,4.7067124660649,2.61022336274839,1.75738759634635,4.95598760707306,7.57544995195928,0.954420666904847,2.09310392170363,0.566795867752112,0.259763412491479,0,1.17976092825388,1.6308924576874,2.64327550000772,0.911369993136944,1.628040439978,0.491064539272375,1.38909384621388,1.11135010596452,2.31167572573574,1.88392478982867,0.169961622842763,2.92509517131606,1.98258182005602,1.13620223610355,0.206841042296128,0.307081652448098,0.651238796685235,0,0.727057118971008,0.353313459386216,3.04302626374608,1.20994316021966,0.568077372426079,2.0874391473884,0,NA
"2674","51810",0,0,2.0607833734068,0.885524431952489,0.831916918335061,1.62412623001915,3.47229761943246,0.640587219038514,2.38554109852408,3.41004723051153,2.61501240301293,1.51136970470551,2.30002560102071,0.608042637088313,0.448953257523345,1.21204531214854,0.393572619940755,0.717659102651054,0.327431341912255,0.87777906353084,0.571369574873,0.7262313831513,0.101388842850058,0.463540820635747,0.270955410095281,1.11883670560237,1.09301156930699,0.399762603328708,1.68362452409166,1.4503265867968,4.50656385520952,2.09054066556609,0.337809539289114,0.40405927064433,0.982362643291768,0.99850168594976,0.419826524277961,0.681993285066677,2.3852253791336,1.27042979356012,1.80562690470968,0,2.39264538917782,NA
"2675","51820",0,0,2.86085361663031,0,0,2.41549883563406,0,0,2.84019822174133,5.0188021965095,0,0,1.64508687393596,0,0,0,2.50414031564104,0,0,3.38469152097596,0,0,3.17869264790364,2.81306321909212,0,0,2.25328226643795,0,0,0,5.79314533959864,2.44543196940015,0,0,NA,NA,NA,NA,NA,NA,NA,NA,NA,NA
"2676","51830",0,0,0,0,0,1.68893905435922,2.02036284378261,0,2.22857772324014,2.01110475249955,0,0,1.82383762737185,3.51622779154903,1.5305187583998,1.30976003576562,2.22886525957154,0,0.93741003440466,0,0,3.55717597606332,0,0,0,0,0,0,0,0,0,0,0,33.0601950662895,0,0,12.7884863766511,0,0,3.07742622738953,1.30957409055299,1.16508340083518,1.07481569350238,NA
"2677","51840",15.495240879053,0,4.20279156827855,0,4.76091524148055,0.924091375111259,0.785037007828358,1.41839204480431,0.668536304753682,0.663618612570136,0.686366844718997,0,2.42172677235043,0,0.882704473409869,0,1.02732016285906,0,1.30810134750949,4.02329881213409,0,0,2.21067459748593,2.046126788509,0.932379075298455,0.870535178639412,1.64350970718313,0,0,2.63744152577605,0,0.942611780999684,3.6449395727999,3.72425649085086,1.70360729235209,0.461799768053933,NA,NA,NA,NA,NA,NA,NA,NA
"2678","53001",0,0,9.4989667055933,0,4.35008294125231,0,2.76362912170274,6.16923837010118,0.733527724455247,3.31844916645578,0,0,1.2276633945888,1.27055367226922,0.444007695230768,0.94122590922353,0.498223097439621,0,0,4.12299213249723,0.66590719788188,1.24056163894541,0,0.586637104850498,0,0,0.917471096708744,0,2.89938172715318,1.51344284616835,1.40406813563741,0,1.23610571397518,0,0,0,2.03929009693085,0,0,3.17741447010756,0,0,NA,NA
"2679","53003",9.50379865884122,4.20373720110854,2.49543848965504,0,0,0,0,2.4405834840676,0,3.12058729219007,0,9.08239330647928,1.47110058457232,0,1.8875723915817,0,0,0.989049953520556,2.17731988737322,0,1.19540383686382,0,0,0,0,2.58680233136546,0,0,0,0,NA,NA,NA,NA,NA,NA,NA,NA,NA,NA,NA,NA,NA,NA
"2680","53005",3.23994950919703,0,2.03140465076244,3.68178365919594,7.99721012563798,0,2.41500929710276,5.69637761825824,0,1.42008678753804,1.44203852724704,0.366088741846382,0.907910601423242,0.807885028522216,0.717983823677344,0.0706007451181215,0.239874770472087,3.16806684122176,1.54467642519491,0.871600301176257,0.371483734251526,0.730519444422631,0.52730897155629,0,1.59175090901678,1.22908062772495,1.1678625697313,0.740951201499729,0.1067785943196,1.32678873852861,1.35784960003119,2.92800490876164,1.70985471439838,1.30550349921986,0.437393861404352,0.281682620827236,0.441309339539248,0.571315593736421,0.749649581786455,3.1502222799238,3.05377990133863,1.8045341064644,0.865691853926639,NA
"2681","53007",9.50379865884122,0,4.07359565544083,0,1.31785007851928,0.617616300858541,0,0.691724145294786,1.5390466374327,0.829068415334598,0.868293865470035,1.73991101903417,3.16223233837068,3.18404045718554,0,2.21522356349933,0,3.31172237588202,0.657100495286661,2.34863633696644,0.523826963158476,0,1.51970611444485,0,0.580399620281717,0.975689478741102,0.364673379226411,2.36064292211707,0.783703805391107,2.21546832147455,2.26054321738318,0,0.272349679803474,0.283510216128846,0.318296822132671,0.75359798298619,1.33674876209626,0.99761052621646,4.75636194775188,1.89434123661578,0.308225790149946,1.0887733446366,0.515473784149665,NA
"2682","53009",0,0,0,1.45080171925128,0,0,0,2.628566273558,5.27299213041193,0,0,0,0,0,0,0,6.86914237922175,5.89089021597418,3.72412733493358,0,2.0380395929626,0,0,3.64286812558437,0,1.70272452195889,0,0,0,0,0,0,0,10.2729461989667,0,0,9.19664020542741,2.81286508299124,0,0,0,1.88235364876698,0,NA
"2683","53011",3.38885323507765,0,1.42992240028919,10.1283850346546,4.96799711123538,0.687136224601295,0.712746328238213,0,2.03852699321156,1.08251631832938,0.0785249200909575,0.50037644460332,0,0,3.89382352356319,2.07432857885676,0.546255248395687,1.55727947387857,0,1.24050628877445,0,1.86563422164075,1.11622442567253,0.818649194624014,0.718267514750335,1.23270666658192,0,0,2.38809743841932,1.29917972432496,0.898999523093756,0,0.266885036409834,0.442383039132197,0.172283781664545,2.23109515959547,1.10217012358901,0.896283290474654,0.87898007173772,1.27646202830383,0.209821476753411,0,1.92527635707539,NA
"2684","53013",0,0,0,0,0,0,0,0,0,0,0,0,0,0,0,0,0,0,0,0,0,0,0,0,0,0,0,0,0,0,0,0,0,0,0,0,0,0,0,0,0,0,0,NA
"2685","53015",0,0,0,6.72867519377344,0,3.18084886077497,0,3.07341085902463,0,0,2.64003306088709,0,0,0,0,3.35236066885568,0,2.45410457496844,0,0,0,2.68783644260338,0,1.51029885553271,0,0,5.03342378879784,0,3.82041377435858,0,1.85858048300016,0.841385052999261,0.801631795599376,2.30389598611455,0,0,0,1.89168501744646,3.88672948677839,1.70177489662766,3.9957534447234,0,2.58149995497832,NA
"2686","53017",0,6.38923392032348,9.50057681065498,0,0,0,0,0,0,3.14648790055586,0,10.1180235686381,2.10670606088309,0,0,0,2.72870291977514,1.38499058759662,3.78951195211484,0,1.8659002257583,5.84972878693247,1.5868217569202,2.02256555414612,0,0,0,0,10.86665372142,0.571608981109363,0.438179176858162,1.1116485076855,0.172107845913754,0.35442206237524,0.5907141073729,0,0.573028125028773,0.358752973160137,0.448258518062597,1.60761682938787,0,1.30431745812951,NA,NA
"2687","53019",0,0,0,0,0,0,0,0,0,0,0,0,0,0,0,0,0,0,0,0,0,0,0,0,0,0,0,0,0,0,0,0,0,0,0,0,0,0,0,NA,NA,NA,NA,NA
"2688","53021",6.85371719797014,0,2.49510522836841,0,4.3196733017725,0,2.57638047545297,9.40597637036208,0,0,1.60615168567648,0.756790054714685,0.191718926757341,2.0023712469225,1.59546517954169,1.14201042263987,0.898584380716375,1.85003897254356,1.68558749825887,1.38154628273698,0.636760696139187,1.21467966874592,1.40131583581899,5.15714712568167,0,0.706999990669212,0.985804509237477,0.897508557309675,0,0.0738655099205081,1.28903775657506,2.46198808305249,0.571660294167874,1.02053475619034,0.0911848921834843,0.472791376316219,0.919576045866374,1.22305807041054,0.360508059318668,3.63129225010129,3.92796391480877,1.16374632179033,0.89046618457569,NA
"2689","53025",3.15672694893642,0,1.08401889313783,1.40277746768248,1.29450355671432,1.03430421985321,1.20974103919889,1.73942602528296,0.730653836178398,0,1.82906704729197,0.371722075638651,0.39144939697532,0.637833937729894,1.82687955108239,0,1.5002433305367,0.257735613912157,1.59251316225384,2.31724852858025,0.948548255694167,1.30735844828141,0.410196853856444,0,1.53325753013907,0.925601037139701,1.66797864673646,0.708540251215753,0,0,1.14436270771473,0,1.1732743106247,0.45327776116424,0,1.19673638794258,1.93072367091866,0,2.60987132335398,2.34482019831866,2.90309561728885,0.398443873052954,3.33132247754168,NA
"2690","53027",0,0,0,0,0,0,0,0,20.1118374377734,0,0,0,5.23736790776975,10.003927589269,0,0,1.37682262844276,0,1.38326357135835,0,4.5865882570401,0,0,1.28160023977635,0,0,0,0,0,0,0,0,0,0,0,0,0,0,0,0,0,0,0,NA
"2691","53029",2.21707478696439,0,3.05127777896853,4.4652079601063,0,1.79344244293451,1.28711038496199,1.08992620717358,0.0880552101693295,0.276267388112923,0.511764312173204,0.591854713717082,0.420066376117701,1.31118134569645,1.94690585460425,0.177745816656469,0.537604601213916,1.79656693348439,0,0.382012562706328,0.212737877069643,0,1.23115700151263,0.373223819668221,0.447059578072662,0.523689522733078,0,0.714338684661893,0,0,2.59474873184171,0,0,1.74728369785867,0,6.75416612371632,4.72754194108265,0,0,0.66291963924032,0,0,0,NA
"2692","53031",0,2.3705768629988,0.859344977214641,1.43623296547868,0,0,1.53738583253605,0.848409655083755,1.79753221401163,0.892312409958243,1.69802732557184,0,0,0.896816604186272,1.9536809563612,4.61912043252195,0,0,0.678675195189336,0,0,0,0,0,0,0,0,16.139794532364,0,0,0,0,0,0,0,0,0,0,0,0,0,0,0,NA
"2693","53033",1.4818919181257,0,0.988931099093646,1.01509277411528,0,2.39357207362444,0.399176506024774,0.010170741837887,0.923236782664523,0,2.16167071954392,0.90644858623238,0.780030043625595,1.85251859329275,1.06515650108991,0.952529530141081,1.18977925122828,1.12675724307244,1.27320599408269,0.778501442884736,0.873620281568112,0,0.730321052921843,0.470830620104184,0.58455422202664,1.74713420581068,0,2.56985872508131,0,1.08262685368642,0.783353929723164,1.40407215454989,0.961569436246621,0.931839788905645,1.12686651920414,0.74238365855111,0.516440607342898,0.979665793697037,1.04166253930014,0.69830489958695,0.837141077730265,1.10272216955828,1.09854980272424,NA
"2694","53035",0,0,0.671375568181087,3.74941701079284,0,2.08786793693935,1.67506581410989,1.13204243865208,2.97767135937246,0,1.21006418656345,1.52815777947272,0.492252864421131,0.620710830315573,0,2.13464182587024,0,0.163813957193996,1.09052609947571,0.402718326084382,0.89561275165281,0,0,0,0,1.86769918294856,0,2.78432766018304,0,0,2.78867828892713,2.52842074171666,0,0.715432579246988,0,2.26561268845651,0.765706641177926,0,0.842574224119036,0.902468991976,0,0,0,NA
"2695","53037",0,1.80342412118814,12.4661834712524,0,0,0,0,0.447371413083154,0,0,1.17287726589751,0,0,0,6.24215213121493,2.55986632809842,0,3.34789193982369,0,0,0,1.58283080947687,0,0,0,0,0,0,0,0,0,0,0,0,0,0,41.8186104757835,0,0,5.35621359526525,0,0,0,NA
"2696","53039",0,0,2.86085361663031,1.17368877095409,0,0,0,1.48388850358628,1.71604518821291,0,0,0,0,6.01610529331256,0,0,0,2.52942116995576,0,0,5.41582884536785,0,0,2.0475181235327,1.8982739962183,0,0,0,0,0,0,0,0,0,0,0,0,0,41.4274130931571,0,0,5.35611894004558,0,NA
"2697","53041",0,0,0,7.42089248873837,0,2.9718397168291,0,3.22213640916938,0,0,0,2.17166091702915,1.16041194122484,0,3.60593119002977,0,0,1.07641923501889,1.12130481115418,0,0,0,0,5.05803870835817,0,0,0,2.51714465892111,2.39579957115075,0,0,2.22651470947299,5.79101325178271,5.2787038857787,0,0,0,0,0,0,0,0,0,NA
"2698","53043",0,0,0,0,0,0,0,0,0,0,0,0,0,0,0,0,0,0,0,41.9272782576116,0,0,0,0,0,0,0,0,0,0,0,0,0,0,0,0,0,0,0,0,0,0,0,NA
"2699","53045",0,0,5.35623193094833,0,0,0,0,0,14.2132306273696,2.78961446771519,7.67322348091861,1.81202295423275,0,0.582870704060349,0.570599294574844,0.605142160125356,0.674179166645712,0,0.917676525501689,0,1.26978919150134,0,0,0,2.5126775937536,2.65478619254106,2.38015105152632,0,0,0,0,0,0,0,0,14.7497552516437,0,0,0,9.29916637947114,0,2.48198490737019,0,NA
"2700","53047",0,11.0886817491692,0,0,0,0,0,3.34780948261212,6.43420214549473,2.34229761948362,3.25502593826639,0,1.06033961141185,1.93670236805588,0,1.84008084639865,0.90497942323598,0,0,0,0,0,0,0,0,0,0,34.5503094880481,0,3.44366802000299,4.39441967999923,1.53360381669616,1.20935777748967,0,1.04744510452049,0,0,0,0,NA,NA,NA,NA,NA
"2701","53049",0,0,0,0,0,0,0,0,27.1839721648764,0,0,2.84369362366019,0,0,0,0,0,0,0,0,0,0,0,NA,NA,NA,NA,NA,NA,NA,NA,NA,NA,NA,NA,NA,NA,NA,NA,NA,NA,NA,NA,NA
"2702","53051",0,0,0,0,0,0,0,0,0,0,0,0,0,41.5359066678638,0,0,0,0,0,0,0,0,0,0,0,0,0,0,0,0,0,NA,NA,NA,NA,NA,NA,NA,NA,NA,NA,NA,NA,NA
"2703","53053",2.07428443336852,0.748730405087696,0.797104603130741,1.25971216198958,1.68750549429634,0,3.05421061216453,0,1.90997688040489,0,3.49475296646827,1.83055321611506,1.05934484338197,1.30230776678766,0.51381359682382,0.747631122853388,0.625832359114917,0.817604472545374,0.758349218492437,1.03326511640133,0.21144632047593,0.962937938970303,0,0.960593333829886,0.761711863615323,2.35739181780571,0,2.06039042164772,1.51188075674182,0.959106170461013,0.500580858198827,0,0.650632789409317,0.842953435316815,0.3780276142973,0.916595160371832,1.58633008205952,0.708965338385475,0.879196576006232,0.934963771346895,1.99201993648175,0.870972950656234,1.03105997453876,NA
"2704","53055",0,0,0,5.25744058045737,0,3.70150115844827,2.89003479136647,0,0,0,4.50260050696969,0,0,2.04985733157304,3.69876293350904,1.53073273566808,2.48978544389574,0,0,1.02487373557466,0,0,0,0,0,0,12.4068811669444,0,0,0,0,0,0,0,0,0,0,0,0,0,0,0,0,NA
"2705","53057",0,2.57285931528092,0.467146602058447,3.73072768374389,0,1.23514137975503,0.729513402667044,0.185403000909078,1.932332830865,0.689409232248288,1.48279474272436,0.965870963030105,0.756092277821936,0,0,0.611608212785203,0.446126670351293,0.554310588126653,1.34138089973603,1.71945936904742,0.494236379658119,0.971771614010727,0.954273250184969,0.716104431546117,2.57949287227368,1.92575160074867,1.50183293418931,2.25078260785664,0.694450597008929,0.889436437566907,0.370711198542132,3.0143187805756,0.339973823659064,0.44240913206556,1.32644197568853,0.668205984296501,0.347494261236983,1.70346585743456,0.870313207987291,1.00332979193821,1.00076718256608,1.11471930313657,0.372346953210396,NA
"2706","53059",0,0,0,0,0,0,0,14.0040270250776,0,0,0,0,0,7.26095505630231,0,0,0,0,0,0,0,0,0,0,0,0,0,0,0,0,0,0,0,0,0,0,0,NA,NA,NA,NA,NA,NA,NA
"2707","53061",0.975294638652867,1.37447580234784,0.218464912750229,1.38639229404803,1.21865078169728,0.00914369175854406,0,1.74831369506977,1.91509439097672,0.883445452742478,0.821012186286605,0,1.47940615320988,0.674750214152457,0.560240113911652,0.765282769565372,0.53233893266962,0.805063728082365,0.990086954295821,0.611353417190223,0.633250939250438,0.846300947367515,0.964899230336383,0.893201970019838,1.06767205502374,0.596883817528508,0.948287618975579,1.30674480303766,0.529677175642734,0.709824192345905,0.573750896742167,0.217885955763974,0.938074522223758,2.02947879052673,0.537784320920103,0.813537962502463,1.27222554427285,0.912505400208483,1.63430394254036,0.718605093095682,1.39637261535164,0.545802956653846,0.956567415945028,NA
"2708","53063",0,3.13817719626882,0.979266980364065,6.00973530003699,1.98039990470306,2.30834732599082,0,1.89100336772669,0,1.41016647472249,1.53932228409598,0.760472304547495,0.94265994996328,0.629858289572494,0.196311322718301,0,1.41065827502058,0.659857821466548,0.529790368281538,0,2.96095333959674,0.255605072704723,0,0.27601464142418,1.21818036692448,1.95903673541341,0.664802596711503,0.832249132865569,0.99219669424722,0.333721969787,0.352595636865051,0.584271841105978,2.13272452948257,3.11686068377999,0.370367162461513,0,0.515847238121269,0.548694059535136,0.814638608607308,2.22365916223114,0,0.718466184074146,0.745656106894912,NA
"2709","53065",0,0,0,5.25744058045737,0,3.70150115844827,0,0,2.78315587580183,0,2.58636108102497,0,0,0,0,0,0,7.69203819113141,0,0,4.96436306740838,0,0,0,0,0,6.12050916297201,0,0,0,0,5.67350187004652,0,4.25160494495345,0,0,0,0,0,0,0,0,0,NA
"2710","53067",0,0,1.61041305216816,4.32426289375354,0,0.956376119859447,1.7792612187598,0.836900966957989,3.07085159584862,0,0.656102093348503,1.50148731178984,1.25857259109337,0.620666030981883,0,1.57617460917631,0,0.789756844620804,1.15192509104457,0,0,0,0,0.728455282875687,3.69933214747413,2.76599070181614,0,2.72435497548647,0.580709442623964,0,0,1.26585307740448,1.41363866481152,2.20594976304394,0,0,0,3.33103795040292,0.826290489934784,0.804735237407625,3.6478988622255,0,1.14858328214576,NA
"2711","53069",0,0,5.35623193094833,0,0,0,0,0,0,0,0,0,0,0,0,0,0,0,0,0,0,0,0,0,0,0,0,0,0,0,0,NA,NA,NA,NA,NA,NA,NA,NA,NA,NA,NA,NA,NA
"2712","53071",0,0,5.35623193094833,0,0,6.16909632661256,2.32075054933446,1.77041896499739,0,1.34665016728806,1.28057543884923,0,0,1.5493394221428,4.64805111400886,1.31526229264485,3.14165582127723,0.831034490899644,0,2.062294464097,0.660244687602868,0,0,1.67249978365616,2.65305715944543,0,0.853892519390979,0,4.97217110065748,0,0.660746808748776,4.08564499244954,3.21128161531494,0.721682009444572,0.620384028832904,0.865799629886192,0.572437455209356,1.46958195612305,1.48228776262888,2.52214888554525,2.63925520380956,0.203117514088363,0.74009842109618,NA
"2713","53073",17.434902661093,0,2.23089675529355,2.26980974908419,0.509933708517304,0.779367845706289,1.06518873135938,0,1.90742848050619,0,3.16699134343781,0.574940325166682,1.2991907335075,1.75325839187208,0.261616620761684,0.646429264865762,0,0.382991017693695,0.633225331172931,1.18091249571936,0.24842950714361,0.142929200273814,0,0.993812724704453,0.932024614303012,0,1.54139935939756,0.335417164835495,0.363571431517354,0.793569746727754,0.437003044657978,0.49114207338704,0,1.33431264052554,2.87838188454753,0,3.83586002035853,0.539774379984916,3.58092005024516,1.08830645073034,2.12301172684478,1.04086915435104,0.239387413414669,NA
"2714","53075",9.50379865884122,0,0,2.83242606908575,4.52322414045286,1.72522066419713,0,2.50651614733041,0,2.16231785431351,1.01804527317491,0,0,0,1.43615605723619,0,0,0,0,0,0,0,0,0,27.1969999316384,9.0283628638642,4.16640964653979,0,0,0,0,0,3.80222430303465,0,0,0,0,0,0,0,0,0,0,NA
"2715","53077",0,3.85066775298633,5.69562779717604,2.34124956050087,0.625751100892667,1.6764552888357,4.89201409647943,0.461614811527635,0.790725166028115,0,3.22713304335004,0.759994135315164,2.13412323325853,1.43238745067315,1.27667157885047,0.541212217754695,0.62223538694402,1.04504800063995,0.463768040301404,2.19852758776122,0.813380194200303,0.101274832619512,2.5342452156946,0.664977092600351,1.18384305227107,0.966848628054484,1.47309007767761,1.21969468318194,0.808711032440183,0.846037109717933,0.467300799178293,0,1.35279004771073,1.75047800001075,1.29781154953996,0.615957385461794,0.38509008380475,1.17223407573179,1.50982120635394,2.35918355337042,1.93427765829225,0.593477058974462,1.6978006681365,NA
"2716","54001",0,0,5.35623193094833,0,0,3.32949567636171,2.86102729495087,2.31387443011828,0,0,0,0,0,0,0,0,0,0,0,0,0,0,0,0,0,0,0,0,41.9273032584733,0,0,0,0,NA,NA,NA,NA,NA,NA,NA,NA,NA,NA,NA
"2717","54003",0,6.38923392032348,8.2278820788803,0.972064043970891,2.74113287075075,1.06377906771508,2.21568687794418,2.23122104900959,3.0268447391757,2.82127019251751,0.933250622080184,0,0.480122636072217,1.48727984312437,2.63763239902835,1.07756028728487,0,0.436515290084356,0,1.40121551944163,0,0.70724892037649,1.08649098046206,0,1.02111381826424,0.743239597266083,0.801765911849809,3.22307089604695,2.13888109936816,0.613527550711935,0,0.565858340865561,0.604840132512134,2.58084227005501,0.648446219209821,0.644638669839289,2.46951497334157,0.848995185045947,0.795848453154417,1.76100654951066,NA,NA,NA,NA
"2718","54005",0,0,0,0,0,0,0,14.0040270250776,0,0,0,0,0,0,0,0,0,0,0,0,40.6838303402812,0,14.6859651377408,0,0,0,NA,NA,NA,NA,NA,NA,NA,NA,NA,NA,NA,NA,NA,NA,NA,NA,NA,NA
"2719","54007",0,0,0,0,0,0,0,0,0,0,0,0,0,0,0,0,0,41.9261852895783,0,0,0,0,0,0,0,0,NA,NA,NA,NA,NA,NA,NA,NA,NA,NA,NA,NA,NA,NA,NA,NA,NA,NA
"2720","54009",0,6.38923392032348,3.73038711983005,0,0,0,0,0,0,0,0,0,0,0,0,0,0,0,41.8947616852139,0,0,0,0,0,0,0,0,NA,NA,NA,NA,NA,NA,NA,NA,NA,NA,NA,NA,NA,NA,NA,NA,NA
"2721","54011",0,0,9.4989667055933,5.30788402328391,0,0,2.55083703688975,4.29238809500225,0.861109609618996,3.44181254377576,2.13279066343095,0,0.412043946393329,0.41984055956868,1.35110095317251,0.967066860167559,0,0,0.681520939537986,3.71246381407235,0,0,0.738535694286863,2.26185728131748,0,0,1.72688902397358,0.906816026942962,0,1.03091234323239,0,1.25596918992468,1.35841341459659,0,0,NA,NA,NA,NA,NA,NA,NA,NA,NA
"2722","54019",0,0,9.4989667055933,0,0,0,0,0,0,9.25239108487619,0,2.91521914360523,0,0,0,6.4284419397995,1.75117540678061,0,0,1.31846883266285,2.58933272740075,0,1.24004843730813,1.21884256042437,0,1.26535387532304,1.30099679367296,NA,NA,NA,NA,NA,NA,NA,NA,NA,NA,NA,NA,NA,NA,NA,NA,NA
"2723","54021",0,0,0,0,0,0,0,8.40581537701601,NA,NA,NA,NA,NA,NA,NA,NA,NA,NA,NA,NA,NA,NA,NA,NA,NA,NA,NA,NA,NA,NA,NA,NA,NA,NA,NA,NA,NA,NA,NA,NA,NA,NA,NA,NA
"2724","54023",0,0,0,0,0,0,0,0,0,0,0,0,0,0,0,0,0,0,0,0,41.9273057922628,NA,NA,NA,NA,NA,NA,NA,NA,NA,NA,NA,NA,NA,NA,NA,NA,NA,NA,NA,NA,NA,NA,NA
"2725","54025",9.50379865884122,4.20373720110854,0,0,0,0,0,0,0,0,0,0,0,0,0,0,0,0,0,0,0,0,0,0,0,0,0,0,0,0,0,0,0,0,41.9273077940323,5.3593048205652,2.69871990544466,NA,NA,NA,NA,NA,NA,NA
"2726","54027",9.50379865884122,4.20373720110854,2.49543848965504,0,0,1.6301609027909,3.1557799178122,0,0,0,0,0,0,4.24062091196899,0,0,0,0,0,0,0,0,0,0,0,38.520293437062,NA,NA,NA,NA,NA,NA,NA,NA,NA,NA,NA,NA,NA,NA,NA,NA,NA,NA
"2727","54029",0,11.0886817491692,0,0,5.51488425478249,0,0,1.27025161100755,0,0,1.70989713654495,0,0,0,0,0,0,0,0,0,0,0,0,0,0,0,0,0,0,41.9271140505121,0,0,5.3562319230941,3.68219830388641,0,2.30942471437251,0,0,NA,NA,NA,NA,NA,NA
"2728","54031",0,6.38923392032348,0,0,0,0,0,0,0,0,0,0,0,0,0,41.5098319448405,0,0,0,0,0,0,0,0,0,0,0,38.5206446780235,9.4384082978565,0,3.13064820687547,2.30181577983599,0,3.31348287677412,NA,NA,NA,NA,NA,NA,NA,NA,NA,NA
"2729","54033",5.3593048205652,0,2.07379171298768,0,1.62248464410201,6.77964784032441,1.0007368591247,2.30968245985227,1.82718873891339,0,0.990626491379846,2.38315189959236,0.454055641271862,0,1.86764491652051,0,0,0,0,0,0,0,3.86113323405314,0,0,8.53504122927135,0,0,0,0,0,0,0,0,0,0,0,0,0,41.1461656943808,0,NA,NA,NA
"2730","54035",0,0,5.35623193094833,6.76984580054302,2.14597514033517,1.54549703837673,1.23780376069942,1.07789423203868,0.999924931930348,1.89487579870038,0,0,2.01882729001422,1.03965267792765,2.0439043576668,2.74149110625261,0,0.740902519641976,2.11094956948783,0,0,2.95925130950832,2.10592122287267,1.85349072018251,0.540897865021942,2.84358136236424,1.22086398408328,14.0580984716267,0.136199165358789,0,0.174778144980304,0.78291064418158,0.376742705646473,0,1.46977787629464,0,0.376072223958354,0,0.269936546216335,0,0,0,4.37313260835567,NA
"2731","54037",0,0,0,0,2.15491637715522,0,0,5.66217912786154,4.40129749173883,1.57148722516624,3.43275663401992,0,3.68727637785425,2.34678023093389,0.486763594291385,3.67156546058177,2.27052594707469,1.81749509596741,0.221531561231217,0,0.660603050620901,0,0.887156919814177,0.713725247275503,1.24893607177873,1.34379318839285,0,0,0.537311906614625,0,2.95237519096691,1.53519722993147,2.13619382939748,0,0.602464987582323,0.605329134687469,3.02513188931637,0,1.14752641017966,0,0,1.40451237047801,0.787213691373489,NA
"2732","54039",0,2.3705768629988,0,1.52536514486096,10.8350549169415,1.33212125152927,0.961310572154193,1.55362751141848,2.60318196504771,1.64412165705854,0.484093823568762,0.231617568756566,1.84986430022299,0.692433939879558,1.16266869743626,1.15844797703065,1.79214127390551,0.845377389180912,1.780270524211,0,0.191553878597337,0.623894890910974,0,0.860816205495013,1.02996850333081,4.64390012676618,0.62115902157269,5.07641246145077,0.182067946497687,0.770493216119386,0.713481425711697,0.569762184300014,0.751671994055611,0,1.14028294205443,0.431718770853848,0.490360721628599,0,0.983797789250302,0.379755762523272,2.91129468103244,0,0.419580810373652,NA
"2733","54041",0,0,0,5.25744058045737,0,0,0,0,0,0,0,0,0,0,0,0,40.6783803728459,0,0,0,5.2573494318749,0,0,0,0,0,0,0,NA,NA,NA,NA,NA,NA,NA,NA,NA,NA,NA,NA,NA,NA,NA,NA
"2734","54043",0,0,0,0,0,0,0,0,0,0,0,0,0,0,41.8189999421519,0,0,0,0,NA,NA,NA,NA,NA,NA,NA,NA,NA,NA,NA,NA,NA,NA,NA,NA,NA,NA,NA,NA,NA,NA,NA,NA,NA
"2735","54045",0,0,0,5.25744058045737,0,3.70150115844827,2.89003479136647,0,2.03265737251135,0,1.8083201238253,1.72975255338852,1.60659397505596,0,0,0,0,0,0,0,0,0,0,0,0,0,41.4025400988523,15.4856064207654,0,0,1.93835036853466,0,0,0,2.54026541488861,0,0,0,0,NA,NA,NA,NA,NA
"2736","54047",5.3593048205652,2.69871990544466,0,0,1.54673351904845,0,1.7458367502536,0,0,0,0,0,0,0,0,0,0,0,0,0,0,0,0,0,0,0,0,NA,NA,NA,NA,NA,NA,NA,NA,NA,NA,NA,NA,NA,NA,NA,NA,NA
"2737","54049",9.50379865884122,4.20373720110854,4.71051550791952,0,0,3.64084034783173,2.07715782966554,0.895094184802426,1.58527505726374,0.721550892924988,2.00936711623082,4.5302559068334,2.16915225256037,0.34885220273406,0.312468628478505,0,0,0.83933813736439,2.03188985291576,1.66828067490152,0,0.561290456226928,0,0,1.54273494561298,0,0,1.35893585652769,0,0,2.14534732583856,0,0,0,0,4.36066747588104,0,0,0,NA,NA,NA,NA,NA
"2738","54051",0,0,0,0,3.15138939200099,0,3.20093117031631,0,0,0,0,0,0,7.80522129416666,0,0,0,0,5.78302601078481,0,0,0,0,5.45994848264355,0,4.2270678917805,0,0,0,0,0,0,7.81893079041371,0,9.44741929192108,0,0,0,2.12313962929008,2.09697057017007,3.72681399126198,1.50628683384139,3.50823084834528,NA
"2739","54053",15.495240879053,0,0,0,0,0,0,4.39939780779107,0,0,8.29453148393088,0,2.26830340410825,0,0,1.89442786398357,0,4.03579893176942,0,1.7026164482969,0,0,1.73925394299542,0,0,0,3.07125689286054,0,0,0,0,5.02434855608857,0,0,0,0,0,0,NA,NA,NA,NA,NA,NA
"2740","54055",0,0,0,0,0,0,0,0,0,0,28.780203310455,0,0,0,5.25402797506826,3.96847276627109,2.84464646965809,2.08907674717405,1.62695688344335,0,0,0,0,0,0,0,0,0,0,0,37.0497276902034,0,0,0,0,0,0,9.82329504070225,0,0,0,0,5.79055959673036,NA
"2741","54057",0,0,0,2.80455791705411,0,0,0,3.50482348059052,0,0,3.62921582883352,3.09259797968148,0,4.256482869991,0,0,0,0,4.23561963043683,2.04315571320898,1.76800824491363,0,3.95186479538112,0,0,0,2.39517011590781,1.24299097226893,0,0,0,NA,NA,NA,NA,NA,NA,NA,NA,NA,NA,NA,NA,NA
"2742","54059",0,0,0,5.25744058045737,0,0,0,0,0,0,0,0,0,0,0,0,0,0,0,0,0,NA,NA,NA,NA,NA,NA,NA,NA,NA,NA,NA,NA,NA,NA,NA,NA,NA,NA,NA,NA,NA,NA,NA
"2743","54061",0,8.90531749049252,13.2185339319797,1.19511882122865,2.35557843500223,0,1.62566864047342,0.513365512028788,0,0.294187794668513,1.02523053776305,0,2.32718156051262,4.05689788765115,1.48705782984512,2.08926656215365,1.92713329656152,1.60082124114003,0.354113131768518,0,0.551713732815472,0.416127335004243,0,0.623644854712958,0,0,0.694035167187938,2.58037225518397,2.64882014295712,0,0.749379099768107,0,5.53080160676759,0,2.04238766243425,0.45328855833015,0.431994892692079,0,0,0,2.41740587603786,0,2.14822570004098,NA
"2744","54063",0,0,0,0,0,0,9.82330751988082,0,13.0386000219921,0,0,0,0,0,0,0,0,0,0,0,0,0,0,0,NA,NA,NA,NA,NA,NA,NA,NA,NA,NA,NA,NA,NA,NA,NA,NA,NA,NA,NA,NA
"2745","54065",0,0,0,0,0,12.3954918704862,0,2.96971193825581,0,0,2.05924185661831,1.99608388209173,0,0,0,0,3.11523851099576,3.18879046288172,0,0,2.54880424126552,0,0,0,5.87337353539344,0,0,0,0,2.88991828021884,2.88990094984129,2.50304392104708,2.00790379465251,0,0,NA,NA,NA,NA,NA,NA,NA,NA,NA
"2746","54067",0,0,0,0,0,0,0,8.40581537701601,0,0,0,5.14336559321742,0,0,0,4.20531892180836,3.59927658953621,0,0,0,0,0,0,0,0,0,0,NA,NA,NA,NA,NA,NA,NA,NA,NA,NA,NA,NA,NA,NA,NA,NA,NA
"2747","54069",0,13.0012304148575,0,2.81010318507039,0.726918921429355,0.640089158296186,0,0.674864165743997,0,5.75391580052519,0,2.51304173697399,0,1.01081430042984,0.499595670108126,0,0,2.86819585493471,0,0,0,0,1.35676192794327,0,0,0,3.3610193499368,3.29542462274282,2.67605932442065,0,1.86493387133616,0,0,1.8848835495311,0,4.17356440524017,6.44272545635531,0,0,NA,NA,NA,NA,NA
"2748","54071",0,0,0,0,0,0,0,0,0,0,0,0,0,41.5359066678638,0,0,0,0,0,0,15.9172921124863,0,0,0,0,0,0,0,0,0,0,NA,NA,NA,NA,NA,NA,NA,NA,NA,NA,NA,NA,NA
"2749","54073",0,0,0,0,0,0,0,0,0,0,0,0,0,0,0,0,0,0,0,0,0,0,41.9273077429001,0,0,0,0,0,0,0,0,0,0,0,0,0,0,NA,NA,NA,NA,NA,NA,NA
"2750","54075",9.50379865884122,0,0,0,0,0,0,NA,NA,NA,NA,NA,NA,NA,NA,NA,NA,NA,NA,NA,NA,NA,NA,NA,NA,NA,NA,NA,NA,NA,NA,NA,NA,NA,NA,NA,NA,NA,NA,NA,NA,NA,NA,NA
"2751","54077",9.50379865884122,0,0,0,2.96787517096382,2.73520556310784,0,0,2.34476147462415,2.18940182907224,0,0,3.95844858260669,0,0,0,0,0,0,0,0,0,0,28.5442077874679,19.0817460555324,0,0,2.84606539327385,0,0,0,1.56748757329092,0,0,0,0,0,0,0,0,NA,NA,NA,NA
"2752","54079",0,0,0,5.25744058045737,0,3.70150115844827,0,2.6995921199457,0,2.22677769914219,0,0,0,2.74575239993836,5.19298230624612,3.85358976025674,0,0,0,0,1.59031887574612,0,2.30314520324845,2.33792937009597,0,1.98317511330868,0,0,0,0,6.01211692839672,7.02816652182477,0,0,2.2157984212339,0,3.86606493437371,2.45506052726838,0,1.26166542344063,0,0.633040373010162,0.6937749712269,NA
"2753","54081",9.50379865884122,4.20373720110854,0,0,0,0,0,0,5.70688010569608,0,0,0,0,5.75875596727966,0,0,0,0,5.45992944656005,0,0,4.25559724736566,0,0,0,0,0,6.11268627992818,5.10741658316037,0,0,0,0,0,0,6.68520784765048,5.59559893445076,3.61882373921705,0,NA,NA,NA,NA,NA
"2754","54083",0,0,5.35623193094833,0,3.29763030713821,0,0,0,0,0,0,7.7053970705476,0,0,0,0,0,0,0,0,0,0,0,0,0,0,0,0,0,0,0,0,0,0,0,NA,NA,NA,NA,NA,NA,NA,NA,NA
"2755","54085",0,NA,NA,NA,NA,NA,NA,NA,NA,NA,NA,NA,NA,NA,NA,NA,NA,NA,NA,NA,NA,NA,NA,NA,NA,NA,NA,NA,NA,NA,NA,NA,NA,NA,NA,NA,NA,NA,NA,NA,NA,NA,NA,NA
"2756","54087",0,0,0,0,0,0,0,0,0,0,0,0,0,0,0,0,0,0,0,41.9272487212326,0,0,9.49896670296877,0,0,0,2.30144121660129,0,0,5.27693418547828,0,0,2.0447880868506,0,0,NA,NA,NA,NA,NA,NA,NA,NA,NA
"2757","54089",0,0,0,0,0,0,0,0,0,0,0,0,0,0,0,0,0,0,0,0,0,0,NA,NA,NA,NA,NA,NA,NA,NA,NA,NA,NA,NA,NA,NA,NA,NA,NA,NA,NA,NA,NA,NA
"2758","54091",15.495240879053,0,0,0,0,0,0,4.39939780779107,0,0,4.60252762628987,0,0,0,0,0,0,0,0,19.2932871388416,0,0,0,0,0,7.26952399412812,0,0,NA,NA,NA,NA,NA,NA,NA,NA,NA,NA,NA,NA,NA,NA,NA,NA
"2759","54093",0,0,0,0,0,0,0,0,0,0,28.780203310455,0,0,0,0,0,0,0,0,0,27.4621649850643,0,0,0,0,0,0,0,0,0,0,0,0,0,0,0,0,0,0,0,0,0,0,NA
"2760","54095",0,0,9.4989667055933,0,0,0,0,0,0,0,0,0,0,0,0,0,0,0,0,0,0,0,0,0,0,0,0,NA,NA,NA,NA,NA,NA,NA,NA,NA,NA,NA,NA,NA,NA,NA,NA,NA
"2761","54097",0,0,0,0,0,0,0,0,0,0,0,0,40.6838341098687,9.48354193556468,0,0,0,0,0,0,6.69541516477828,0,0,0,0,0,0,0,0,0,0,0,0,0,0,0,0,41.9215156012583,NA,NA,NA,NA,NA,NA
"2762","54099",0,0,0,0.695470632720111,11.4786542490087,1.37795886734606,0.625559085936867,0.105565562881223,0.304901615138597,0,0,0.174630187145759,0.496495636337477,0,0,0.793374362909678,0,2.65657963610135,1.38167084647197,0,1.3170970162736,4.68786668227617,0,0.867930207743221,NA,NA,NA,NA,NA,NA,NA,NA,NA,NA,NA,NA,NA,NA,NA,NA,NA,NA,NA,NA
"2763","54103",0,6.38923392032348,0,0,0,0,0,0,7.832702021354,0,0,0,0,0,0,0,0,0,0,0,0,0,0,0,0,0,0,0,0,0,0,0,0,0,0,NA,NA,NA,NA,NA,NA,NA,NA,NA
"2764","54105",0,0,0,0,0,0,0,0,0,0,34.1314925026599,0,0,0,0,0,0,0,0,0,0,0,0,40.6838341053403,0,0,0,0,0,0,0,0,0,0,0,NA,NA,NA,NA,NA,NA,NA,NA,NA
"2765","54107",0,6.38923392032348,0,0,0,0,0,5.40378702260529,8.58771032734258,4.96001231741366,4.32411019135179,0.961529334962012,1.49434659363477,0.645178238803956,0,2.51365430614849,0,0,0,2.56449564522771,0.903043765544844,2.63248785386448,2.99120708101586,0,1.11846457389072,0,0,1.30658351096137,1.4708357645988,0.790932225133308,0,0,0,4.6307553391614,0,0,2.15233204321964,1.02229036974938,0,0,NA,NA,NA,NA
"2766","54109",0,0,0,0,0,0,0,0,0,0,0,0,0,0,0,0,0,0,0,0,0,0,0,0,0,0,0,NA,NA,NA,NA,NA,NA,NA,NA,NA,NA,NA,NA,NA,NA,NA,NA,NA
"2767","55001",0,0,0,5.25744058045737,0,0,0,0,0,0,9.32432598702874,0,0,0,5.10944319371921,0,0,0,0,0,0,0,0,0,0,0,0,0,0,0,0,0,NA,NA,NA,NA,NA,NA,NA,NA,NA,NA,NA,NA
"2768","55003",0,0,0,0,0,0,0,0,0,0,0,38.5206446780483,0,0,0,0,0,0,0,0,0,0,0,0,0,0,0,0,0,0,0,0,0,0,NA,NA,NA,NA,NA,NA,NA,NA,NA,NA
"2769","55005",0,14.6904074042041,0,0,0,1.57092994155016,1.60417518510052,0,0,0,0,0,0,0,0,0,0,0,0,0,0,0,0,0,0,0,0,0,41.9273072620355,0,0,NA,NA,NA,NA,NA,NA,NA,NA,NA,NA,NA,NA,NA
"2770","55007",0,0,0,0,5.8621602337794,0,0,0,0,5.46005000151352,0,0,0,0,0,0,0,0,0,0,0,0,0,0,0,0,0,0,0,0,0,0,0,0,0,0,0,0,0,0,0,0,0,NA
"2771","55009",0,0,0,1.91234480540149,1.83343126425043,1.72763582668955,0,1.59137248776221,2.92987250743773,2.47668389044821,5.51120583896673,4.22186830548202,0,1.75348081738754,2.91867959029814,0.497446951052543,0,2.06141125034473,1.11387745571929,1.08344152890155,1.66020560317016,1.72695698715697,3.30531250277529,2.25038575051057,2.5922988433929,3.23508241298725,1.45923171881915,0.560431903366096,3.08657698410458,1.09515321796541,2.83501532791153,1.42742353941894,3.30245497491334,2.00096588676611,0.804706152999246,0.982060420532107,0.805088800610408,0.610080369864603,1.06225791858307,1.49610184127622,1.22267231002537,1.05332374646282,1.06294561941796,NA
"2772","55011",0,6.38923392032348,0,0,0,0,0,0,0,0,18.1259203952684,0,0,5.29009659298543,0,0,0,0,0,0,0,0,0,0,0,0,0,0,0,0,0,0,0,41.9272782064796,NA,NA,NA,NA,NA,NA,NA,NA,NA,NA
"2773","55015",0,0,0,0,0,0,0,0,0,27.462168420246,9.035975664712,0,0,2.83062412137076,0,0,0,0,0,0,0,12.6638409474791,0,0,0,0,0,7.26074765755506,0,0,0,0,5.6807420448682,0,0,7.74199956089199,2.63935734867752,3.61200115623958,1.30881934622081,1.05690019623609,1.82558160462457,1.61447950431939,0.737051560088208,NA
"2774","55017",0,0,0,0,10.2861407168863,3.33068278606392,0,5.1950990034463,1.2667976706962,2.00110535235665,0.842265666662293,2.21923826062244,0,1.30851560158072,0,0,0,1.06644511963007,1.31247657613988,0,3.30815016393843,0,0,0,0,0,3.06522894751476,0,0,0,0,0,0,0,0,0,27.4388127364451,0,6.30422085528482,3.7202671720106,0,4.08156392379996,0,NA
"2775","55019",0,6.38923392032348,3.73038711983005,0,0,0,4.55850740148742,2.0221189816429,0,0,0,1.90759766489712,0,0,0,0,0,6.20987101309368,0,0,4.6783887046965,3.51508369345094,4.83081478517122,3.21682708013715,2.2633343906132,0,0.810439865824014,0.79285112658334,0,0.93321944612647,0,0,0,2.11676599973804,0,0,0,0,4.88708590788662,0,NA,NA,NA,NA
"2776","55021",0,0,0,0,1.32008900177467,1.48487368848475,3.06996189590291,0,5.93022594298558,0,0.764821132049142,2.05090051828345,0,0.645657954638673,1.34583633315348,1.38076262674787,0,1.46299336523032,0,0,0,1.19870511800044,0,3.48158126395516,0,0,0,0,0,0,0,0,0,0,0,0,0,0,0,41.8730842198574,9.50319346591101,0,3.13125156731603,NA
"2777","55023",0,0,0,5.25744058045737,0,0,0,0,5.09017922955181,0,0,0,0,0,0,0,0,0,0,0,0,0,0,0,0,0,0,0,0,0,41.9273073131715,9.50379865621401,4.20373720106019,NA,NA,NA,NA,NA,NA,NA,NA,NA,NA,NA
"2778","55025",1.73804081390689,0.225416992822939,1.37079958144582,3.22180299787167,1.3943945873091,0.714991645326758,0.528611242455945,0.434671560713845,1.11567791249172,0.0548873385209439,1.39651963671527,0.915138642667688,1.15745740776973,0.758649319899179,0.491218595979719,0.148069017256287,1.13153641973662,0.357261510075261,0.603596808683924,1.55670194302428,0.818636254425021,0.720722044839637,0.494654114542089,0.904547584582428,0.138299076003753,1.06572080987463,0,0.587927687459364,0.682252810873792,4.30135420051954,0.858058869749699,0.192902232870145,1.43952870349567,1.02677158168208,0.673813083468087,1.19052857061025,0.862236707347964,1.21950004033517,0.69966917996873,0.358772726775362,0.571460921759766,0.62428786417478,1.14486258630697,NA
"2779","55027",0,3.45810439938785,0,5.58735666201947,0,2.38282567810119,0,1.95914046263279,2.65514279612107,0,0.76241990360487,0,0,1.01055062823145,0,0,1.96885120325801,4.15779508383848,0,1.63238918799461,0,0,0,0,2.63321985100655,0,0,0,0,5.31600081459676,0,4.21794270000517,5.87639902928419,9.50881955608996,0.909411877503621,1.30190588640064,0.538837626445052,0,1.57231612146816,1.09166226307968,0,0.632328199925551,NA,NA
"2780","55029",0,6.38923392032348,0,0,5.59778787680967,0,5.34226031882202,0,1.16500021169311,0,1.09385938042444,0,0,0,0,0,0,0,0,0,0,0,0,0,41.5064733897079,0,0,9.49881276452472,0,0,0,4.36337160471814,1.89531010864685,0,NA,NA,NA,NA,NA,NA,NA,NA,NA,NA
"2781","55031",9.50379865884122,7.64133496367432,0,0,1.50912276978865,1.43201877814665,0,0,0,2.12544398815805,0,0,0,0,0,0,0,0,0,0,0,0,0,0,0,0,41.9215111224769,0,0,0,0,5.86216022437855,0,0,0,0,0,0,0,0,0,0,0,NA
"2782","55033",0,0,0,0,5.8621602337794,0,4.26509821608114,0,0,0,0,7.28614470799248,0,0,0,0,0,7.11304256788353,2.9000525972685,2.1438466370689,0,0,0,0,0,0,0,0,0,0,0,0,0,0,0,0,0,0,0,0,41.9273032073705,15.4952408420652,0,NA
"2783","55035",0,0,1.48095220197864,1.29761543668834,1.21238181013621,0,3.54941405190427,0,1.05035303593723,1.01797160747646,1.9574357050499,1.80836718566607,0,3.84027751297606,0,0,0,0,0,0,0,0,0,0,18.8411351557828,0,0,0,0,0,7.27193865075846,0,0,4.70434033494471,3.51939385825123,0,4.35759870745261,0,1.53834713657761,0,7.38323174955777,1.78063228811458,3.23173122516547,NA
"2784","55037",9.50379865884122,0,0,0,0,0,0,0,0,0,0,0,0,0,0,0,0,0,0,0,0,0,0,0,0,0,0,0,0,NA,NA,NA,NA,NA,NA,NA,NA,NA,NA,NA,NA,NA,NA,NA
"2785","55039",0,0.921531020579531,0,0,0.370740777741907,0.877138541966238,0,0.694331729425735,0.856819882026485,1.92807869985768,3.63743659695005,1.5016949093311,0,6.67121725078099,0,0.327634817241165,0,1.61699001056564,1.01133634656917,0,0.788689828291239,1.28280310298144,0.898781107021209,0,0,1.19169745463707,0.678451202738756,0,2.60273999938936,0,0,1.01001559359314,1.0863578899662,0,2.53045911634983,0,0,0,0,4.1304694532914,3.86217338161942,0,2.65765604059388,NA
"2786","55043",0,0,0,0,0,7.2728236210439,0,0,0,0,0,7.16293998229991,0,0,4.70297554616367,0,3.2394013984772,2.60534716276508,0,3.71934928549935,0,2.79078938037632,3.43493680264273,1.80273496955349,2.15789716368132,2.84682946783754,0,0.864439955499346,0.425580512971654,0.449073108221153,0.499907802944696,1.13524361032912,0.634437287828267,0.696701929861476,2.17427952528522,1.38934976982061,2.49139276840053,1.07681003415033,2.32011386851006,0,NA,NA,NA,NA
"2787","55045",0,0,0,0,10.2861407168863,3.33068278606392,0,1.88762681405203,1.59578334984484,1.40791161326721,0,1.32036001782307,0,1.46461016070013,0,0,0,0,0,0,0,0,0,0,0,0,0,0,0,0,0,41.9261552179351,0,6.38923322313373,0,0,0,0,4.02360274335393,3.75339185483894,0,4.95869588259709,1.827773985342,NA
"2788","55047",0,0,0,0,0,0,0,0,0,0,0,0,0,41.5359066678638,0,0,0,5.25742293011903,0,0,6.93247817703395,NA,NA,NA,NA,NA,NA,NA,NA,NA,NA,NA,NA,NA,NA,NA,NA,NA,NA,NA,NA,NA,NA,NA
"2789","55049",15.495240879053,0,0,0,0,0,0,0,0,0,0,0,0,39.16420142687,0,0,0,0,5.86211256757053,0,0,0,0,5.46004999969766,0,0,0,4.62315448340151,0,0,0,0,0,0,0,0,0,0,0,0,0,NA,NA,NA
"2790","55051",0,0,0,0,0,0,0,0,0,0,0,0,0,0,41.8189999421519,0,0,0,0,0,0,0,0,0,0,0,0,0,0,0,0,0,0,0,0,0,0,0,NA,NA,NA,NA,NA,NA
"2791","55053",0,0,0,0,0,3.98175475735187,3.82970248236139,0,0,7.04420987181384,4.6900711406299,0,0,0,0,0,1.6216554478534,0,0,3.30082644329349,0,0,0,0,0,0,0,0,0,0,0,38.4291916850874,0,0,0,NA,NA,NA,NA,NA,NA,NA,NA,NA
"2792","55055",0,6.38923392032348,1.95203238713263,0,1.2891946516952,2.34762208072588,0,2.11636144421905,1.00007211346252,0.954034005937868,0,0.987624286293733,0,1.20772947718293,0,1.55918412753777,0,6.53953796168654,2.46382169209646,0.93672710700211,0.780247400783733,0.711191499046943,0,0,0,3.49108457498454,0,5.8089689134015,0,0,2.17852862906523,1.34496614406672,0.640581205075981,0.635628843258179,0,0,2.54033166223482,2.58831730719458,0,0.77764983806703,0,0,0,NA
"2793","55057",9.50379865884122,0,3.13125374550534,0,0,2.23673333972869,0,0,0,3.26169981895516,0,0,0,0,0,0,9.30323191373082,6.45355651583354,0,0,0,0,9.01803088769486,0,0,0,1.78140191922957,0,0,2.3619419955636,0,2.62365236613406,0,2.39705616562439,5.80951593785754,0,1.21564903349692,0,0,NA,NA,NA,NA,NA
"2794","55059",2.32178982821869,0.660844105311043,0.500244585198454,2.15281530785734,1.53975013514103,0.360777554662077,1.74497129939784,0.340323066687756,2.31864520076581,4.79364127811027,2.73068293953305,2.18048239619958,0,1.89659000623724,0.619712101308316,0.810413319877555,1.51985054074129,0.806631153510932,1.20267804845133,1.55862379212954,0.93055639843099,0.810039799977242,0.360317674466402,1.65582875165687,0.375318372076644,0.974336868792903,1.78033578055173,1.15479418082265,0.833793095094167,0.635567020575749,1.26787941650636,1.43199102222171,1.71663546701395,1.20025581566644,0.75110582714321,0.0739366867795338,0.62037665747389,1.25496123747125,2.42006817022237,6.22244713658606,2.24496294701234,0.500871360903732,0.396406630085555,NA
"2795","55061",0,0,0,0,0,12.3954918704862,3.78015714040949,0,1.96819529685837,1.63040841969686,2.75100367889929,0,0,0,0,0,4.71739267015804,0,2.34581164106695,0,0,2.02431784968904,5.43707456930808,0,0,2.40259699878606,3.14857337971858,3.3459796742676,NA,NA,NA,NA,NA,NA,NA,NA,NA,NA,NA,NA,NA,NA,NA,NA
"2796","55063",0,0,5.35623193094833,1.55480845110359,1.24422333627261,0.545139976051741,0,0.559791263176178,1.82977690257237,0,0,0,0,2.65132182978315,1.47442810377981,0,0,1.62888929394959,3.15750314059201,0,0,0,0,0,0,0,0,0,0,27.0654797863678,0,0,0,5.2536065720073,0,0,3.77860827605621,0,3.03841232159845,0,2.46144965896719,0,4.10705092851182,NA
"2797","55065",0,6.38923392032348,0,3.09723040497987,0,0,0,0,0,0,0,0,0,0,33.2345046272434,0,0,0,0,0,0,0,0,27.1839658546783,0,0,0,NA,NA,NA,NA,NA,NA,NA,NA,NA,NA,NA,NA,NA,NA,NA,NA,NA
"2798","55069",0,0,0,NA,NA,NA,NA,NA,NA,NA,NA,NA,NA,NA,NA,NA,NA,NA,NA,NA,NA,NA,NA,NA,NA,NA,NA,NA,NA,NA,NA,NA,NA,NA,NA,NA,NA,NA,NA,NA,NA,NA,NA,NA
"2799","55071",15.495240879053,0,0,0,1.98689756136669,0,0,0,0,4.2572970662783,0,4.04096254304633,0,2.85369414849085,0,2.26191739332553,0,0,0,5.15614136521884,0,2.15027914166014,1.84872738105425,0,0,0,0,4.93159840128888,0,2.27248307514691,NA,NA,NA,NA,NA,NA,NA,NA,NA,NA,NA,NA,NA,NA
"2800","55073",0,0,0,0,0,0,0,14.0040270250776,7.62821650343069,7.29135874979962,5.6048500544341,1.15660509817661,0,2.33267661508898,0,0,0,0,0,1.91333931889248,0,3.0006314578792,0,0,0,5.97948530389869,2.4179383512242,0,0,0,0,0,0,5.01888948481934,0,0,0,0,5.74197010072243,0,4.25876973687073,0,0,NA
"2801","55075",0,0,0,0,5.8621602337794,0,0,0,0,5.46005000151352,0,0,0,0,0,0,0,13.862386040284,0,0,0,5.19968839942429,0,0,3.77774607362792,0,5.66615064923463,0,0,0,0,0,0,4.81365867241709,8.42170692158044,0,2.08628710623501,0,NA,NA,NA,NA,NA,NA
"2802","55077",0,0,0,0,0,0,0,0,0,0,0,0,0,0,0,41.8742048523917,0,0,0,0,0,0,0,0,0,0,0,0,0,0,0,0,0,0,0,NA,NA,NA,NA,NA,NA,NA,NA,NA
"2803","55078",0,0,0,0,0,0,0,0,0,0,0,0,0,0,0,0,0,0,0,0,0,0,0,0,0,0,0,0,0,0,0,0,NA,NA,NA,NA,NA,NA,NA,NA,NA,NA,NA,NA
"2804","55079",1.4347100584843,1.4517083972333,2.17587165801624,0.475878134161328,1.25708250575237,2.36448564336007,1.07880095592381,0.172645448856193,1.43307873340591,1.06219974531502,1.32833768821681,2.18012757014211,0,2.10818630928211,0.782535866141273,0.767368455523072,1.05448959547322,0.776210827944274,1.05861911444989,0.924640013623048,0.69188054737286,0.418276518351745,0.70597127342848,1.09665901551941,1.18799924390676,1.04259276817511,0.825629499838787,1.33841094734578,0.637137596734567,0.6748936136584,1.12689701510946,1.27657266053171,0.806048569854751,1.53216933292081,1.6178986724605,0.660207835844237,0.683676813463601,1.312611436693,1.72205406239435,1.35811155576344,1.25596092814863,1.1044551520822,0.566757787640383,NA
"2805","55081",0,0,0,0,0,7.2728236210439,0,4.90026697475059,0,0,7.76031095370667,1.81793677207734,0,0,1.26638914811499,2.51329752071666,0,0,0,0,3.85230844601344,3.67086594296308,1.49877852876676,0,0,0,0,0,2.56281215728802,0,0,0,0,0,0,0,0,0,0,0,NA,NA,NA,NA
"2806","55083",0,0,0,0,0,0,0,0,27.1839721648764,0,0,0,0,3.14915891348365,0,0,0,0,0,6.73883975601366,0,0,0,0,5.6797696894803,4.52520730572096,3.15894154069911,0,0,3.72982726186615,5.79430767750324,1.04701420095297,2.40163419030384,0,NA,NA,NA,NA,NA,NA,NA,NA,NA,NA
"2807","55085",0,11.0886817491692,0,0,0,0,0,0,0,12.8717531990593,0,0,0,0,3.13636841777315,0,0,0,0,0,0,0,0,0,0,0,0,0,0,0,0,0,0,0,0,0,0,NA,NA,NA,NA,NA,NA,NA
"2808","55087",0,0,5.35623193094833,0,0,0,3.72919312407338,4.8163603821833,3.48826954804037,0,1.45671381796722,3.08825875076557,0,1.00750779821641,0.498061675510642,1.52034048047035,0,0.565658037485184,1.82434516947546,0,0,0,0,2.47689136023524,0,0,3.55750810222073,3.12051825614501,0,0,2.30078438879245,1.09848013520237,4.81138106148419,0,2.01021370350937,0.590628728355807,1.63483559171007,1.99959265585917,0,3.46124776964247,0.384076933227556,1.74311311849481,1.57100084241795,NA
"2809","55089",0.924501125683883,1.07893245253775,1.59500751574008,0.674768179735615,2.43620193400772,0.834238869660246,0.26732109401654,0.544517350061347,1.96101219431283,0.841360705824141,0.284148804575819,0.884588175935564,0,2.04094117707422,2.05103714041653,1.2811981886791,1.17143961021963,0.274624635451178,0,0.30430783291682,0,0,0.639897199310806,3.34000881164788,0,0.927267962727626,0.895998372354061,0,0.939541065525133,0,0,0,0,5.32060302058642,6.73647430839195,1.51779369429681,0,0,1.96319066759043,0,1.06933787859006,3.25368320562101,1.94213960671646,NA
"2810","55091",0,NA,NA,NA,NA,NA,NA,NA,NA,NA,NA,NA,NA,NA,NA,NA,NA,NA,NA,NA,NA,NA,NA,NA,NA,NA,NA,NA,NA,NA,NA,NA,NA,NA,NA,NA,NA,NA,NA,NA,NA,NA,NA,NA
"2811","55093",15.495240879053,0,0,0,1.98689756136669,0,0,4.83089162793084,2.11000381708992,0,0,0,0,0,0,0,0,0,0,0,0,0,0,0,0,0,0,0,0,41.9273028283762,0,0,0,0,5.86216023377876,0,0,4.2688406547888,0,0,0,0,0,NA
"2812","55095",0,11.0886817491692,0,0,0,0,2.52992741322592,0,0,0,0,0,0,0,0,0,0,0,0,0,0,0,0,0,NA,NA,NA,NA,NA,NA,NA,NA,NA,NA,NA,NA,NA,NA,NA,NA,NA,NA,NA,NA
"2813","55097",0,0,0,0,0,0,9.82330751988082,6.54543167428919,0,0,0,2.94941143186779,0,0,0,0,0,0,0,0,0,0,0,0,0,0,0,0,0,0,0,0,0,41.9273073131422,0,0,5.35623193094181,0,3.2976303071382,NA,NA,NA,NA,NA
"2814","55099",0,0,0,0,0,0,0,0,0,0,0,0,0,0,0,0,0,0,0,0,0,0,0,NA,NA,NA,NA,NA,NA,NA,NA,NA,NA,NA,NA,NA,NA,NA,NA,NA,NA,NA,NA,NA
"2815","55101",2.86260695800588,0,2.40455559658147,0.985355415805464,0.889805612695927,5.35164970942196,0.607126398572259,2.00374634264085,2.07575847441878,0.713027201956225,2.21591808095274,1.67080573725574,0,3.07419487859113,0.638869212167993,1.75135756022522,0,3.10452809267759,2.40132378701531,0.644865533543422,1.38089796272133,0,1.92117463986147,0.319043414481746,0.552476235044615,1.61645674888385,0.823740265654652,0.481102204700785,0.749822316423474,1.42327922023611,1.676360340048,2.05483900715704,1.50858037583441,2.41094004316971,1.18250018211522,0.213228947493328,2.32848942556502,0.561449647855644,2.23219959151365,2.00305741365057,0.704304394113564,1.1663468700066,0.899972620575674,NA
"2816","55103",0,0,0,0,0,0,0,8.40581537701601,0,0,0,0,5.81248189769313,4.55959009291392,0,0,2.63899608010882,2.32085398375989,0,1.94906885215868,0,0,0,0,3.29325488986996,3.38827113531671,0,0,2.58692564756215,0,0,0,3.15938043079621,0,0,3.53765952589927,0,NA,NA,NA,NA,NA,NA,NA
"2817","55105",0,0,1.95162457285785,5.91855234967031,4.02515259030198,0,1.22703790509121,0.557783118483481,0.55121648374577,0.581143947944707,1.25978308208146,0.677439580150317,0,5.74854647138114,3.33814073747617,1.24854528662468,0,3.01683143107818,1.05485616506838,0.486659333755308,0.714473254485936,0.967226585185746,0,0.845273360117206,0.318087417203171,0,2.16628060770655,2.68209751023247,2.38457919718597,1.00177563651831,0.873084817769108,3.28471971237116,4.15984113070598,4.31307924630912,0,1.1128740587195,1.08327316496904,0.374959870864474,1.15146144462523,1.8689557515882,1.57680328425689,1.32296956301441,1.70190060590793,NA
"2818","55107",0,11.0886817491692,0,0,0,0,0,0,0,0,0,0,0,0,39.4157904737914,0,0,0,0,0,0,0,0,0,0,0,0,0,0,0,0,NA,NA,NA,NA,NA,NA,NA,NA,NA,NA,NA,NA,NA
"2819","55109",5.3593048205652,2.69871990544466,0,0,0,0,0,0,4.97269373920032,4.9073655781236,0,2.92748551561146,0,0,0,0,0,0,0,11.1832566593195,7.21244042945395,3.94812482652033,0,0,1.99762329882492,0,0,0,0,0,5.5132862401078,4.91910814054924,0,0,0,0,0,0,15.2063242227012,0,0,3.60842571697281,2.78913883548631,NA
"2820","55111",5.3593048205652,2.69871990544466,3.40466336562829,1.22727532956394,1.00682727081884,2.60492251852743,0.761927214817204,0.70791887444794,0,0.750040951564696,1.62006449047051,1.67138276501343,0,0,0,2.20269407370134,0,1.34163536142246,5.06704359226665,0,0.913832378874141,0,1.71769894711849,2.50257911815372,0,0,0.84323770583033,0.912400735412358,0.989995918742675,0,2.32455806910085,1.15531849819326,1.10729707287339,0,2.13692073816627,2.01541200068668,1.81028563325419,0,0.797048689210661,8.50288638240719,2.62159236344394,0.319842432400661,0.271340458386173,NA
"2821","55113",0,0,0,0,5.8621602337794,0,0,0,0,0,0,0,0,0,0,0,38.5157554461991,0,0,0,0,0,0,0,14.0040237299224,NA,NA,NA,NA,NA,NA,NA,NA,NA,NA,NA,NA,NA,NA,NA,NA,NA,NA,NA
"2822","55115",9.50379865884122,4.20373720110854,0,2.05881324952678,1.72069865782999,0,0,0,2.04784720459433,0,0,0,0,0,0,0,0,0,33.0277708821392,0,0,0,0,5.86109685444959,0,9.25106883537858,1.17438085808013,0,0,NA,NA,NA,NA,NA,NA,NA,NA,NA,NA,NA,NA,NA,NA,NA
"2823","55117",0,0,0.999064419386289,0,0,1.15130090278455,0,0,5.96096357787291,1.70171368061943,4.989155736271,3.34934323021519,0,0.535674675870706,0,4.59053495722754,0.904681778760297,0,0.80265999897753,0.408833441601901,0,1.02760863061748,0,0.736790039699311,0,1.0789148902226,1.23487724465232,1.31403958273981,3.69041139879059,0,0.963259199091778,0,0.969071355432459,0,1.21626770019472,1.35644834157446,0,0,1.78475162698681,3.53729399970583,2.98083079691239,1.19023914428628,0.996483411896333,NA
"2824","55121",0,0,0,0,0,0,0,0,0,0,0,0,0,0,0,0,0,0,0,0,0,41.9273073131734,0,0,0,0,0,7.2728236210439,0,0,0,4.93170705200987,NA,NA,NA,NA,NA,NA,NA,NA,NA,NA,NA,NA
"2825","55123",0,0,0,0,0,0,0,0,0,27.462168420246,NA,NA,NA,NA,NA,NA,NA,NA,NA,NA,NA,NA,NA,NA,NA,NA,NA,NA,NA,NA,NA,NA,NA,NA,NA,NA,NA,NA,NA,NA,NA,NA,NA,NA
"2826","55125",9.50379865884122,0,0,2.83242606908575,0,0,0,0,0,5.68400580934602,0,0,0,0,0,0,0,0,0,0,0,0,0,0,0,0,0,0,0,0,0,0,0,0,0,0,0,0,0,NA,NA,NA,NA,NA
"2827","55127",0,2.3705768629988,1.68417106865375,0,0,1.44092976518477,0,0,0,12.6942605629351,3.76751798336235,0,0,3.00893019447356,0,0.548602379758576,0,4.23530797054532,3.62372214886393,0,0.734434464900288,0.348254547995527,2.39455916282757,1.30721693230259,5.99501306633826,0.813358708122533,2.22538931564828,0,0,0.538968654211359,0.610437012688084,1.06677177155148,2.53286034359583,3.4130158552044,0.450776588287555,0.397923106560108,0.127907796990415,2.19988475615219,0.650419412990873,1.31113292255623,1.53660895060712,1.67718785926961,1.5202349773073,NA
"2828","55129",0,0,0,0,0,0,0,0,0,0,0,0,0,0,0,0,0,0,NA,NA,NA,NA,NA,NA,NA,NA,NA,NA,NA,NA,NA,NA,NA,NA,NA,NA,NA,NA,NA,NA,NA,NA,NA,NA
"2829","55131",0.859819552630455,1.00687360112998,1.49774994017331,1.25863806116507,0.579681488717716,1.13937592909362,0,0.951986933289217,2.01443979759299,1.33166748391597,0.642152046123101,1.83097032432521,0,1.44935694465181,0,0.636782423397403,1.38655744302636,0,1.63458050733659,1.66619991215647,0,0.839775002508377,0,2.35616365758343,0.482553961027045,0.984160753071619,0.50145619947456,1.03238307782827,1.05893652601631,0.545539103693153,0.573900154844644,1.21457656400839,0.637138800844803,0.672205117763432,0,1.59384068542873,1.66539126978249,0.829031207602021,0.815609633850177,0.807842298472755,0.814181694075839,0.836142429612945,2.50526617005458,NA
"2830","55133",0.405686225724308,0,2.08315595326971,2.19349564156603,0.68623588790825,1.39700905548241,1.3122405713329,1.12932650201241,0.868149827831128,0.643303832748779,1.39925111306544,2.18885704154758,0,1.26524779304422,0.581142803818351,0.598439245755188,0,2.12427480737739,1.10282877580075,0.981215827205364,0.962771234697127,1.05745298280859,0.696369055457758,1.61370508485089,0.793781868702354,1.12089864251077,0.448473008448322,0.693586178779489,0.490791599398744,0.669705574988219,0.594844714769738,0.335551086342124,1.68301200657701,1.9258050040045,1.45974906452724,1.00415490619601,1.23437370541216,1.1540509790681,0.964980336231323,1.84713721188858,0.751375738947398,0.49010019885173,0.86847602334865,NA
"2831","55135",0,0,0,0,0,7.2728236210439,0,0,0,0,0,0,0,13.960088798881,0,0,5.20428485294137,0,0,0,0,0,0,0,0,0,26.9231789655473,9.01766218202106,4.16571826831879,0,0,0,0,2.76102625828844,0,6.02880888164008,0,0,0,NA,NA,NA,NA,NA
"2832","55137",0,0,5.35623193094833,0,0,0,0,0,0,0,0,0,0,0,0,0,0,0,0,0,0,0,0,0,0,0,0,0,NA,NA,NA,NA,NA,NA,NA,NA,NA,NA,NA,NA,NA,NA,NA,NA
"2833","55139",0,0,0,1.16872963603358,0,1.3797858306539,1.52019994685229,3.00356076798729,1.31892710170773,7.66895345133833,3.03609790750151,0,0,0,1.63279396780634,0,0,0.664796162005986,0,0,2.57934166544288,0,2.99969047506311,2.63571187103833,1.09353202225687,1.84613567299753,3.05129437059449,1.84867522654073,0,0,1.06060829468539,1.68205542778607,0,1.26374456117882,0,0,0,3.10524097999798,2.12571904438909,7.45720706939021,2.67763140769594,0.76396151022803,0.934956047614352,NA
"2834","55141",0,0,0,0,5.8621602337794,0,0,0,0,0,0,0,0,0,0,0,0,0,0,0,0,0,0,0,0,0,0,0,0,0,0,0,0,0,0,0,0,0,0,0,0,0,0,NA
"2835","56001",0,0,0,0,0,0,15.9172924009947,0,3.17413031513945,0,0,0,0,0,0,0,10.3587032767569,0,0,0,0,0,7.25936076537146,0,0,0,0,0,0,0,0,0,27.4507676437072,9.0357066067375,0,0,0,0,0,0,NA,NA,NA,NA
"2836","56003",0,0,0,0,0,0,0,0,27.1839721648764,0,0,0,0,0,0,0,8.40558253769246,0,0,0,0,0,NA,NA,NA,NA,NA,NA,NA,NA,NA,NA,NA,NA,NA,NA,NA,NA,NA,NA,NA,NA,NA,NA
"2837","56005",0,0,0,0,0,0,0,0,20.1118374377734,14.120821935637,5.73801976448031,0,1.27884468398991,0,2.17331203157774,0,0,0,0,3.98855367516142,0,0,4.10698256046246,0,0,0,0,0,0,16.6443204075989,0,0,2.25092206204614,2.78443702625956,0,0,0,0,1.21841839513662,0,0,0,0,NA
"2838","56007",0,6.38923392032348,3.73038711983005,0,0,0,0,0,0,0,0,0,23.4794887462781,0,0,0,0,0,0,0,0,0,0,0,0,0,0,0,0,0,0,0,0,0,41.9273075536028,0,0,0,0,3.15138939200098,0,0,0,NA
"2839","56009",0,0,0,5.25744058045737,0,3.70150115844827,0,0,2.78315587580183,0,0,0,0,7.84987003964262,5.62635189432528,0,0,0,0,0,0,3.62837054098252,0,17.0117258503673,1.40655584483821,0,0,0,0,1.1108878899128,5.10193486586452,1.16569616983354,0,0,0.957089554954081,0,0,NA,NA,NA,NA,NA,NA,NA
"2840","56011",0,0,9.4989667055933,0,0,0,0,0,3.6098905361229,0,0,0,0,0,7.053252962876,0,0,0,0,0,0,0,0,0,0,0,0,0,NA,NA,NA,NA,NA,NA,NA,NA,NA,NA,NA,NA,NA,NA,NA,NA
"2841","56013",0,0,1.7646762981845,0.517727025108617,1.48643045490894,1.446939075442,1.39208244055766,0.447102351869402,0.446985851905378,0,0.533426964142823,0.626692704834745,5.88201510818949,0.556372242607462,0.478388938792553,0,0,0,0,0.934735714626034,1.30375725728213,1.6248670548849,1.68031444287049,0,1.49160176801981,2.72826689071676,2.34541030190409,1.94926025823198,1.62170698351535,4.47510446144443,0,0.877403091132373,4.83179229721607,3.09323744867189,1.69885086028675,2.48031026835048,0.409179097641266,0.125768239078866,0.762732178192087,0.545135023803026,1.20188869726346,0.494517905715943,1.07144701336228,NA
"2842","56015",0,0,0,0,0,0,9.82330751988082,0,0,5.01853497278549,0,0,0,0,0,0,0,0,0,0,0,0,0,0,41.8178832291053,0,0,0,0,0,0,0,0,0,0,0,0,0,NA,NA,NA,NA,NA,NA
"2843","56017",0,0,0,0,0,0,0,0,0,33.1870148289224,0,0,0,0,0,0,0,0,0,0,0,0,0,NA,NA,NA,NA,NA,NA,NA,NA,NA,NA,NA,NA,NA,NA,NA,NA,NA,NA,NA,NA,NA
"2844","56019",19.617755579559,2.49610527937395,0,0,2.33548974128122,0,1.16986351475098,0,0,0,0,0,0,0,10.2041969804137,7.02184404663152,3.92502367447221,0,0,0,0,0,0,0,0,28.7180825388266,0,0,0,0,0,0,0,0,0,0,0,0,0,NA,NA,NA,NA,NA
"2845","56021",0,1.21977147106955,3.46662762377172,1.9635680770807,1.58766326808154,0.913479599633529,0,0.441946780822772,0.960705593494612,3.48095370310898,3.06780526405652,0.36408058420045,1.56991018994722,0.284853969717393,0.282201381550068,0.897307560967309,0.330630009185896,1.83464463693556,0.390909469295363,1.61133272731851,0,0.839382885092939,0.880501729590846,0.929635972530944,1.4477818458286,0.970214467728942,0.485856746627611,0.49886245579213,1.04651228420817,13.9113676059559,0.857307036734083,0.455383506300375,0.381943015695282,0.485252487416215,0.128377043621088,0.445099824970332,1.07104234576242,1.04974665866627,1.38090003212311,0.472149331555843,0.950212608275056,0.718102947426961,0.979332586580814,NA
"2846","56023",0,6.38923392032348,6.85120391027542,0,0,0,0,2.08975516595268,0,0,0,0,0,0,0,0,0,37.0009105736322,0,0,0,0,0,0,0,0,0,0,0,0,0,NA,NA,NA,NA,NA,NA,NA,NA,NA,NA,NA,NA,NA
"2847","56025",0,6.38923392032348,6.85120391027542,3.92572168082935,2.54663682068647,0,0,1.72297550312389,1.7127141877406,2.42640276253948,2.77747291771093,1.14481849297989,0.983296078847481,0,0.922266557224092,0.490027584719506,0,0.650892911483591,0,4.46747486028654,0.842640605069238,0,0.747513571805571,0,2.41937968665196,0.820341747973394,0,0,0,9.86030090417987,0,0.574686631826066,0,0,0,0,0,0,0,0,0,0,0,NA
"2848","56027",0,0,0,0,0,0,0,0,0,0,34.1314925026599,0,0,0,0,0,0,0,0,0,0,0,0,0,NA,NA,NA,NA,NA,NA,NA,NA,NA,NA,NA,NA,NA,NA,NA,NA,NA,NA,NA,NA
"2849","56029",0,0,0,0,0,0,0,0,0,0,0,0,0,0,0,0,0,0,0,0,0,0,0,0,0,0,0,0,0,0,0,0,0,0,0,0,0,0,0,0,0,0,0,NA
"2850","56033",0,0,0,0,1.63722417609767,1.78631850120743,0,3.7492458722623,3.10979010588644,0,0,0,1.28459898761915,1.42793340340341,0,0,0,0,0,0,0,0,0,0,0,0,0,0,0,41.9192125813267,0,0,0,0,0,0,0,0,0,0,0,0,0,NA
"2851","56035",0,0,0,0,0,0,0,0,0,0,0,0,0,0,0,0,0,0,0,0,0,0,0,41.9273077916276,0,0,0,0,0,0,0,0,0,0,0,0,0,NA,NA,NA,NA,NA,NA,NA
"2852","56037",0,0,0,0,0,7.2728236210439,0,4.90026697475059,0,2.98122992004889,2.37952965105522,0,0,1.94369662530163,0,0,2.44131211699174,0,4.91758139568434,0,1.81067304744522,0,0,0,0,0,16.4303843239901,0,0,0,0,0,0,0,3.23154185448901,3.83852846105035,0,0,0,0,NA,NA,NA,NA
"2853","56039",0,0,7.55196450982824,3.20243856747191,3.24061581711209,2.31334078560732,0.607309247773466,1.06177819766879,1.93744895607089,2.58365152951724,1.12229906252037,1.00193461859792,1.22905543748682,0.873086942570119,0.289241207685009,0.305903970287,1.01087398934439,0.376957839640416,2.06557116378722,1.25589533766761,1.20787886534832,0,0.398199839861714,0.431583196144785,0.49199863097623,1.14360343144437,0.651259881682972,0,0,17.6824486773093,0.309596728474529,0,0.368251089781869,0,0,0,0.352705474101964,0,0,0,2.16599799948133,2.6844128509173,0,NA
"2854","56041",0,6.38923392032348,0,3.09723040497987,0,0,0,2.84566894721925,0,0,0,0,0,0,15.1643914516042,0,0,0,2.76185672401515,0,0,0,0,0,0,8.87353588738043,0,0,0,0,0,0,NA,NA,NA,NA,NA,NA,NA,NA,NA,NA,NA,NA
"2855","56043",0,0,0,0,0,0,9.82330751988082,0,9.69766332999161,0,0,2.00646040724258,0,0,0,0,0,0,0,12.0435010495025,0,0,0,0,13.695687376697,0,0,0,0,0,0,0,0,0,0,0,0,0,NA,NA,NA,NA,NA,NA
"2856","66999",0.890987986579655,0.786126439698395,0.994910977890379,1.3762381262889,0.961465600748211,0.632893476055286,0.165235746731341,0.364816316347318,2.21021930391091,1.63518408427333,0.980089825175181,0.375639852173934,1.64003583965658,3.16546158686768,0.147360711112953,1.09333941463759,0,0.972207090989323,0.300574982766276,0.509113299840095,0,0,0,0.854627230907964,0,0.785904025990028,0,0,0,0,0,10.3515803869573,4.71030706983387,0,0,0,0,0,7.17624488886436,0,0,0,0,NA
"2857","69999",15.495240879053,0,2.21227495849444,0,0,0,0,3.88637268234677,0,0,0,0,0,0,6.97382979799423,0,0,2.58149253564775,0,0,0,0,0,0,0,0,0,0,0,0,0,0,0,0,NA,NA,NA,NA,NA,NA,NA,NA,NA,NA
"2858","72999",3.87912100469163,2.05496741110332,2.0891485821665,1.73871911921214,1.66369923269549,1.99642184007605,2.18945562342439,3.11327698558102,3.29245160147316,1.80590467236176,0.934249037981496,0,3.5260446574441,0.535553871703501,0.828270180333415,1.2539245170944,0.95349180145952,1.25226285939196,0.822264430641945,1.22213343278922,2.03467452009897,0.106567266198944,0.356120949306482,0.948653614857747,1.34832192504049,0.510384451465193,1.06691047483654,2.03066953747625,0.797436467810524,0.902601289316266,0,3.18330178585023,0,0.569866937381135,1.19429326474503,0.346603901829768,0.228300498943228,0.76626190235822,2.65509401835078,0.891114044509266,3.99768799264151,0.912559715836829,0.539216157148676,NA
"2859","78999",1.9528485272007,8.96175218688912,0,0,0.734499625642865,1.10032380154664,0.387301296099275,2.83197459642876,0,0,0,3.30383205480077,1.38130892233937,0.865233837407113,0.411805786499367,0,0.890018073419261,0,2.81865555376024,0.583611125853296,0,0,0,0,0,0,5.08600152831642,0,0,0,2.68074598052496,0,0,2.91430851490844,5.11926812223348,0,0,0,12.0662895052589,0,0,0,0,NA
"2860","80013",0.330029669790793,0.265905481775479,0.638248129797147,0.283362762343809,0.448097665053339,0.790231042282359,0.212327764429751,0.444353067976211,0,0,1.91348878895125,0.910715497244469,0.160982664728479,0,1.77047781432459,0,4.37347335866469,0,0,1.0475699823799,NA,NA,NA,NA,NA,NA,NA,NA,NA,NA,NA,NA,NA,NA,NA,NA,NA,NA,NA,NA,NA,NA,NA,NA
"2861","80015",0,0,0,0,0,0,0,0,0,0,37.6298754659942,0,0,0,0,0,0,0,0,7.85327159155125,0,0,0,5.17805911420787,3.95483791445889,0,0,0,0,NA,NA,NA,NA,NA,NA,NA,NA,NA,NA,NA,NA,NA,NA,NA
"2862","80026",0,0.135786392777439,0.0731943444478216,0,0,0,0.145349160467652,0,0.972700284698842,2.41884302405568,0,2.8577664283427,3.19985491123908,0,0,1.71369320937319,0.435717213726195,0.916655612784555,NA,NA,NA,NA,NA,NA,NA,NA,NA,NA,NA,NA,NA,NA,NA,NA,NA,NA,NA,NA,NA,NA,NA,NA,NA,NA
"2863","80040",0,0,0,0,0,0,NA,NA,NA,NA,NA,NA,NA,NA,NA,NA,NA,NA,NA,NA,NA,NA,NA,NA,NA,NA,NA,NA,NA,NA,NA,NA,NA,NA,NA,NA,NA,NA,NA,NA,NA,NA,NA,NA
"2864","80047",0.351054325894735,0.272551910490923,0.360657543060218,0,0,0,0.503376147740914,0,4.00382625951531,2.23095419490701,0,0,0,1.5837524017385,0.352172332044471,4.05140843884795,0.754905128350248,2.59401404864947,NA,NA,NA,NA,NA,NA,NA,NA,NA,NA,NA,NA,NA,NA,NA,NA,NA,NA,NA,NA,NA,NA,NA,NA,NA,NA
"2865","90049",0.933277070125618,0.551495765898973,NA,NA,NA,NA,NA,NA,NA,NA,NA,NA,NA,NA,NA,NA,NA,NA,NA,NA,NA,NA,NA,NA,NA,NA,NA,NA,NA,NA,NA,NA,NA,NA,NA,NA,NA,NA,NA,NA,NA,NA,NA,NA
"2866",NA,1.02349377100039,0.517642089452061,0.335804473648211,1.03725578105568,1.42917930452677,0.42337756316793,0.1292904229446,0,22.0617543062733,2.98536813734622,0,0,0.261321846319272,0.425027734357152,0.266062405624306,0,0,0,0,0.0608269217901611,0,11.605703574425,4.81471270905691,2.1565277735432,0,1.29920254200048,1.02682615639606,0.170376186220073,0.15337561063665,1.84229323197848,1.44218871749068,3.52284634539263,5.47165419088699,0.959266376684758,0.0728888797311574,0.22883569895083,0.360921675133936,2.79640476628771,2.67225157229453,1.33130127779385,2.75322132884627,0.166030176117624,0.21080435461042,NA
